 0
3.420338
3.125484
4.20351
3.399071
4.091198
5.192009
4.186523
4.017353
3.693501
3.544334
5.07584
4.202053
4.853287
4.950985
3.893539
3.504044
4.060452
4.242809
4.888103
2.769688
3.234051
3.982628
3.925995
2.523739
4.851109
4.147762
4.1604
4.761909
4.336235
3.900368
3.247211
4.391903
4.548397
4.935207
3.273827
4.043186
4.597454
4.974194
5.511829
3.805988
3.848537
4.246563
4.321758
4.495911
3.841904
4.284081
4.104549
4.039238
4.490295
4.008392
3.70652
3.907299
4.318321
4.788635
4.899055
4.436806
4.082355
4.366455
3.842239
4.698116
3.995472
4.47031
4.721722
4.342381
4.088779
4.727577
4.248409
4.203438
3.616432
4.745541
4.791393
4.287529
4.054203
4.933804
4.047592
4.211864
4.478516
3.039505
4.062977
3.728359
4.548409
5.179951
4.129322
3.753105
3.408386
3.935574
4.367039
4.017403
4.695179
4.731804
4.130287
3.629997
4.778706
3.753235
2.337067
4.213486
4.830311
4.275661
3.694988
4.302635
4.223637
3.808559
3.653671
4.0219
3.544888
4.121189
4.577354
4.18222
4.396996
4.204353
3.654621
3.984138
3.769478
3.804428
4.426018
4.598747
4.54039
5.233036
4.507526
4.121498
4.617592
4.314167
3.386021
2.794186
5.031658
3.947651
5.040379
4.813499
5.213623
4.202477
4.821304
3.978092
4.481907
3.206894
3.492844
4.501434
3.821339
4.848724
4.971191
4.11982
3.280899
4.351967
4.354771
4.620533
4.665222
4.897209
4.587563
4.050919
3.799881
4.932861
2.653297
2.822922
4.877708
4.435337
4.806507
4.448868
4.200428
4.090141
4.751732
4.526958
4.690117
4.295731
3.879803
4.454967
4.012524
3.885914
4.449726
4.07291
2.890091
4.66629
4.776821
3.961288
5.278648
3.059322
4.53194
4.019199
4.579372
5.537128
4.653973
4.092304
3.574512
3.538658
5.60968
4.820522
4.605606
4.016106
5.09341
4.238476
4.738396
4.835106
3.431129
4.712959
4.657967
4.543762
5.401684
5.131264
4.47868
4.323669
4.528461
3.441715
4.814392
4.439484
4.088783
3.758457
3.584461
4.06427
4.964886
4.962017
4.844749
4.259964
4.103428
4.220314
4.491657
4.580143
3.413586
4.638828
4.188774
4.079018
2.902508
4.469093
4.733788
3.58828
4.364853
4.603107
4.253216
4.235847
4.351974
4.905594
4.764076
3.197796
2.713013
4.693768
4.632187
4.928288
5.293339
4.469513
4.676044
4.437138
3.811558
3.960854
3.785217
4.601974
4.325272
4.832348
4.753979
4.257153
4.1115
5.061394
5.033024
4.01849
3.136723
3.871643
4.788181
4.456745
4.992199
5.184055
5.178623
3.177795
4.440941
3.52895
3.936981
4.295761
4.164688
4.875454
4.741909
4.345016
4.278866
4.510498
3.043579
4.619938
4.272682
4.589203
6.124298
5.338715
4.3018
3.771503
3.960594
4.618073
4.234104
4.241665
3.098843
4.965481
4.806526
5.128578
5.505501
5.355976
3.753635
4.007385
4.590065
4.291668
5.50013
4.731918
3.914318
4.951244
5.290802
4.037304
5.227196
4.583542
4.723083
4.202728
3.405018
4.748722
3.818447
4.77039
3.948669
5.055759
4.834408
3.440338
4.551872
3.877628
4.713562
4.388992
4.308582
3.995823
4.080223
4.652134
4.634235
4.350868
4.891045
4.56435
4.203751
4.391476
4.188274
4.390789
3.386303
2.862377
4.160744
4.109402
4.134972
5.281193
4.772175
3.81876
4.554543
3.796024
3.82259
4.755524
4.645287
2.960159
5.01981
3.148857
4.098595
4.556591
4.777943
4.537441
3.733089
4.506969
4.07238
3.666225
3.03323
4.456017
4.586048
4.725746
5.451008
3.604343
5.062347
4.292343
4.792561
5.321476
4.182751
4.791714
4.459106
4.016228
3.118591
3.117996
4.167355
4.237873
4.697735
4.659878
4.185349
4.380177
4.098591
4.509647
3.99715
3.258011
4.21096
3.741146
4.223743
4.840725
4.839954
4.692539
5.108959
3.469044
3.211502
4.965786
4.178997
4.520493
5.607464
4.413273
4.465958
4.766079
4.55727
3.952137
3.835922
3.847466
4.626629
3.755508
5.505722
4.83128
4.528118
3.334946
3.993996
3.014469
2.652374
4.973682
4.285805
5.103455
4.888073
1.646671
1.051178
2.486279
5.079632
3.37886
4.218639
5.401348
4.728977
3.902901
4.280819
3.508518
2.563408
4.419769
4.483334
5.436245
5.411648
5.090332
3.4226
3.423668
4.798363
4.489937
5.010151
4.848282
4.891628
4.280197
4.159008
3.041023
4.035461
4.497757
3.484657
4.121346
4.427368
5.224625
4.901623
5.155727
4.338539
4.59399
4.280495
3.696007
5.157005
4.147594
4.566917
5.822525
4.158501
4.31638
4.468426
4.118999
4.262897
2.421188
4.586109
4.097519
4.763783
6.078968
4.694984
4.243557
3.572472
3.683022
2.83194
4.122566
4.836483
5.729267
5.427277
4.380798
3.215691
4.190891
4.259171
4.747074
5.007275
5.118351
3.00193
4.207184
4.993713
4.571594
5.293915
4.462929
3.815517
4.812717
5.085236
4.710461
4.733612
4.224453
4.366863
4.00882
3.271278
3.971901
4.256233
5.202351
4.713501
3.96965
4.767616
4.875214
5.078888
4.663059
5.077839
4.195976
2.918995
4.81794
4.220325
4.273106
5.158718
5.252857
3.14418
3.158234
4.764301
4.787388
5.445335
4.210804
4.697166
4.962261
3.82687
4.564442
4.766125
3.697369
3.069191
4.198627
4.363949
4.862019
5.074535
4.071754
2.760845
3.920307
4.249001
5.066982
4.076092
5.035503
4.582001
4.392467
4.37838
4.333977
5.05397
3.678829
3.936832
4.340164
4.712303
4.499523
4.242683
4.16095
4.50835
4.025791
5.300884
4.30608
4.258266
4.135193
2.965786
4.316597
4.202839
4.308479
5.029457
4.261021
3.839371
4.53664
4.419476
4.254147
3.089863
4.694199
4.247005
4.627144
3.435593
4.68409
4.083874
4.452869
5.299366
5.069611
4.191853
4.522015
4.628918
3.636013
2.770969
4.393715
4.096123
4.039936
4.708775
5.432907
2.540451
4.234848
3.808613
3.83696
3.594032
5.046864
4.152866
3.897945
4.833035
4.022724
5.354019
4.083702
4.014271
4.457668
4.559532
5.141758
5.061676
4.533699
4.08345
3.999783
4.740906
2.029781
2.622913
3.925835
4.480953
4.300514
4.691921
4.734516
4.238571
4.222858
2.892315
4.661366
4.433552
4.723198
5.375774
4.842209
2.896175
5.00293
5.537937
4.764519
4.713177
5.511597
4.154892
4.536835
4.754242
4.462811
2.96291
3.683758
4.057819
4.652626
4.551865
4.296463
4.089912
4.451756
4.526001
4.908066
3.499683
4.397217
4.289555
4.433556
5.030865
5.305496
3.932423
4.048431
5.136345
4.422188
4.201283
4.244038
4.436287
4.357437
4.632427
4.5364
4.31316
4.703651
4.721443
4.696697
3.839664
4.136471
4.865421
4.535503
3.996536
4.547489
5.085819
4.315315
4.404709
5.59988
4.38036
4.723572
5.371265
4.478054
4.147118
4.429787
5.26722
5.11623
3.667248
3.261368
4.912926
4.24646
5.339939
3.882809
4.393211
5.078148
4.96431
4.230717
4.547863
3.906223
4.648712
5.078842
4.985424
5.417194
4.645302
4.657257
4.452679
4.570274
5.229992
4.670757
4.868225
4.093956
4.156792
4.916821
4.17094
4.880135
5.718426
4.208458
2.459625
4.70882
5.021206
3.861374
5.141705
5.025246
4.578259
4.40675
4.41605
4.609531
3.436939
3.741375
3.756981
4.304142
4.306385
4.605762
4.540154
3.881409
4.908291
4.322567
5.066402
5.105793
3.480583
4.234383
4.721493
4.821388
5.354595
4.635231
4.914536
4.381931
4.286449
4.009323
3.606815
4.438736
4.800777
3.858463
4.609367
4.659557
4.058197
4.548901
4.089588
4.721222
4.91806
3.741558
4.316078
3.099842
3.014839
4.353519
3.492802
4.182652
5.15218
4.800053
4.078724
4.471176
3.669964
4.158138
4.1647
4.752743
3.448441
4.488083
4.681831
4.761177
4.904621
4.970314
4.395096
4.299065
4.002846
4.317837
4.420498
4.342945
5.228329
4.055626
3.405849
5.331867
3.703533
3.439587
4.464172
4.252342
4.802959
4.936268
2.94669
4.060558
5.14146
4.594276
4.912098
3.250221
2.107471
4.751053
3.41214
4.708435
5.97905
5.13615
4.641094
3.656799
5.140385
4.541523
5.156387
3.995316
5.340839
4.938278
5.298672
5.77985
4.72525
4.609325
4.326942
4.89262
4.070122
4.760193
5.020748
4.07756
4.492649
4.066505
3.549763
5.081463
4.689888
5.094154
4.529594
4.023823
3.465443
2.665092
4.51469
4.324368
5.192814
6.15218
4.171883
4.642643
4.575981
4.317299
2.958931
4.968681
5.24086
4.73885
5.047493
5.982498
4.558529
3.8367
4.985905
4.642982
3.210186
3.306091
4.229324
4.748577
4.209057
5.200569
4.696301
3.738045
5.156063
3.649731
4.242786
4.778038
4.197643
4.03315
4.784393
5.113083
3.959393
4.255306
4.754795
4.719734
4.412964
5.530502
4.059891
4.925858
4.293125
3.389618
3.521729
3.338943
4.486633
4.291676
4.826385
5.030693
3.612209
4.324043
4.124214
4.345982
5.162682
4.340179
4.581512
4.336937
5.16713
3.846199
3.945
4.423458
4.752594
4.928226
5.126678
4.405857
4.719265
3.78849
4.632874
3.945168
5.245152
3.557274
5.47332
5.14946
5.075802
4.957294
5.444954
4.21273
3.712193
4.862045
4.946648
4.088573
5.057327
4.486019
4.733292
3.908352
4.991455
1.327656
3.737587
3.503967
3.523167
4.597092
4.367226
4.014175
3.058182
4.823364
4.569263
4.89835
5.566185
4.974869
4.081852
4.434875
5.020485
5.313919
5.050179
4.929329
4.634705
4.707962
3.642204
4.503548
4.862785
4.849163
5.462143
5.175201
3.500591
3.895679
4.693466
5.398884
5.029964
5.106274
4.518669
4.874386
4.280216
4.736282
4.85017
3.407314
5.660938
4.275448
4.566338
6.193638
5.186199
4.035961
5.053085
4.426315
4.496639
3.940464
4.355133
5.001419
4.31702
4.113808
3.209698
3.070724
4.181362
3.684669
3.687115
4.835251
4.440483
5.653343
5.302963
5.266766
5.379421
4.246452
4.789341
3.774597
4.870327
4.485729
4.105949
5.708939
4.879314
4.685368
4.381348
4.811188
4.805412
4.380371
4.923954
4.846237
4.750683
4.207859
5.145195
5.005589
4.375656
5.016773
5.023148
5.100563
5.204876
