40.87173
39.89752
39.91393
39.91278
39.87516
39.74902
39.75776
39.83142
39.87779
39.81376
39.75696
39.81964
39.87216
39.78751
39.75003
39.75724
39.75928
39.80054
39.80342
39.79179
39.8002
39.78553
39.84297
39.85388
39.86656
39.88311
39.87199
39.87191
39.89635
39.87518
39.86234
39.84172
39.8745
39.89689
39.9429
39.9202
39.92681
39.95401
39.92018
39.91095
39.96648
40.00487
40.00618
39.94741
39.88574
39.89674
39.90439
39.94851
39.9498
39.94033
39.86589
39.91262
39.97096
39.91484
39.84703
39.86097
39.93135
39.91551
39.87589
39.8441
39.87948
39.94549
39.92463
39.89154
39.92604
39.88005
39.85824
39.89909
39.88196
39.86013
39.78435
39.80055
39.78236
39.82461
39.8282
39.84116
39.80253
39.74089
39.73331
39.72877
39.7505
39.78114
39.7756
39.77593
39.78664
39.78776
39.82433
39.86364
39.87387
39.89886
39.88352
39.90171
39.89176
39.90512
39.95713
39.98143
39.96301
39.97003
39.91945
39.87874
39.89104
39.92431
39.91267
39.92596
39.9506
39.95309
39.93342
39.96648
39.97935
39.93808
39.91743
39.97283
39.95035
39.95364
39.98256
40.02382
40.06601
40.03497
39.96934
39.93208
39.95457
39.99086
39.93267
39.98624
39.97078
39.90851
39.93493
39.9231
39.90433
39.8868
39.89824
39.93058
39.94618
39.96756
39.95375
39.96798
39.99195
39.97549
39.86398
39.82512
39.82909
39.85618
39.87311
39.90461
39.94321
39.88615
39.9006
39.89573
39.95258
39.96597
39.93359
39.91572
39.88271
39.90554
39.9201
39.89948
39.90342
40.01267
40.02295
39.96083
39.88496
39.89169
39.95476
39.96674
39.94239
39.90124
39.88795
39.91383
39.92721
39.93749
39.93418
39.91979
39.87712
39.86352
39.90398
39.94011
39.90129
39.82453
39.79267
39.86295
39.94044
39.96052
39.9425
39.91201
39.97251
40.01559
40.04139
39.98944
39.97104
39.92881
39.94005
39.89046
39.93884
39.96951
39.93172
39.91998
39.90567
39.89764
39.92682
39.9491
39.93339
39.93851
39.93472
39.89085
39.85942
39.91572
39.93792
39.90786
39.89407
39.91522
39.92504
39.86235
39.88524
39.88338
39.91299
39.8802
39.88371
39.95782
39.99834
39.95389
39.94068
39.94903
39.91268
39.8837
39.83615
39.81739
39.88472
39.99789
39.90188
39.86172
39.89465
39.85394
39.87754
39.85299
39.78897
39.76376
39.77651
39.82757
39.84677
39.85084
39.83108
39.82281
39.82784
39.8419
39.86786
39.8504
39.84407
39.83089
39.80244
39.84103
39.9195
39.86263
39.79601
39.86182
39.92195
39.89602
39.90318
39.87647
39.87445
39.87783
39.93242
39.93238
39.90509
39.92515
39.92464
39.92405
39.88742
39.85393
39.90344
39.9395
39.91689
39.90432
39.81216
39.82334
39.86819
39.99182
39.95028
39.89452
39.90931
39.97021
39.94093
39.90319
39.96171
39.96595
39.85645
39.82944
39.8637
39.9251
39.89673
39.92679
39.91059
39.84372
39.86554
39.83326
39.84951
39.91886
39.89851
39.82735
39.85131
39.89312
39.83199
39.75721
39.82482
39.88906
39.80122
39.74021
39.76224
39.83287
39.82203
39.77906
39.76599
39.79132
39.72493
39.74762
39.77673
39.84187
39.83595
39.82554
39.81295
39.8392
39.8543
39.84651
39.79855
39.85034
39.95182
39.84189
39.84302
39.82231
39.77428
39.77129
39.76986
39.79403
39.85147
39.82191
39.78456
39.83923
39.88847
39.86124
39.85544
39.94173
39.96366
39.91776
39.84513
39.85464
39.86348
39.82146
39.81992
39.92432
39.90085
39.78096
39.84901
39.90868
39.87295
39.84684
39.7886
39.78625
39.82959
39.78515
39.78488
39.8005
39.70399
39.7408
39.82233
39.77934
39.72693
39.76066
39.86044
39.81083
39.79855
39.85023
39.90288
39.92209
39.91409
39.91685
39.89667
39.86106
39.86593
39.85759
39.88902
39.89442
39.92475
39.90012
39.90022
39.89459
39.94067
40.00137
39.91577
39.87197
39.96569
39.97587
39.86271
39.87209
39.95277
40.0362
39.98615
39.94387
39.92993
39.87732
39.88836
39.92933
39.91108
39.83261
39.82796
39.86281
39.92691
39.92228
39.9213
39.89382
39.8331
39.77722
39.75825
39.86745
39.91547
39.99784
40.00188
40.03376
40.1323
40.1366
40.09278
40.07623
40.0652
40.05361
40.01284
39.97283
40.02551
40.0535
40.06033
40.01651
40.06091
40.09535
40.06195
40.01147
40.0448
40.08035
40.05473
40.00956
39.95547
39.95295
40.02637
40.08037
39.9957
39.93073
39.94005
39.92844
39.92575
39.92346
39.98221
40.03147
40.08128
39.95862
39.86115
39.93194
40.00172
40.00005
39.94757
40.00281
40.02394
40.08184
39.97576
39.9099
39.92429
39.93416
39.97265
39.91752
39.85891
39.8504
39.92682
39.99621
39.95684
39.91718
39.88658
39.8961
39.96236
39.99321
39.91897
39.87214
39.87099
39.94452
40.00616
39.91732
39.82641
39.89848
39.95918
40.02362
40.0565
39.99514
39.90259
39.93583
39.965
39.94529
39.98056
40.02047
40.00823
39.97781
39.91358
39.97413
39.94723
39.95246
39.98662
40.00421
40.00058
40.01591
40.00996
39.95057
39.96086
39.95623
39.89441
39.8467
39.85348
39.87673
39.90468
39.9166
39.93099
39.90531
39.89476
39.9089
39.89209
39.92176
39.99413
40.03746
40.04753
39.97836
39.94047
40.0392
39.97728
39.9388
40.00274
39.99433
39.97907
39.98401
39.93644
39.95942
39.94711
39.87802
39.89439
40.00914
40.09787
40.00156
39.93929
39.96207
39.94336
39.99273
39.98058
39.97803
40.0064
39.97701
39.93935
39.91246
39.89813
39.94634
39.88249
39.88972
39.93323
39.90364
39.82961
39.79261
39.81593
39.87298
39.84766
39.85077
39.81109
39.86523
39.87009
39.79987
39.81812
39.78661
39.84709
39.91951
39.87612
39.84984
39.81959
39.80575
39.77271
39.83508
39.88121
39.81886
39.80454
39.90096
39.90141
39.88189
39.91259
39.80712
39.82592
39.95829
39.91222
39.83221
39.8348
39.94323
39.90672
39.92958
39.97421
39.96832
39.95765
39.97412
40.01147
40.04216
39.98438
39.97444
40.01867
40.05592
40.0788
40.07806
40.09308
40.08936
39.9914
40.00563
40.06926
40.08881
40.07451
40.0936
40.11478
40.18795
40.14371
40.0968
40.13708
40.16728
40.15346
40.12472
40.13287
40.12242
40.06419
40.04908
40.10433
40.11623
40.06161
40.04609
40.06451
40.05145
40.10808
40.15186
40.15022
40.10967
40.10474
40.14748
40.22284
40.13606
40.05175
40.13535
40.16858
40.16563
40.11558
40.06088
40.07344
40.15037
40.1063
40.09415
40.15979
40.05227
40.02712
40.05516
40.0031
40.07406
40.06958
40.02733
40.02787
40.00568
40.00962
39.97139
39.97685
40.02871
39.98352
39.88398
39.9621
40.01075
39.87606
39.82538
39.83756
39.86493
39.86263
39.80663
39.80739
39.8363
39.81755
39.84405
39.86409
39.83342
39.85744
39.93304
39.92812
39.8892
39.9231
39.84118
39.81258
39.77199
39.76315
39.77583
39.74791
39.79418
39.81022
39.84551
39.85791
39.83006
39.80647
39.82521
39.84887
39.82772
39.76803
39.80955
39.78247
39.75539
39.77475
39.76494
39.78379
39.80852
39.79588
39.80895
39.87802
39.85814
39.77515
39.78731
39.82851
39.83233
39.82883
39.85273
39.85798
39.90781
39.88171
39.83236
39.91068
40.01528
39.88601
39.82779
39.85231
39.91398
39.91503
39.83225
39.84106
39.8365
39.86679
39.90278
39.80079
39.7817
39.83195
39.80091
39.82112
39.79753
39.73294
39.76014
39.81393
39.85598
39.88124
39.8121
39.79404
39.84703
39.88055
39.83881
39.82612
39.85192
39.8133
39.80893
39.8743
39.81182
39.85008
39.89796
39.78643
39.78379
39.86558
39.92415
39.90152
39.91143
39.97422
40.01198
40.01214
39.90852
39.92282
39.93036
39.82442
39.85943
39.90606
39.86753
39.88352
39.87484
39.96164
39.98391
39.95009
39.8927
39.87308
39.8613
39.84004
39.87529
39.80347
39.78586
39.81441
39.79231
39.8026
39.85066
39.87939
39.84055
39.75571
39.75261
39.77227
39.86531
39.82689
39.78386
39.75294
39.73993
39.7851
39.8288
39.87716
39.91915
39.93665
39.93583
39.91763
39.97688
40.02385
39.95144
39.94428
39.99728
40.06982
40.11163
40.10427
40.04079
40.03296
40.06094
40.01511
40.02685
40.06933
40.06077
40.106
40.10316
40.05382
40.04908
40.09692
40.00909
39.98259
40.00452
40.07247
39.98207
39.91882
39.97075
39.99646
39.97334
39.995
40.02534
40.04296
40.0419
39.91767
39.84248
39.93685
40.02832
39.96072
39.95213
39.96774
39.94585
39.92694
39.99809
39.99701
39.95192
39.98282
39.99967
39.98217
39.94654
39.97836
39.99769
39.92925
39.9866
40.07696
40.04937
40.03646
40.0308
40.03608
40.01702
40.01836
39.99999
39.95885
39.94821
39.92373
39.9678
39.97328
39.94246
39.9682
39.98691
39.93785
39.91386
39.93438
39.97575
39.95453
39.95505
39.97625
39.94868
39.95519
39.96485
39.95131
39.92986
39.95641
39.95199
39.91671
39.91315
39.94487
39.89991
39.91556
39.99592
39.98076
39.95096
40.0257
39.98315
39.90778
39.95328
39.95767
39.91847
39.87161
39.84679
39.82079
39.81892
39.87376
39.93049
39.90992
39.83301
39.94572
40.08195
40.10655
40.0234
39.98307
39.94092
40.00879
40.0234
40.04179
40.0752
40.10639
40.06605
40.06481
40.09372
40.08605
40.033
40.04923
40.04784
40.10837
40.1086
40.0527
40.0802
40.05521
40.02821
40.09064
40.08138
40.05126
40.10455
40.07764
40.10044
40.10508
40.04548
40.1041
40.06281
40.04315
40.0712
40.01226
40.00156
40.04693
39.99879
39.96298
40.02454
39.99125
39.99469
40.02553
39.92168
39.90429
39.95327
39.98312
40.00472
39.9874
39.96677
39.99009
39.95308
39.96297
39.97874
39.94195
39.9456
39.89245
39.85601
39.87428
39.94238
40.10476
40.11127
40.02936
40.0093
40.05897
40.16004
40.1593
40.14547
40.12358
40.12603
40.16699
40.11837
40.05823
39.92112
39.98698
39.92089
39.86615
39.96061
39.98219
39.9459
39.94746
39.97818
39.91051
39.92226
39.89566
39.94027
39.90819
39.82551
39.9001
39.8593
