54.3788
49.57258
49.57256
49.55709
49.54609
49.56549
49.55692
49.47351
49.42532
49.43053
49.43196
49.40973
49.37383
49.3539
49.38305
49.42156
49.41291
49.37284
49.38853
49.44627
49.45047
49.46809
49.44999
49.38332
49.36907
49.40743
49.41944
49.36542
49.37865
49.3843
49.36668
49.34312
49.29592
49.3084
49.30807
49.3589
49.32629
49.31128
49.32229
49.38911
49.3751
49.41194
49.42237
49.3942
49.43438
49.45243
49.45664
49.37657
49.40209
49.40281
49.40732
49.3924
49.36335
49.34359
49.39146
49.38459
49.39005
49.38779
49.40903
49.44191
49.44469
49.46913
49.4712
49.494
49.49857
49.53834
49.54993
49.50465
49.47518
49.54599
49.58512
49.53905
49.5168
49.52904
49.61227
49.57241
49.53806
49.60649
49.61547
49.60569
49.60803
49.53494
49.59203
49.56363
49.5668
49.57256
49.62521
49.58976
49.61182
49.622
49.65586
49.64697
49.65519
49.71873
49.75302
49.74311
49.73243
49.73626
49.72438
49.70869
49.72058
49.69729
49.68771
49.67546
49.69983
49.65819
49.63793
49.60986
49.57173
49.57664
49.57711
49.55991
49.60311
49.6206
49.63089
49.6064
49.58253
49.57203
49.64463
49.64965
49.62392
49.62572
49.67014
49.6756
49.6775
49.6642
49.59939
49.60206
49.61309
49.58952
49.57603
49.59026
49.63775
49.63096
49.6596
49.6136
49.66016
49.64003
49.70568
49.71556
49.674
49.63178
49.57568
49.57375
49.53226
49.58478
49.56352
49.5562
49.54661
49.55161
49.62033
49.62883
49.6161
49.63561
49.58621
49.56094
49.61831
49.57864
49.54385
49.54523
49.55376
49.5435
49.57101
49.57718
49.61458
49.609
49.59529
49.55491
49.55516
49.5839
49.56034
49.55179
49.5059
49.56187
49.58068
49.55802
49.54496
49.59615
49.61818
49.60207
49.56743
49.54647
49.52988
49.54294
49.51842
49.4772
49.54118
49.53922
49.53702
49.54746
49.57035
49.63268
49.59281
49.57221
49.60981
49.6209
49.64523
49.67011
49.64321
49.65455
49.68894
49.71714
49.75832
49.74602
49.74814
49.73058
49.71497
49.7094
49.71446
49.70649
49.72001
49.73407
49.69878
49.70741
49.76656
49.76941
49.80719
49.77881
49.74594
49.80186
49.84563
49.74419
49.8171
49.8179
49.86369
49.83829
49.77157
49.6985
49.74741
49.76274
49.75695
49.71891
49.71783
49.74239
49.71202
49.7327
49.72105
49.72125
49.69762
49.67591
49.69089
49.72446
49.68056
49.65067
49.67725
49.69766
49.68894
49.66392
49.7056
49.73249
49.68298
49.73385
49.82364
49.82843
49.76031
49.78733
49.81114
49.86274
49.88587
49.8459
49.87084
49.85618
49.8966
49.86286
49.86456
49.84082
49.79082
49.78918
49.74379
49.72735
49.73554
49.67765
49.73857
49.73628
49.75708
49.69717
49.74457
49.79184
49.79324
49.71276
49.70182
49.75056
49.73289
49.69808
49.70636
49.75675
49.76001
49.72506
49.75559
49.78978
49.74483
49.82838
49.82269
49.84063
49.80708
49.83441
49.84087
49.91829
49.94946
49.91161
49.93164
49.94355
50.01239
49.96463
49.9877
50.00832
50.03196
49.99954
49.95536
49.9628
49.97478
49.94397
49.96262
49.94489
49.91319
49.91068
49.9459
49.95073
49.9542
49.91772
49.99516
50.01349
50.02861
50.05606
50.04621
50.1377
50.13513
50.14089
50.13076
50.12059
50.13609
50.14119
50.09876
50.11911
50.14322
50.09407
50.05326
50.04513
50.09127
50.08363
50.07358
50.03415
50.09497
50.10344
50.0465
50.02838
50.03306
49.95839
49.96668
50.02393
49.96043
49.86914
49.83748
49.83875
49.84133
49.82928
49.77454
49.76367
49.79025
49.7672
49.78407
49.83876
49.83168
49.84295
49.83325
49.82504
49.80541
49.81532
49.83944
49.83492
49.81053
49.77876
49.81892
49.87038
49.89607
49.91658
49.91055
49.90953
49.88233
49.85094
49.87137
49.87757
49.92222
49.90768
49.97258
49.91477
49.92039
49.99096
49.99366
49.95911
50.06693
50.081
50.0233
49.9977
50.09232
50.07116
50.03133
50.06519
50.11247
50.08381
50.02835
50.099
50.11673
50.04808
49.96441
49.94616
49.88669
49.94376
49.97294
49.96086
49.95692
49.88363
49.86284
49.78198
49.8652
49.80977
49.75935
49.72374
49.83033
49.8235
49.7722
49.73018
49.71101
49.73973
49.71474
49.74332
49.73871
49.77606
49.72334
49.73697
49.75616
49.79039
49.8218
49.81622
49.8209
49.81157
49.82888
49.84275
49.79012
49.74943
49.78826
49.83305
49.81773
49.82581
49.79761
49.83303
49.78592
49.83531
49.80588
49.83929
49.90155
49.89193
49.87507
49.87247
49.90337
49.89989
49.92661
49.92243
49.93466
49.95444
49.96053
49.9926
49.89483
49.94108
49.9731
49.96227
49.90351
49.8168
49.84742
49.86576
49.84314
49.81805
49.77746
49.75626
49.81463
49.81515
49.82126
49.74453
49.70047
49.72098
49.75
49.74197
49.73318
49.70374
49.67166
49.73204
49.77213
49.80407
49.82781
49.81032
49.82027
49.79962
49.83043
49.78128
49.77057
49.74458
49.75521
49.78812
49.78373
49.789
49.81403
49.87262
49.89285
49.91061
49.97158
49.94158
49.998
50.05479
50.10794
50.07758
50.0736
50.07525
50.08861
50.059
50.11223
50.08179
50.10971
50.04706
50.02856
50.13364
50.10649
50.15382
50.20273
50.13929
50.13213
50.18387
50.18233
50.14822
50.15328
50.1458
50.1296
50.0797
50.09073
50.15516
50.16396
50.16413
50.2021
50.26423
50.2764
50.29559
50.25425
50.24973
50.25052
50.28825
50.30606
50.28078
50.31969
50.33455
50.33686
50.30789
50.35825
50.32248
50.35281
50.32864
50.36623
50.34205
50.32113
50.2484
50.26196
50.24913
50.25745
50.21257
50.21888
50.24375
50.17086
50.20539
50.17779
50.12125
50.09961
50.14111
50.19503
50.15445
50.13393
50.17395
50.1834
50.224
50.25858
50.23698
50.1738
50.1773
50.18339
50.20714
50.18451
50.07184
50.08671
50.13443
50.15163
50.05671
50.00891
50.01681
50.01538
49.98962
50.04471
50.02701
49.98016
49.9264
49.91828
49.95133
49.9599
49.90451
49.89423
49.88509
49.89086
49.85823
49.90565
49.88523
49.80906
49.83983
49.83049
49.79986
49.84862
49.83912
49.8698
49.87428
49.79448
49.86494
49.89676
49.88996
49.9101
49.91856
49.94138
49.93972
49.98598
50.01766
49.98378
50.04555
50.05709
50.10278
50.11543
50.08789
50.04203
50.07364
50.08403
50.09671
50.06243
50.09187
50.1511
50.11316
50.10818
50.06791
50.11264
50.16614
50.14464
50.07381
50.06848
50.12889
50.0732
50.10828
50.11046
50.04044
50.07751
50.00576
49.99078
50.00851
49.99672
49.96803
49.96929
50.02087
50.01101
50.0037
49.99366
50.03352
50.06852
49.98286
50.08142
50.07531
50.10044
50.08359
50.03229
50.09179
50.08678
50.06305
50.06385
50.1009
50.15126
50.16218
50.13445
50.14229
50.13554
50.15396
50.14146
50.18832
50.14135
50.12146
50.06207
50.0376
50.07721
50.05247
50.03193
50.01694
50.02707
50.07732
50.06128
50.02894
50.06973
50.08762
50.13898
50.11108
50.11379
50.14286
50.18009
50.19768
50.22531
50.25941
50.26755
50.24536
50.25982
50.2398
50.30261
50.29275
50.33023
50.30451
50.33635
50.28664
50.3032
50.30596
50.33751
50.34143
50.28012
50.21414
50.28097
50.29721
50.31059
50.23242
50.17781
50.19723
50.20362
50.11989
50.08262
50.05483
50.12257
50.09176
50.08972
50.03901
50.04356
50.04636
50.05616
50.08196
50.03698
50.01346
49.9958
50.02468
50.0344
50.02734
49.96242
50.00701
50.01153
50.08808
50.09051
50.10368
50.05079
50.12159
50.16893
50.17796
50.13745
50.16435
50.10936
50.0794
50.07503
50.08035
50.0446
49.98235
50.0122
50.07159
50.01148
49.95998
50.00255
49.97887
49.96883
49.97765
49.9297
49.92694
49.86641
49.89742
49.8839
49.92371
49.88925
49.83468
49.88038
49.88327
49.90441
49.94105
49.91939
49.88794
49.91233
49.91476
49.89048
49.88736
49.96167
49.92105
49.93469
49.8755
49.83119
49.7869
49.77423
49.79552
49.76023
49.72365
49.67518
49.67236
49.65379
49.63214
49.64378
49.68203
49.67972
49.68955
49.71729
49.72403
49.71401
49.69907
49.71906
49.76162
49.78455
49.84811
49.83294
49.85109
49.87402
49.87858
49.85534
49.85545
49.85724
49.88139
49.84315
49.87277
49.87086
49.83012
49.81673
49.83221
49.81345
49.77953
49.73186
49.80456
49.79564
49.78962
49.78744
49.81613
49.85181
49.85729
49.85893
49.87648
49.88519
49.90847
49.86386
49.84533
49.91173
49.84485
49.81283
49.82815
49.79153
49.79752
49.80044
49.83111
49.83823
49.80859
49.88566
49.84174
49.7958
49.85757
49.88562
49.85374
49.85212
49.89421
49.93385
49.89635
49.91066
49.92402
49.90084
49.95626
49.9796
49.9891
50.0297
49.9967
50.02623
50.05453
50.0682
50.0742
50.05061
50.00598
50.03964
50.0297
50.01248
49.94513
49.98541
49.9785
49.93702
49.91998
49.97007
49.97575
49.94011
49.94202
49.93462
49.961
49.9235
49.96967
49.90073
49.90968
49.98748
49.97659
49.98556
49.92342
49.9973
49.97902
50.0102
49.97993
49.98299
49.98832
49.95868
50.02384
50.01554
49.98825
49.99352
50.06823
50.06918
50.05623
50.09016
50.05278
50.07633
50.03331
49.96706
49.92007
49.88668
49.82935
49.78439
49.80157
49.80663
49.75544
49.69286
49.65379
49.71165
49.71979
49.69807
49.73808
49.70089
49.74266
49.75319
49.68061
49.70092
49.70744
49.72198
49.71636
49.66503
49.67777
49.6621
49.63506
49.64766
49.70712
49.66454
49.67139
49.73717
49.72014
49.766
49.75602
49.74176
49.78026
49.83298
49.81931
49.77787
49.76897
49.7935
49.81832
49.83221
49.80477
49.81608
49.85364
49.84596
49.85487
49.82904
49.83607
49.82706
49.83334
49.79339
49.73778
49.77002
49.7365
49.74673
49.72547
49.73686
49.74242
49.75578
49.76665
49.70391
49.71769
49.73486
49.75785
49.68285
49.75269
49.78902
49.7579
49.68744
49.73435
49.73454
49.74032
49.76992
49.78225
49.76628
49.74511
49.76969
49.82851
49.78027
49.77181
