36.61251
38.23642
36.5856
36.3709
37.17359
37.55284
36.34031
36.01511
36.71782
36.92232
36.26063
37.75683
37.42165
37.15197
38.01472
37.38316
36.08708
37.63808
36.27321
36.79482
37.07602
38.52549
36.84094
37.44384
38.07811
37.3175
36.32985
36.96836
37.77834
37.19482
37.03086
37.77928
36.83046
36.77884
37.4462
36.98146
36.80367
37.02687
37.89071
37.94715
37.08946
36.91032
38.34371
37.25104
37.39367
37.35986
37.87461
37.79092
38.77686
37.03728
37.10952
38.00303
37.13591
37.7074
37.82112
36.37012
37.99403
36.97628
38.88217
37.3803
37.49517
38.04114
37.66762
38.17662
38.25795
37.43629
37.5483
37.0796
37.90528
37.70128
37.53833
37.75309
38.68291
37.5657
37.38513
37.14264
37.43831
37.84353
37.26407
38.17588
37.96692
36.84848
36.75166
38.60876
39.23877
38.62239
37.09042
37.81084
37.61553
38.15093
37.91874
37.19178
37.60085
37.86054
37.31844
37.52481
37.02579
36.39353
37.18857
38.10095
37.67099
37.80018
38.16079
37.52681
39.01292
37.98323
37.79482
37.50088
38.5196
37.8936
37.88962
37.05106
37.60423
38.78193
37.59617
38.03339
37.30244
38.13004
38.09792
38.79929
37.65522
37.80967
37.36893
36.87568
37.00908
37.69146
37.67837
38.35757
37.97428
37.3092
39.65245
36.41399
37.5075
38.3326
37.6664
37.78555
37.67495
37.08519
37.93615
37.43438
37.22074
37.71909
37.34576
37.63259
36.92022
37.59188
36.65578
37.32943
37.50981
37.62087
37.39457
37.48726
37.75473
36.96625
36.89181
37.34766
37.63653
37.80435
37.55892
36.29089
36.5971
37.46215
37.65283
37.8288
37.31683
37.84643
38.40482
38.72903
37.59104
36.90105
37.41922
36.71916
37.92701
36.85313
37.77105
36.93829
37.828
36.1632
37.81703
36.34521
37.83688
38.02433
37.12371
36.83874
36.34912
36.92099
38.6856
36.54157
36.91285
36.60693
35.78305
37.2475
36.89627
36.15257
36.49105
37.22808
37.23915
37.73666
37.90971
37.7689
37.67531
37.63196
38.62146
37.57134
37.82991
37.4402
37.14451
37.38618
38.06076
38.51218
37.36975
38.01767
36.12622
37.81527
38.02909
37.05373
37.56719
37.29794
38.41012
37.76548
37.90969
37.05915
36.99841
37.00295
37.07926
38.38757
36.62536
37.55917
37.86314
37.15805
36.7612
39.42151
36.96329
36.99083
36.03775
37.37854
38.12755
38.19592
36.80458
37.68996
37.00888
38.06925
37.53826
36.66327
37.15913
36.47799
36.94241
36.75529
38.19069
36.43264
37.28587
37.08744
37.60086
37.21084
36.58071
36.87855
37.1193
37.22744
36.33693
37.38359
37.61918
36.32658
37.95131
36.40686
36.95359
37.16249
36.4763
36.84153
37.23166
38.50014
37.02311
36.24321
37.59419
36.67668
37.38046
37.73664
37.20382
36.92271
37.33496
36.42493
36.79855
36.89006
37.4396
36.84568
36.90256
36.54392
36.63153
37.03806
36.6472
37.21968
36.76569
36.47154
37.49895
36.83285
36.7534
36.87273
36.81303
36.63012
36.92688
36.95599
37.49877
36.73928
36.95137
36.54681
37.54667
36.73863
36.97834
37.44875
37.41665
37.37986
37.56767
37.75682
37.6032
37.59157
36.35582
37.04549
38.06786
37.74973
36.7233
37.16842
37.50806
37.7303
37.14653
37.86251
37.33872
37.4426
36.82561
39.67525
39.3312
36.81113
38.79066
37.39458
38.37274
36.87008
38.44767
37.34341
37.55025
37.13044
36.82489
38.55128
37.30693
37.18357
36.68317
37.00098
37.9807
37.0358
37.24219
37.0488
37.4078
36.90983
36.99513
36.91061
37.41956
36.55477
37.01447
36.44292
36.30582
36.80534
37.12312
36.7752
37.00684
37.23918
36.71749
38.06466
37.93586
36.88277
37.33644
36.55059
37.12889
37.4706
37.21069
37.37323
37.32986
37.19033
36.61864
36.86786
36.97185
37.67765
37.47683
37.81986
37.28023
37.52757
36.94109
36.73962
37.44242
37.76891
36.88699
37.69202
37.52221
37.42171
37.3391
37.65263
38.07693
36.79002
39.55859
37.37184
38.07577
37.8552
36.92336
38.07313
37.26128
37.9273
37.37915
38.15112
37.55985
36.90005
37.27681
38.52579
38.44953
41.3744
38.88288
38.1853
37.52262
38.43877
38.09698
37.34786
38.0318
38.08881
38.62682
38.74017
38.61874
38.36829
38.15221
37.48097
36.78912
37.81958
37.0577
37.25604
36.90764
36.95246
37.59154
37.701
37.62734
37.84377
39.30088
39.16267
38.65129
38.5413
37.28346
38.19143
37.69632
38.18937
38.30001
38.23442
37.26061
37.31738
37.20717
37.305
37.04174
37.69782
38.34085
37.90029
37.18336
37.96624
37.26238
39.34483
37.18701
37.45293
38.28367
37.76484
36.91491
37.27704
36.99256
37.39462
37.29565
37.75274
37.28254
37.88689
37.94299
37.53822
37.11998
37.16642
37.29011
37.68757
38.41332
38.56347
37.41145
37.20093
37.84299
37.64001
37.18606
38.0972
37.93366
37.45648
37.20179
37.4948
36.77123
37.73191
37.14938
38.01555
37.02798
36.54081
37.68993
37.16221
37.24878
37.33227
37.77035
38.42281
38.0112
37.58138
37.70446
37.40821
38.30023
37.86205
38.12081
36.95249
38.11153
37.034
37.35118
38.19696
38.35389
37.23031
37.4651
38.7572
37.75592
38.79922
37.99313
38.56421
38.13982
38.67787
38.34489
38.70286
37.70145
37.90168
39.33404
38.14771
37.85954
37.5233
37.70778
39.34967
37.6808
37.24616
37.40573
37.20351
37.07999
37.55157
38.99178
38.50516
37.18587
37.79686
37.39518
36.88611
37.82069
37.19201
37.01208
36.69456
36.87472
37.1067
36.52481
37.13316
37.23601
37.03489
37.17014
36.89822
37.60141
37.25269
37.96456
37.50237
38.12264
36.91585
38.87281
37.69601
38.29705
37.55788
38.16863
37.66727
37.67745
37.71101
37.79404
38.78935
38.68356
38.55636
38.46146
38.47277
38.15856
38.15613
37.6916
37.64073
38.51723
37.5461
38.30286
37.04456
37.57069
38.01118
37.75224
37.59789
38.60787
37.95541
37.7028
36.9663
38.42681
37.97211
37.56903
38.43345
37.69633
37.26955
38.57005
38.6991
38.45601
38.49421
37.8772
38.03841
39.03193
39.47518
38.35922
37.46065
38.61749
38.66478
39.86863
38.05402
39.81127
38.74431
38.23823
39.13262
38.55965
37.96886
38.60535
38.51506
38.31189
38.26957
38.4604
37.91707
38.4765
39.88903
37.9929
37.57305
39.31526
38.43592
38.07195
39.13306
37.86889
39.03804
38.17377
38.33298
37.8483
38.40723
36.89402
37.49262
37.125
38.06911
37.31086
37.97079
36.98286
37.70169
36.97369
38.44367
37.40021
37.98903
37.84805
37.00161
37.50767
37.48436
36.94736
36.92505
37.5707
37.67424
36.93024
36.23103
37.57524
37.55724
37.70923
37.12925
36.33044
37.78062
37.26237
36.58365
37.2725
36.97521
37.51214
37.22972
37.24197
37.30211
36.82801
36.93131
37.52545
37.16341
37.89318
38.2841
37.52879
36.8987
36.91676
36.86
36.13407
36.68256
37.11395
37.0571
36.2128
37.31509
37.69821
37.7572
37.53342
37.55464
37.68582
38.78716
37.84788
37.20847
37.36624
37.24558
39.04769
36.45604
37.83924
37.78998
37.67133
37.30877
37.12626
37.41886
37.68132
36.54813
36.62495
37.41572
36.49635
37.06647
37.87007
37.0908
37.02325
38.05221
37.78421
37.41101
36.78465
38.29954
36.91074
37.19556
37.72611
37.20022
37.56715
36.39081
37.99799
37.39218
36.66212
37.52776
37.51828
36.96665
36.77443
36.39318
38.29186
38.05793
37.78612
38.20345
37.40264
36.7689
36.7211
36.8138
36.94917
37.70792
36.6274
37.27568
38.29482
37.67848
36.86964
36.86541
40.95704
40.70236
38.20473
37.73782
38.25817
37.94177
37.75046
37.6553
38.35643
37.70942
38.01652
37.64209
37.76581
37.16937
37.8898
37.24279
36.96871
37.09
37.15265
37.7957
37.43247
37.59499
37.44964
37.51568
37.34146
36.86885
36.70125
37.66987
37.72398
36.91304
37.43163
38.27875
37.49001
38.19931
37.87641
38.7135
36.57104
37.79238
37.66614
37.93979
37.63295
41.67553
38.81775
38.22127
40.40744
38.89636
37.51321
38.45353
38.58115
39.43859
38.54296
38.35916
38.11963
38.65711
38.25724
37.07119
37.28355
37.99456
37.11921
37.11867
37.25068
38.39907
36.90009
36.19379
37.29477
37.1338
37.18082
37.62265
37.63553
37.50333
37.74414
37.09121
37.40868
37.10907
37.66587
38.52536
35.98963
37.58725
37.39503
37.1672
38.13078
37.03888
38.27029
38.00909
38.3602
37.32366
37.94976
37.40161
37.75862
37.77596
37.87152
37.31834
38.31993
39.03655
38.44999
38.88546
37.64602
38.20773
37.85948
37.93011
37.71156
37.30598
39.2854
38.11799
37.64888
37.71679
37.47177
37.54402
37.33611
37.6089
37.94455
38.26397
37.10326
38.73251
38.1428
36.98711
37.25698
38.75557
36.95394
38.51587
38.6469
38.18097
37.92505
38.50215
37.59533
37.48038
37.95483
38.39891
38.33241
37.57703
39.33017
38.26297
37.58677
37.32493
38.14637
37.06898
37.62028
37.24382
38.31506
37.87083
37.12012
37.83461
37.69672
36.98265
37.83042
37.71819
37.31106
37.01721
36.93417
35.87318
37.57368
36.07752
38.31215
37.16086
36.56588
38.40562
37.86513
36.75584
37.11232
37.24909
38.33704
37.53349
38.62372
38.34644
38.20113
37.91863
37.65597
37.49625
37.02639
38.0132
38.20748
38.82674
36.95915
38.39253
37.64809
36.8838
37.39958
36.45536
37.02717
39.17376
37.2775
37.21715
37.08432
37.3758
36.70017
36.97513
36.75555
36.86679
36.83038
36.94919
36.69082
36.35184
38.17265
37.75023
36.23543
36.84131
36.03379
37.91933
37.3215
36.07489
36.48952
36.66629
37.12949
38.02296
36.55239
36.90745
36.68176
36.08027
36.75273
38.14192
37.38826
38.52584
37.57442
37.21539
37.50011
38.5367
40.47147
38.11316
37.36667
37.38448
38.02462
37.17246
36.90244
37.36109
37.83223
37.68707
36.80981
36.72536
37.22358
36.5857
36.95819
36.32513
38.48745
38.14034
36.8778
39.3555
36.7422
37.97752
36.71512
36.64371
36.66573
36.52953
38.94255
36.8553
36.4294
37.14325
36.72348
37.04575
36.73832
37.00972
