 0
-0.05382387
0.3724681
0.2003743
1.928415
-0.02540421
0.1254499
0.6327771
-0.4546365
0.03202614
0.7610143
-0.02810517
0.9886824
-0.5247186
0.901392
0.2380686
-1.185888
0.2791584
0.5201707
0.03887142
0.7774614
1.742905
0.1353278
-0.2779026
0.1266054
-0.002120495
0.8229897
0.363363
-0.1697109
-0.2930906
-0.8855085
0.8292418
0.7504445
0.1054132
-0.2196048
-0.3407492
-0.9473993
-0.233819
0.587202
-0.1847244
1.530808
0.3664158
-0.442868
0.2973504
-0.8333826
-0.6911968
1.11876
0.798847
0.8856359
0.3179695
0.7864995
1.164205
0.6079011
0.8062167
-0.6744971
-0.8397068
0.4073123
0.9505195
0.229447
-0.5213541
1.351486
-0.0267994
-0.3030736
-1.103727
-0.7690855
-0.4795342
0.636307
0.07395565
-0.0867548
0.5412627
-0.003091812
1.542223
-0.2406872
0.5763979
-0.7514059
-0.1377916
-0.007784843
-0.583158
0.1455305
0.1222303
-0.4096318
0.01873636
-0.4005602
0.2065041
0.9021107
1.119476
-0.7799556
-0.5418441
-1.088844
0.773528
-0.168169
-0.3033776
0.2781622
-0.6479493
0.4489899
0.2964754
-0.1073606
-0.08813763
-1.099962
-0.5845222
0.3856592
0.7063292
-0.2296401
-0.2537915
0.1491622
1.269903
1.502329
-0.6089815
0.2797836
-0.6118367
-0.5516493
1.953685
0.8852568
-0.1413884
-0.1915016
-0.4151544
0.4157534
-0.3016852
0.5361924
0.2610465
-0.3394036
0.05493987
0.5150962
-0.2490385
-0.6900508
0.3107039
0.04511201
0.006615102
0.03592229
-0.9056449
-0.7890822
-0.5729235
0.9437164
1.189195
-1.133415
-0.001507521
-0.3690425
-0.3319905
0.537168
1.437595
-0.2593856
-0.7234857
-1.232387
0.838313
1.248249
-0.781166
0.1820874
-0.1764844
-0.8174384
-0.1612343
-0.1052116
0.2608731
0.3058612
-0.3448735
0.2517095
0.285558
0.6264559
0.8222284
0.2580383
-0.5002462
-0.3027333
-0.2719191
-0.5306494
0.2995743
0.1933636
-0.1008403
-0.2213494
-0.2227351
0.7082655
-0.1663918
0.1440711
-0.799895
-0.003017187
0.7954017
-0.4815841
0.09007114
-0.0007458925
-0.2534006
0.1751232
-0.9158233
-0.1109219
0.4960613
-0.4725533
-0.3395465
0.3088121
0.497833
0.0808399
0.5153263
-0.7166072
-0.3657745
0.3204056
-0.2177168
0.3289251
-0.1338332
-0.4060027
0.4062418
0.9876976
0.6975025
-0.05310225
-0.778682
-0.1812248
-1.134544
0.4423243
0.2830143
-0.6339489
-0.7655811
0.1431701
0.3044005
-0.1605135
-0.3124165
0.267357
0.7636409
0.3916199
0.400411
0.3074352
-0.43056
-0.4135646
-0.1680096
-0.5622346
1.499116
0.7645841
-1.070827
-0.1033271
0.01030612
0.3573082
0.2397407
1.898102
-1.317346
0.3191133
0.1256988
-0.6768441
-0.1636952
0.4272144
0.2635716
0.3201923
-0.4267063
-0.1497048
-0.5941434
-0.2845864
0.3059944
0.08741844
0.8064044
0.2830934
-0.6472725
-0.1090704
-0.7214692
0.007360697
-0.1945934
0.8010092
0.5504097
-0.2417679
-0.1006943
-1.065513
-0.7044848
0.4839931
-0.1388401
-0.6271061
1.078273
0.9330873
-0.5922657
-0.438889
-0.1551881
-0.9538122
-0.438605
-0.4033966
-0.3208539
-0.370774
-0.1921868
0.2345386
1.105804
0.4596429
-0.2772311
-0.6635878
-0.6783551
0.6676848
0.5508003
-0.3461169
0.9145992
-0.7293919
-0.9642189
0.3818753
0.2991772
-0.7087697
-0.04107666
1.02865
-0.947543
-0.3983048
0.174101
-0.05667904
0.007183194
0.09811583
0.05230594
0.2092702
-0.4081829
0.8706709
0.105547
0.86835
0.5863171
-0.5177866
-0.2911335
-0.5989187
0.1107173
0.02541822
0.05094862
0.9946575
-0.8296897
-0.07690239
-0.2577068
0.01454866
-0.5216866
0.6889825
0.6432298
-0.2835443
-0.3607063
-0.09520186
-0.299105
-0.01778591
0.04015398
-0.5654428
0.01620424
0.8142515
-0.2399323
-0.1806432
0.5259286
-0.02442062
-0.2674887
0.9263796
0.1094987
0.5349409
1.268931
-0.6834117
-0.05707085
0.1857234
-0.7073817
0.1886206
0.4658051
-0.3928647
0.06802011
0.0422771
-0.3850514
1.050378
0.3665332
-0.5104439
-0.1107165
0.5111888
1.553424
0.05855292
-0.1758707
0.06679732
-1.902558
-0.6416851
0.395533
0.6803438
-0.04493338
-0.3286434
-0.2003673
-0.3104904
0.5151067
-0.6420465
0.2177876
1.265972
-1.253007
-0.6939301
0.6293761
0.3408954
-0.07030547
0.3278485
0.3361132
0.637929
1.057101
-0.5740575
-0.9547476
-0.3909765
-0.4580725
-0.7200076
-0.3713943
1.284553
-0.8763697
-0.3833392
-0.4576033
-0.03718328
-0.3192206
0.8959723
-0.2694448
-0.8066253
-0.752391
0.05381539
1.04866
0.5992589
-0.1064158
-1.248777
0.1828578
-0.5865796
-0.2695867
-0.5997834
-0.4734217
-0.0688324
-0.4695786
0.7234457
-0.04571229
-0.138731
0.0008972883
-1.215212
-0.1360166
0.8491974
0.1907917
-0.7561324
0.4368029
3.442878
2.072333
1.12164
1.013664
-0.005900919
-0.1199591
1.1085
0.1761813
-0.2209127
0.07305104
-0.1920719
-0.5893948
-0.08285761
-0.302832
0.06713843
-0.7041727
-0.01935442
1.248571
0.8619313
0.3095374
0.05019617
-0.7475061
-0.8763314
-0.4877158
-0.5208237
0.5542197
1.54332
-0.09996319
-0.4835686
-0.3488505
-0.3748451
0.1143231
1.397125
0.003974557
-0.8581548
-0.4171145
-0.9781184
-1.110147
-0.1501105
0.009067357
-0.03242664
-0.1817515
-0.4746813
0.7600174
-0.1683363
-1.023539
-0.1974589
0.3044881
-0.2903661
-0.340946
0.1989554
-0.6246756
0.1455085
-1.022979
-0.6352105
-0.3151033
0.3923411
0.03135106
-0.03505588
-0.9192891
0.9347011
-0.5574151
0.07416081
0.165302
-0.4995471
-0.6188875
0.7904483
0.2191107
-0.6761257
-0.3442889
1.419814
1.659481
0.1222166
-0.0321191
0.2839305
-0.5859491
0.1943686
-0.3761475
-0.2620411
0.7033629
0.4689153
-0.8371183
0.7569695
0.4831506
0.4602875
-0.4045863
-0.2490683
0.4381487
1.085237
0.0004998446
0.2822564
0.07440716
-0.9481126
-0.5110803
-0.2188392
-0.1378071
0.2575603
0.7276244
-0.98443
0.04532623
-0.1810274
-1.124678
1.173689
0.3362557
-0.5346065
-0.572207
-0.5775349
-0.5555008
-0.5300349
-0.1993736
-0.6345865
0.037674
-0.06678247
0.9365144
-0.5058186
-0.1438166
0.6368261
1.448255
0.2099037
-0.1669803
0.2263981
-0.4098758
0.8661819
1.021992
1.612336
-0.3375009
0.1769903
-0.7173033
-1.384827
1.122953
-0.2144154
-0.2417006
-0.1638978
0.008053482
0.474961
0.07055622
0.6277745
0.1286559
-1.130621
-0.9945339
0.7344598
0.5906982
0.3797262
0.04776192
-0.5297797
-1.113937
-0.7576665
0.7054437
0.8437711
0.01873747
-0.6694176
-0.6514882
-0.2767532
-0.08839869
-0.9944535
0.4451857
0.7746217
0.4003061
0.6888199
-0.5414076
0.1552408
-0.6249
-1.705404
0.6425946
-0.2115648
0.2069265
0.387772
-0.5307354
-0.1057377
-0.4643985
-0.5412886
-0.01393634
0.226744
0.3274786
-0.4974922
0.343628
-0.2498193
0.5947347
0.3689895
-0.4342238
-1.452216
0.005455017
0.2180698
-0.5275867
0.9198701
-0.3264107
1.134916
-0.7105501
-1.082175
1.300404
0.159276
-0.3650191
-0.1339812
-0.6330543
1.575188
2.566099
0.7084004
-0.7572859
0.03836894
-0.5376348
0.03736341
0.6526951
0.007630706
0.4225918
-0.506327
-0.3277025
1.196969
-0.3116333
0.0282805
-0.58708
-1.533522
-0.1325387
0.7513285
0.5659942
-0.1217482
-0.1751884
1.016445
0.008210957
-0.1118509
0.3426256
-0.2864467
0.05544105
-0.30386
0.4578851
0.3148673
0.0388763
0.03803527
1.148271
-1.031284
0.2554293
-0.5714341
-1.119519
-0.233832
-0.2762902
-0.01161218
0.2938989
-0.9883297
-0.9007148
0.9563428
1.25077
0.3331549
-1.070267
0.4498389
-0.5579084
-1.886964
0.9879706
0.3751228
-0.2167119
-0.3803123
-1.432917
-0.006642044
0.4393178
-0.1489555
0.04896832
0.06023777
0.5142963
-0.6959056
-0.1009972
-0.2093832
-1.560915
-0.4096632
1.076883
-0.1848896
-0.8909221
-0.5406006
0.3216505
-1.599496
-0.02162886
-0.2470506
0.3687015
0.9184848
-0.4216951
-0.2399694
-0.3265584
-0.5600548
-1.123104
0.04773664
-0.4594729
0.1778084
1.004023
-0.2804618
0.1269131
-1.255001
-1.743962
-0.5881907
-0.2653084
-0.009396501
1.788469
0.6042578
-0.3243147
0.2383926
-0.4298359
-1.194156
-0.345961
0.5184869
-0.5954273
-0.1733654
-0.7866565
-0.03727412
-0.616106
-0.7130858
0.1819273
-0.01422656
-0.7909863
0.3763006
0.08944339
-0.391937
-0.4233191
0.8677286
-0.4715837
0.0847007
0.8204002
0.06309342
-0.5863062
0.112329
-0.1301071
-1.151212
0.9331625
0.2818151
-0.3970269
1.206643
1.28939
0.1647844
-0.4598105
-0.5551826
-1.224976
0.847479
1.053324
0.3862679
0.1294239
-0.7687007
-0.1457945
0.1270274
-0.6363767
1.784353
0.697302
-0.2740512
-0.9793859
-1.065995
1.01716
0.04875267
0.3496679
1.090593
1.227722
-0.2044566
0.4764612
0.7813979
-0.85207
-0.4368508
-0.1833353
1.530991
0.3317828
-0.4908153
-0.2540956
-0.1531347
-0.01190567
0.6587299
0.7211851
-0.693692
0.2115517
-0.4250114
-0.8230349
-0.002523184
0.2439767
-0.9064685
-0.8055425
1.363868
-0.007570386
0.6133682
-0.474273
-1.57918
0.6143508
-0.001148432
-0.05043769
0.3721224
-1.111273
0.6834573
0.4231002
0.7603773
-1.145854
0.4464382
0.7937863
-0.7322428
1.673933
0.2861128
0.5687237
-0.5891399
0.3798532
0.1588965
-0.3041739
-0.75144
-0.4953771
-0.6546093
-0.2708276
-0.4376069
-0.7011528
0.8967099
0.1243472
0.9413304
-0.2135154
-0.951722
-0.1488764
-0.9287409
-0.7823441
-0.5057063
0.2673488
0.5423671
-0.7111753
-0.6222067
0.4497985
-0.4267145
-0.3781363
0.208285
-1.448231
0.05293071
0.8619239
-0.7038548
0.4775523
0.4901469
0.570539
-0.4924878
0.4037031
-0.201181
-0.6871397
-0.222975
-0.1908123
-0.4999558
0.9328748
0.5550954
-0.0792106
0.1307478
-0.2474926
-0.6503735
0.8959408
0.5425748
0.7551137
1.61196
-1.054264
0.03798866
0.4258529
-0.3101467
-0.9349394
-0.5404326
-0.04375387
0.8352049
0.7885828
1.483941
-0.963581
0.4812855
-0.8562027
-1.563439
0.9219279
0.386474
0.8970751
-0.8530629
0.3952385
-1.24365
0.0065732
0.8332934
-0.3362481
-0.9414082
-0.6037614
-0.450154
0.3873698
0.03257167
-0.3797854
-0.04977334
0.5104154
-1.579373
0.1421692
0.003521323
0.2630312
-0.294295
0.3660847
-0.3473955
-0.6256417
0.04171246
0.2038465
0.005480006
-0.7159515
0.4273626
-0.09833217
1.646052
-0.5548269
-0.140474
0.7625319
-0.3563161
-0.6878185
-0.0762974
-0.2279023
-0.4107892
0.1163487
-0.2065796
-0.06635141
-0.6478072
-0.02637768
0.6219218
0.1247173
0.1596251
-0.2210502
0.2522011
-0.3804297
-1.098015
-0.4923551
2.139073
2.377045
-0.03890252
-0.9840001
0.6513338
-0.8628719
0.5603297
-1.237757
0.32463
0.02673343
-0.4658771
-0.2399323
-0.8511564
-0.1519445
-0.2371865
-1.282565
0.6311172
0.4293914
1.600712
0.1694746
-0.08883631
-1.054074
-0.6408465
-0.3241223
-0.7422879
0.4100146
0.05977106
-1.222418
-0.3103782
-0.3613241
-0.518185
-0.1614324
-0.027688
-0.5668138
-0.5267142
0.4175529
-1.197269
-0.5096263
-0.2025362
-0.4646896
-0.6572076
0.643272
-0.2616841
-0.6686798
0.9362704
0.04976392
-0.4286947
2.145014
0.4555346
-1.035744
-0.08669055
-0.2325662
-0.432818
1.585849
1.010154
-0.09012175
0.4885535
-0.5573142
-1.037253
-0.2230202
0.3776209
-1.247078
0.6160598
-0.9875255
-0.9912561
-0.428185
0.9217571
-0.07642925
-0.7460126
0.7244995
-0.8623838
0.04568279
-0.6721119
0.8907576
-0.7984849
-0.01801598
-0.6063274
1.142233
-0.7467039
-0.07764935
-0.5893148
-1.341696
-0.8665345
0.01044354
-0.3134036
-1.000149
-0.9715214
-0.4868441
