-2.300375
-0.09510865
1.229386
0.3081988
-4.346282
-1.573044
2.272892
0.7199289
-1.963095
-0.4370177
1.726307
0.2215231
-2.336357
-0.7783927
2.933522
-0.4046097
-0.9889386
1.623881
-0.1192592
0.0151705
0.1841593
-1.173436
-0.7616547
2.459537
0.8984748
-1.734462
-2.500015
-1.018145
1.435063
2.743156
-0.767049
-2.778585
-0.7011981
2.017903
1.772308
-0.4614424
0.378468
1.9671
1.972334
0.4780194
-3.18488
0.8400525
3.212399
1.377008
-1.303345
0.5025129
-0.08732273
-0.9645073
0.3337581
0.4676946
-0.747019
-3.687754
-0.2250864
2.107951
-1.471278
-1.352683
-0.4261844
-0.8113134
0.3307425
0.8353252
-2.8325
0.1500501
3.255121
0.4270105
-0.8982471
1.20317
1.696678
-0.1444916
0.4201687
-1.501028
-0.2649592
-4.116345
-0.3518216
2.15792
-0.3457971
-3.384887
-2.484532
1.886742
1.429475
1.093769
-0.2929979
-1.460765
-0.1796663
2.582083
-0.3036971
-1.790093
-0.2956912
2.279127
0.1600523
1.241769
-0.899555
1.229021
1.604638
0.7872244
-2.753438
0.0781519
2.290192
1.471994
-1.563267
0.5095305
1.352439
1.371644
-0.2757373
-0.7329594
0.5050268
-1.210774
-2.596709
0.4393699
1.439723
-0.6283164
-1.113927
-2.689329
-3.110873
1.158731
1.655645
-0.1560223
-2.512164
-1.275116
2.031962
-1.293393
-1.538282
1.002362
2.029923
-1.145585
0.1418237
1.128409
-1.830122
-0.490837
3.411906
1.209885
0.4353771
0.9456219
-0.9505244
-1.716439
0.9684282
2.609092
0.7529395
-0.7551793
-3.281114
-1.531472
2.319603
1.909352
-0.3128001
-2.161152
-2.300338
0.09650406
3.350649
-0.199662
-2.791009
0.4247067
0.744695
2.967799
0.4547572
-0.5079435
-0.5113659
0.8228547
0.07318203
-1.27835
-0.6987931
1.460684
1.809121
1.245647
-0.006108867
1.081231
-0.3127701
1.743054
1.099097
0.441505
-1.615822
-0.5348027
2.376321
1.867977
-1.346929
-1.358909
0.394197
0.836338
-0.7924995
-0.6395312
1.06586
0.7667963
1.426459
1.554512
-0.1155894
0.7416599
2.192316
-2.086076
-0.5137678
0.46614
0.4246601
0.6666779
-1.475944
-0.8066584
2.176092
0.02583202
-0.1621858
-0.3753138
-3.398616
-1.999222
1.028563
1.788292
-1.011915
-0.6842369
0.5769835
1.036629
0.2004818
0.8900459
1.21761
-0.1698153
0.4106491
0.7788877
1.577858
-0.2979817
-2.855874
0.0009443547
0.5870135
0.2428186
1.505379
-0.2325824
-1.236369
-2.326699
-1.087919
1.234946
0.1305172
1.024875
-0.3135686
-1.323985
-2.870469
-0.352136
2.254766
0.08554376
-0.3886192
-0.4402062
-1.745921
0.8399444
-0.5531327
-0.3219004
2.0333
0.1374513
-0.07839403
-0.1808783
-1.010253
-0.5463634
-0.8719649
0.8519251
1.949149
-0.6357234
-1.025297
1.223191
-0.08126509
-2.542018
-1.52027
1.755694
0.4634172
0.489611
0.6781981
0.8595167
0.7759978
-1.009959
-2.377739
-1.232784
3.331985
1.075178
-1.320833
0.4093898
1.564954
2.407155
1.392327
0.8385051
-0.2293909
-2.006581
-1.730411
1.728117
0.9711266
-0.4276067
-1.427821
-1.769965
1.837203
1.338812
0.06827423
-0.8055193
-0.2487585
-0.4797189
1.059224
1.906074
0.9431767
-0.2191325
0.6707305
0.4398514
-0.4178829
1.081068
0.4989052
1.484476
-2.362212
1.511245
1.905156
-0.9441828
-3.175266
-1.116676
0.729992
0.5100188
-0.9071726
1.838664
0.7207089
-0.05365682
-3.428674
-0.04365059
2.387798
2.069428
-1.051381
-0.5861782
0.6099492
0.03396644
-0.6796988
1.926394
-0.09416761
-0.8095345
1.298854
1.62557
0.1034631
0.8556476
-0.2226489
-0.8022003
0.3768695
-0.4393421
-0.4767027
1.571795
1.59431
-3.559257
-0.09220185
1.850093
-1.249216
-0.3147728
-0.3740863
0.4893509
1.190244
-0.780984
-1.570805
2.715971
1.670352
-0.505967
-4.098835
-0.7047782
1.46127
0.7947879
-1.271794
-5.821819
-0.5433235
2.569424
-0.5804208
-0.7526741
-0.4923014
-0.9296724
-1.209029
0.2227912
0.6443506
0.1859376
0.5831159
-0.1502494
-0.4653049
1.517614
-2.85342
-0.4758837
3.083098
1.84221
-2.401028
-1.135933
0.7131203
-0.7313719
-1.622313
-2.691122
0.3785727
1.336169
0.9825409
-0.8831932
0.2458614
1.222815
-1.7159
-0.6419501
2.799091
1.268866
-3.578318
0.1797641
2.984422
0.5477139
-0.04885208
1.435761
0.2379324
-2.205403
-2.302654
0.5459974
1.829816
0.3382846
1.971363
-0.3420757
-1.137546
2.373442
2.014229
0.7008415
-3.467131
0.3143712
2.752717
0.7574055
-0.9539797
-0.3469576
-0.3826132
0.5897459
1.606387
0.8543991
-1.985931
-4.747474
-2.661079
0.4772944
-0.5322708
-2.016849
-4.20045
-0.5647954
2.162089
0.6091105
-0.8962416
-1.143696
-0.8294134
0.8752192
3.012325
1.119119
-0.07915351
-1.49697
-2.542807
-0.2603067
1.09648
-0.6235649
0.4220194
1.114461
0.6990786
-3.407817
0.05194484
2.53889
-0.3457873
-0.189634
-0.677458
-0.8591375
-1.307738
-1.148436
2.045797
1.914421
0.1347478
1.068263
1.809266
0.6634932
-0.2404119
0.8973863
2.442301
0.3079673
-0.9730685
0.9852173
1.939916
0.04212831
-1.806229
-1.27922
-0.2038921
2.413628
2.536266
-0.06194922
-1.06676
1.073443
2.542795
0.4070585
-0.4482571
1.124836
0.9790679
-0.6575124
0.6715029
1.825195
0.66633
-0.2623042
0.8089371
1.360475
1.086203
0.1114131
-1.865504
-1.611181
0.5580387
-0.08001733
-2.367629
0.08076134
2.483516
0.8518418
-1.042097
-2.844345
0.4786671
2.04014
-2.460336
-1.615972
1.113859
-0.2205751
-2.070108
-1.236713
-2.782676
-1.821097
2.823162
0.7640586
-1.99973
-1.11962
1.594941
2.765254
1.377374
-3.97131
-0.6349955
3.446387
0.2120439
-0.1325661
-2.817623
-0.6245036
2.554028
0.3239698
-0.1824894
0.5737833
1.530724
1.908213
0.646885
-0.1405716
2.502427
1.268359
-0.3248466
0.9106401
0.634414
-3.452786
-0.1596794
2.400399
0.635027
-1.882251
-1.689807
-2.418354
-5.15147
0.5359244
1.706675
-0.5070803
-0.3816613
-1.98905
-1.541808
3.628413
0.2165109
-0.8073376
-4.315105
-0.4404843
3.269573
0.6671203
-0.7143604
0.02525896
0.8005892
-4.14833
-1.387013
3.566408
0.5305703
-1.147378
-1.272864
0.8891894
-1.981269
-0.1318747
0.8249798
1.38872
1.569999
1.512015
-0.1608029
-0.6832299
0.1752603
1.095964
-3.317121
-1.170186
3.523424
0.6325992
-0.4090997
-1.58265
0.8977605
1.785496
-1.363801
-0.2913888
2.203284
0.5796309
-0.4230345
-0.8301856
0.1777272
2.432846
1.459364
-1.863782
-2.357662
-0.08278321
3.290957
-1.51853
-0.8400879
2.3554
1.835633
-0.5270547
-3.685569
0.2811409
3.460013
0.3282861
-1.349607
-3.727908
-0.146871
3.238424
0.5450485
-1.869349
-1.408674
-3.325859
-1.865627
0.7549309
0.9249901
-0.2788505
1.894805
-0.4765749
-1.111984
0.847301
1.696589
0.9885783
-3.212075
0.364556
3.266484
0.5350106
0.8589761
-1.288893
-1.889904
0.753061
1.212311
0.6493854
-2.725856
-0.9965546
1.825819
0.05766445
0.7015219
0.2219692
-0.08799264
1.302304
-1.184655
-2.142391
0.859144
-3.865495
-1.450921
2.916646
0.6576359
-0.6960977
0.08622985
1.163277
2.444178
-0.3554228
0.8663977
2.819467
-0.1325979
-2.546732
-3.361377
-2.173781
2.52418
0.002754126
-0.2066187
-3.166471
-2.590195
1.667142
1.207622
0.1674383
-0.6944811
-1.456184
1.012581
2.216422
-0.6515858
-3.533267
-1.244693
3.087197
0.5204341
-1.03176
-2.723866
-0.7838957
1.799363
2.357491
0.6786782
-2.13488
0.7686808
2.683015
0.2347884
-1.138976
-2.492779
-0.4563836
1.937499
1.271238
-1.830604
0.3555373
2.031774
1.166866
-1.326399
-3.388659
0.4457518
3.547326
0.3509307
-0.07085354
2.317729
1.74231
0.1036725
-2.486813
-3.065569
0.3472744
2.771623
-0.153422
-2.667521
-0.04504371
1.653005
0.3349853
-1.20755
2.108405
2.062059
1.59408
1.040098
0.2431165
1.170352
1.855081
0.4446817
-0.1573943
0.7871725
1.66202
0.3789594
-1.508778
1.735058
-0.03593829
-1.505192
0.2524365
2.513648
-0.1025579
0.8954345
2.190277
-2.007042
0.04542408
-2.08888
-3.010607
0.7435048
0.8344938
0.5082258
-0.677906
-0.6391103
-2.946398
1.623109
2.767494
-1.892837
0.1553562
0.4520686
1.018576
-1.612599
-1.516955
1.061812
2.737238
0.5081953
-3.10409
-1.960498
1.718175
2.193362
-4.057489
-2.981517
0.3451228
0.08822712
-0.564073
-0.7430962
-0.03739969
-1.00182
-2.428509
0.0267889
2.296805
-0.2296232
-2.152285
-1.158492
-1.743472
-1.167678
2.10568
0.5750685
-1.113431
2.216545
1.107939
0.6035014
1.359916
-1.102289
-1.3346
1.072034
1.923643
-0.2057002
-2.412981
0.4389944
2.515612
-0.2672157
-1.11276
-0.8083642
-0.09473749
0.3601962
0.8702026
1.094061
-3.148961
-0.6805328
2.567166
-1.152935
-4.715812
-1.773063
2.455546
0.01793411
-3.976131
0.2752199
2.688507
0.08323546
-0.2163178
1.437167
1.788463
-0.4775151
-2.011626
-0.549352
0.006330259
1.963711
2.324565
-0.1145758
0.9209418
2.059692
0.575656
-0.772242
1.008926
1.769725
-1.789032
-1.435201
1.64599
0.05131872
0.2158991
1.205209
-0.1896764
0.133209
0.9489191
-0.920206
-0.4786906
-0.09269232
1.113223
0.2230301
0.9065593
0.7227916
1.193362
1.240878
-1.043552
-2.173115
0.1455956
1.700352
0.9402493
0.2478999
-2.629663
-1.384528
0.5255591
0.784808
-1.979331
-3.420423
-0.6762496
2.08481
0.2922146
-0.09119552
0.08454734
-1.133787
-2.938006
-3.869531
-0.2538353
1.711199
-1.085263
-1.194193
0.3564287
-1.382743
-1.693263
1.761826
0.9766867
0.5715286
-1.425944
-3.142591
0.8208145
3.108088
0.9021004
-0.0005055839
0.008196102
-0.7812555
1.466174
1.984757
0.6527745
-1.224777
2.171705
1.297029
-0.3600644
-1.137316
1.018794
0.828939
0.2522033
0.7313486
1.616319
-0.09349915
-0.3789008
1.405385
-0.7308096
-2.872676
-0.4380532
1.842382
-2.627677
-1.479431
0.5973721
0.4341965
-1.375705
0.190773
0.179483
1.483865
1.345352
-1.935358
-0.3454554
2.63565
-0.8305658
-1.933957
-0.1161842
2.002055
1.010946
-0.318771
-0.07205173
0.4378263
-3.708655
-1.906134
0.6401419
2.424328
-1.666017
-4.438235
-1.04269
3.126032
0.221929
-1.457467
-1.143551
1.586511
1.73331
-0.189111
0.08460394
-0.8737797
-2.537045
-0.8806902
-2.507448
-1.457507
0.915976
0.5005832
-0.9995387
1.267107
2.437739
-2.251535
0.1487806
0.5976964
1.081031
-0.344454
0.6143721
0.5097182
-0.2092651
1.341718
1.823877
-0.4209094
1.189505
1.745247
0.9384441
0.8684365
-0.4229967
0.02391632
0.671384
0.2068445
-1.066663
1.772512
-3.203486
-1.988305
-0.2291955
1.619359
-0.6024973
0.2622282
0.04280232
-4.904497
-1.452748
3.064343
0.4577383
0.3962791
0.8822108
-1.953743
0.6524453
2.91318
0.213633
-0.06858094
-0.9347776
-1.776468
-1.945736
0.1394518
2.399663
-1.372288
-1.416744
-1.03246
1.22872
-1.213083
0.1755835
-0.8549578
-2.758025
-0.6845315
1.973964
-0.3641041
-0.1293076
1.22593
-0.179611
-0.4800742
1.714603
1.098976
1.312173
