 0
0.9275711
0.2866477
-0.6753104
0.6148022
-0.220816
-0.4271984
0.4765205
0.1651063
0.4844964
-0.5478391
-0.1137272
0.143959
-0.2643262
0.6275647
-0.4376208
0.1617008
0.8656371
0.1753395
0.9192789
0.5382293
-0.9924285
0.6765921
0.6582737
0.4063534
1.45104
-0.4122834
0.3847042
-0.472857
-0.009925812
-0.1261023
0.3169209
0.446216
0.3385789
-0.5104945
-1.212756
-0.1479121
0.3725362
0.01595873
0.4951977
-0.06952989
0.1191554
1.247086
-1.178166
0.1548729
0.2230517
-0.27362
0.4062124
0.5084677
-0.3040949
0.9571165
0.5456756
0.9841316
0.8400755
-0.613463
-0.5434811
0.7876055
0.351039
0.9197583
0.6664658
-0.6674002
-0.1102507
1.406129
-0.7026663
-0.2205762
-0.1802011
-0.5613376
1.221462
0.1004015
-0.2573409
0.3902375
-0.5410479
-0.5377558
-0.08748734
-0.1238787
0.5618737
0.03527352
0.8198447
0.0886271
0.9943666
1.007387
0.7504308
-0.7892386
0.3382077
0.05901513
1.364276
-0.494918
0.2570441
-0.5783188
0.3273172
0.983886
-0.2440354
-0.3599095
-0.3950589
-0.3315656
0.0122124
0.7789896
-0.2480057
-0.3643286
-0.5554572
0.1832412
-1.198063
0.2732788
0.4396205
0.3898026
0.07955182
-0.1226044
-0.8792641
-0.1502298
0.5825093
-0.3803521
0.7593827
-0.4845258
-0.9063644
-0.2777261
0.738832
0.2527176
1.569379
0.9065033
0.02445304
-0.4273989
-0.2818879
-1.091063
-0.107182
-0.3369219
0.05942643
0.1860343
0.4003179
0.6403389
0.00882481
0.4147203
-0.8898883
-0.9653613
-0.9686524
0.2852178
1.16427
0.6607314
-0.5414205
0.2203519
0.3735926
-0.9336243
0.327512
-0.8348888
-0.9760066
0.7405362
-0.23761
0.5238149
0.2249119
-0.2109809
1.327476
-0.6146009
0.191292
0.7931058
-1.066967
0.1559019
0.8573781
-0.3109773
-0.233418
-0.02346075
0.2235749
0.1001304
0.5318043
-0.6184804
-0.659515
0.5674412
0.7052864
-0.5611126
-0.8196995
0.5161171
-0.3687308
-1.141565
1.18329
0.2299268
-0.4198437
-0.001459777
-0.1649369
-0.2012243
0.8819165
-0.1389785
0.018785
0.2212442
-0.6883082
-0.6046364
0.2535635
0.2037134
0.5063559
0.7826211
-0.01163971
0.1722081
0.2705605
-1.045652
0.01643911
-0.271597
1.385993
0.8311911
-0.1411488
-0.4633115
0.1075169
-0.9239311
-0.511324
1.010418
0.4391418
-0.806136
-1.122186
0.4531806
-0.1755195
-0.3179262
-0.9745875
-0.7222195
-0.4634744
-0.4295218
-0.5898521
0.02709699
-0.2327459
0.3764064
0.1518638
-1.311073
-0.5082204
0.07285522
-0.1967156
0.631351
-0.5889274
0.243911
-0.3669875
0.385359
-0.8185575
0.15992
0.6559973
-0.7723211
0.05510926
0.5281889
-0.3604538
-0.193073
0.1592268
0.08786213
-0.7827551
0.5874106
1.279921
0.2863821
-0.6616495
-0.1290673
-0.07286119
0.2962446
0.05684859
0.3069522
-0.4213944
-0.8023497
-0.3838899
0.6214061
0.04780877
0.395633
-0.3068944
0.06129403
0.5965406
0.9203494
-0.8522872
0.2459971
-0.6732552
-0.6002764
-0.345631
0.709242
2.001849
-0.01026654
0.280652
0.1529705
-0.6681008
-0.3674225
0.4982577
0.6763934
1.156416
0.09721901
0.4442347
-0.5724831
-1.329044
-0.4174898
0.4333904
-0.0743227
-0.7395176
-0.7371941
-0.008368731
1.241576
-0.1606853
-0.3626198
0.9205604
-0.5932811
-0.2047777
-0.3930442
-0.6017177
0.3264458
-0.6440286
0.4087973
-0.7301887
-0.1705182
-0.04580158
-0.1020422
-0.7723284
-1.010037
-0.7042146
-0.0343194
0.262382
0.3912043
1.917971
-1.254824
-0.3941917
-0.5334737
-0.07442766
-0.5929788
0.02507126
0.8660311
0.4528295
0.1504555
0.4521241
-0.08011724
1.03302
-0.5299484
-0.2358401
-0.4979889
-0.5106223
0.7861232
-0.2648878
-0.4682866
0.01137552
0.3587091
-0.8644784
0.1512165
-0.4706562
-0.2505029
1.198737
0.3492677
0.02278405
0.07753068
0.7011657
0.8038361
-0.01213247
0.9698713
0.8729805
-0.6397088
-1.085035
-0.151443
-1.448961
-0.6901903
-0.2535393
-0.3108516
1.122026
-0.3784312
-0.3646801
0.6896318
-0.6513895
0.937155
-0.2854957
-0.3357718
-0.477758
-0.9715059
-0.9348713
0.7543199
0.4459835
-0.8300547
-0.3129406
0.6894462
-0.5601294
0.5397048
-1.042389
0.1204814
0.9679153
2.206626
-0.06073314
0.9160477
0.4258608
-1.267885
0.8759495
1.114652
-0.01640993
-0.5079072
-0.4453762
-1.614219
0.2146531
-0.7298371
0.1709989
-0.07976675
-0.4519217
0.4926857
0.539387
0.3034674
0.7733016
0.2165786
-0.1434814
-0.3925648
0.1102017
-0.5176534
0.6378105
0.4295889
-0.7866352
0.5074077
-0.3362262
-1.430423
0.2640837
1.597927
-0.7679507
0.4516754
-0.8276339
-1.030147
-0.1854601
-0.2581636
0.2900639
-0.4619745
0.7730425
0.6603547
0.2588108
1.889938
4.075651
1.198722
0.308229
0.6636422
-0.5094926
-0.2663159
0.4926267
0.8253102
-0.8736492
0.7594376
0.5042869
0.2003009
0.2684864
-1.016411
0.3182859
0.2279861
1.983904
1.488206
-0.6566961
-0.9353853
-0.8270339
-0.4087945
-0.3421209
0.1846834
-0.1056087
2.356807
1.544281
-0.1669638
0.3523943
-1.036108
-0.7408741
0.1588361
-0.4582927
-0.7545449
-1.113151
0.4304938
0.7854708
0.3482655
-0.1394836
-0.4965125
0.01752743
-0.5256481
0.1253605
-0.09788883
-0.631462
-0.5625809
-0.5913713
-0.04580617
-0.4408687
-1.104126
0.06157672
0.3416533
0.302978
-0.3614163
-0.2510614
-0.6079437
0.09112477
0.1555519
-0.554195
0.3923019
0.153535
-0.7564207
1.037345
1.399395
0.6677361
-0.8285393
0.1458328
-0.5052851
-1.228374
0.9360274
1.026055
0.7278248
-0.130698
0.02821866
-0.565524
0.5659841
0.9301671
-0.9358253
0.0738976
-0.4580008
-0.7423428
-0.06256624
1.562821
0.3861397
-0.3847003
0.09872198
-1.419966
0.1500645
-0.5930876
0.2335596
-0.3196006
-0.9375235
-0.08647165
0.5325722
-0.09606194
-1.336235
-0.293772
-0.09352434
0.7388226
-0.02593367
-0.5505416
-0.1817755
0.4319097
-0.04085058
0.5489902
-1.192417
-0.08535457
-0.04522502
1.001607
-0.7094815
-0.5162497
-0.515005
-0.384351
-0.07534641
-0.1082358
0.8426476
-0.7153492
0.1291177
0.04242182
1.252895
-0.7829386
0.2215343
-0.7203995
-1.03829
-0.2260669
-0.5838045
0.7156378
1.625676
-0.6949744
-0.03205729
-0.5437561
-0.6104704
0.3444774
1.167047
-0.9061572
-0.2203271
0.1545538
0.02957869
-0.9311438
0.1222534
-0.01559877
0.04107904
0.2601572
0.6382253
-0.06896853
0.3067963
-0.8266758
-0.04587021
1.006298
0.2220922
-0.6993541
-0.06052589
-0.3991462
1.489329
-0.3546602
-0.4566352
-0.1125015
-0.4473572
0.03665102
0.6558174
-0.3492916
0.06000066
-1.16837
-0.1658479
-0.2600797
0.2924492
-0.6866434
-0.5336405
0.4487419
0.2301112
1.17776
0.03193313
-0.2100649
-0.2824694
-0.84466
0.6196395
-0.2922853
0.5212018
0.4724874
1.540081
-0.7624964
0.2463858
-0.5155309
-0.299979
-0.6451537
0.07150137
0.5472668
-0.8469594
0.5288906
-0.006969362
-1.06766
0.6509075
0.7313348
2.597553
1.560405
-0.8778298
0.009004235
0.5037344
-0.1502362
-0.2462571
-0.1019988
1.142715
-0.3330436
0.3278661
-0.4736309
-0.3422096
-0.4026604
1.704883
0.4849298
-0.7079927
-0.348228
-0.5713981
-0.2433415
0.1010809
-0.3693909
0.1530758
0.6543827
0.09298193
0.03807175
-0.2743668
1.377769
-0.6617194
0.4002379
0.0202992
-0.9558992
-0.4558648
1.37861
-0.1633343
0.01564479
0.07847916
0.009311438
-0.698514
-0.3971794
-0.3589294
-0.5094941
0.009176884
0.2232958
0.9085932
0.2049928
0.1509483
-0.3671026
0.3960166
-0.8127018
-0.3863935
0.2269701
-1.020807
-0.08721616
0.5780872
0.2335835
-0.298054
-0.9925352
-0.6792628
0.3560551
0.4801994
-1.281147
1.024704
0.2898231
0.698947
-0.7424433
-0.4366693
-1.278662
0.1880058
0.9844185
-0.7721156
0.316004
-0.3865814
-1.763804
-0.9612489
-0.08635771
-0.6450562
-0.3587356
0.07212941
0.7424443
-0.414728
-0.4752963
-0.6898808
-0.04742146
0.09558409
-1.072018
0.3917588
0.5549158
-0.7813429
0.06944299
0.3090903
0.9364996
0.5392318
0.2919645
-0.776785
-0.5486894
-0.2513211
-0.6326989
-0.412241
-0.9228154
-1.032585
-0.1688094
0.4460646
-0.2673014
-0.4506362
0.270406
0.04099268
-0.3027582
-0.6883904
-0.5360846
-0.03148627
0.5922843
0.2132821
-0.5827345
-0.2475132
0.5338557
-0.1818637
0.3637424
-1.00626
0.7561345
-0.7746131
-1.057571
-0.4197444
-0.6764435
-0.1468724
0.3729444
-0.1292422
0.06720525
-0.6166696
0.8312849
0.6177155
0.1134914
-0.1136732
0.3470941
1.399231
0.1766362
0.3069139
-0.2125766
-0.01127648
-0.2724638
0.2666121
-0.1354707
0.3030484
0.01292896
0.3056498
0.0416069
-1.102597
-0.1026254
2.073193
1.533064
0.4642739
0.5776582
-0.6180388
-0.5973102
1.550553
-0.5414842
0.4711593
-0.3746928
-0.07852948
0.5579633
0.9084053
-0.7414961
-0.3909897
0.5468346
-0.0706476
-0.115754
-0.7759984
0.3141896
-0.6645566
1.438904
0.7854875
-0.08087718
-0.4323082
-0.3348699
-0.9952145
-0.002500713
0.42092
0.04059055
-0.1594143
-0.134084
0.3561741
-0.5727545
-0.2218478
-0.6308942
-0.6992024
0.6070626
0.3188122
-0.3563519
0.7644446
1.581937
0.2106808
-0.1202014
0.02159667
0.0787307
0.8096869
-0.754168
0.1981027
0.3497751
-2.025729
0.6130967
-0.8275858
0.2628493
-0.1562503
-0.1216414
-0.01204944
-0.6698124
-0.8892646
0.3375448
0.220162
0.9517549
-1.028872
-0.3514078
-0.1216704
-0.8121338
0.7172554
0.02608382
0.06769693
-0.4570653
-0.7199568
-0.5685441
-0.1024612
0.5587138
0.4050732
-0.3239351
-1.165181
0.6878805
1.011241
-0.7016096
0.9151089
-0.06285965
-0.1486027
-0.4154828
0.5676984
-0.3249209
-0.989444
-1.113657
-0.2416682
0.8014389
0.001432948
-0.3568188
-0.4750847
0.03185636
0.6910297
0.8617409
-1.313685
0.4587839
-0.3899186
-0.2233135
0.7168686
0.2441745
0.2278397
0.5073928
-1.112792
-0.01100153
0.2755104
-0.7625976
0.6613209
0.2626552
-0.4313406
0.170625
0.9272985
-0.2686108
-0.1024373
-0.2566555
0.07709944
0.7445562
-0.3536105
0.7188029
-0.1594696
-0.4169077
0.2822356
1.088572
-0.1519313
-0.6749792
0.1043845
0.7858419
-0.6106777
0.1996169
0.6563454
-0.03098023
-0.07281905
0.2172849
-0.7627585
-0.5965118
0.5791047
-0.5738689
-0.6186798
1.41532
-0.1456561
-0.7761276
-0.5258421
-0.6653614
-0.7389838
0.7905093
-0.7444026
0.4668646
-0.242306
-0.4927762
-0.5086637
0.3531318
-1.187242
-0.8966781
0.03214812
0.1903983
0.2558256
-0.1713276
0.5327522
1.315291
-0.1642758
-0.3645396
1.180642
0.7680933
-0.1028429
-0.2765045
0.07113028
-0.2392143
-0.8461759
-0.2023277
-0.3374975
0.3262753
0.009275794
-0.2586054
0.2814744
-0.2395866
-0.5625599
0.2793609
-1.028783
0.01162052
0.5226414
-1.067823
-1.316001
0.5123016
0.925028
-0.1264615
0.2344122
-1.417244
0.1625915
-0.6545571
-0.2425132
-0.5186026
-0.9545577
-0.9033968
-0.3261511
0.2225341
-0.530715
-0.4244084
0.1142923
-0.8241668
-0.2781892
-0.130012
-0.5097414
0.2337511
-0.2750567
-0.4061919
-0.7155263
-0.2222151
0.2688315
1.40996
0.08045708
-0.7626133
-0.1483714
-0.5258812
-0.2457973
2.056188
2.144707
0.5848756
-0.8927776
-0.3688412
-0.2515295
-1.080856
-0.2080132
-0.3740476
-0.473254
-0.1581218
-0.5615124
-0.2881794
-0.4488063
0.2476079
-0.8202551
-0.4713924
0.2031632
-0.08977675
-0.8452209
2.255548
0.1492689
-0.7567968
-0.3975964
-1.380445
-0.5940031
0.1828069
-0.5264232
-0.664823
-0.08410689
0.1384687
-0.1956012
-0.6471324
-0.222507
-1.569703
