56.39529
56.96944
55.56559
56.36736
58.27854
56.9058
55.83413
57.32008
57.92688
56.56491
54.91282
56.40631
60.05302
56.68628
56.30798
57.35244
55.91988
57.64798
59.33324
57.19789
57.29658
56.19534
55.88739
54.63757
57.16967
59.94456
55.76534
56.07706
57.48266
58.10112
56.1662
58.12069
57.25192
56.43069
56.489
55.60912
57.05518
59.26511
56.94952
56.99467
58.03334
55.555
54.94955
57.51222
58.17663
57.71719
56.41588
56.73382
57.19604
56.80316
57.59158
58.15874
57.2066
55.93136
58.41238
57.87684
57.26851
56.98602
54.88678
57.59521
59.395
57.42793
54.55355
56.38414
58.90816
57.14358
56.25584
56.60101
57.44957
56.86296
57.15995
59.10787
57.2422
56.46563
57.85493
57.52412
54.2034
56.3558
59.7412
57.78794
55.65823
55.9341
56.84589
59.01464
56.16481
55.6912
57.31898
57.0661
56.4675
56.86757
57.03423
55.30022
56.97902
58.67013
57.37429
55.61527
55.77853
56.16965
58.45657
57.45184
55.18893
54.94808
56.78323
57.89794
56.96677
53.88207
55.83239
59.31603
57.32994
54.49454
56.28389
59.69873
56.30067
55.75976
58.31899
57.78911
57.35555
58.30446
57.28033
57.36113
54.84413
58.1406
59.2716
56.58171
55.93554
54.96017
56.41108
60.15317
56.97058
55.38671
53.85734
56.68293
60.44735
56.81196
55.57612
56.43027
56.56723
58.21725
55.05481
56.71881
59.30286
57.74318
55.54279
56.26012
57.54152
58.56615
58.13704
55.51556
55.01506
57.12441
59.57011
56.79489
54.12667
56.06906
59.46126
58.23989
56.50686
57.1334
57.70985
58.13723
57.37562
58.20302
57.38028
55.05518
58.15776
58.87833
57.32714
56.33549
55.61627
58.12741
58.33763
57.32105
56.79786
56.8316
57.24225
56.77509
57.95704
59.29319
57.56059
55.80977
54.59811
57.59394
59.36372
56.89198
56.58673
57.17367
58.09991
57.10318
56.41816
59.32249
57.8871
56.57951
57.55787
58.61974
58.71099
57.47027
56.99361
55.26868
57.94421
58.15569
57.62377
55.60991
55.67459
56.82355
58.52909
57.69637
56.17067
57.40999
57.04395
56.18304
57.97644
59.60001
56.08962
56.53112
58.80535
57.68999
57.39922
55.76347
57.75292
57.88855
57.02884
59.40752
56.69862
56.35168
58.97009
57.49285
56.38434
57.04827
57.92428
55.92365
55.71812
57.93105
58.44032
55.52042
55.42042
56.5659
57.9969
56.56889
57.30105
57.76525
58.11887
57.64884
55.83403
57.10535
59.39556
56.6059
55.21563
57.18504
59.67347
57.85479
55.92635
57.46945
56.56656
57.27983
58.98354
57.04647
57.84164
57.0225
56.77575
56.65149
57.17155
57.74154
57.07513
57.23401
57.72793
57.25433
57.10307
56.93081
58.80365
56.27447
56.93693
59.50325
57.6961
56.16138
58.05123
58.41745
57.87925
55.11601
57.9907
60.92561
57.13485
56.15749
57.52895
59.11614
56.39662
57.28965
58.3975
56.93711
56.6237
58.99634
59.05882
54.93144
56.93217
59.78338
57.11477
56.01334
56.12061
58.38294
59.38311
55.9674
57.09998
58.14061
58.09486
56.72688
57.3801
56.839
56.76504
58.86088
58.83609
56.92271
57.46365
58.85931
57.35518
58.68079
57.19654
55.90191
58.61137
59.33095
57.73561
56.35515
56.59525
56.96664
57.94057
58.65103
55.81101
56.96958
58.41376
56.1223
57.27322
57.07686
54.78349
56.67171
59.49603
56.89316
56.4197
55.57781
57.49696
59.82935
57.32428
56.81137
58.59669
58.07055
57.668
57.32302
59.10248
58.66932
54.26546
56.53873
60.3005
58.52005
56.67619
57.17579
58.24696
58.09524
55.5537
58.16826
59.29514
56.61522
56.70541
57.12005
57.55925
60.37125
57.96484
57.49733
55.49779
56.34824
59.01128
57.66774
55.8626
56.50985
57.53221
55.11813
58.37759
59.38445
57.59721
55.70557
58.35186
59.12877
56.45787
54.46227
58.59159
60.89591
56.94611
56.316
54.44339
57.39388
59.96893
57.34314
55.5108
57.19463
58.74792
58.31345
58.13669
57.85028
58.34804
56.20443
56.19233
57.15219
56.90329
56.89755
59.10831
57.16547
57.89498
57.05938
57.80286
57.84126
57.02394
57.28884
58.68275
55.08154
54.43546
57.43782
56.97524
57.01345
55.75981
55.99829
57.77497
57.59141
56.94289
58.66861
56.93197
57.29209
54.88247
58.51251
58.48131
57.58367
56.23939
56.49429
56.92213
56.81284
58.66274
59.12453
56.02684
54.89857
58.83042
58.52449
56.83597
56.81293
57.56865
58.73586
59.13514
57.45066
56.06009
57.53327
59.73729
57.29708
58.66595
56.55029
57.2509
56.83851
58.64274
59.04858
57.64713
58.34672
59.60573
56.57537
57.1017
59.7276
58.00236
56.17546
57.00587
56.53726
59.36254
58.59693
56.58086
57.415
58.10005
58.36296
55.97272
55.91463
56.91007
57.69452
57.5916
57.14184
58.0008
58.47689
57.70467
56.7872
58.31379
57.86554
58.34137
57.3425
56.00805
56.72315
59.35573
58.61144
57.63045
56.81657
58.49204
57.96296
57.71453
57.74609
54.79304
57.73136
58.87073
57.98979
56.56095
57.6821
58.42862
57.62916
58.18371
56.18143
56.95682
59.21864
58.08281
57.20865
57.28831
58.57446
58.70658
57.44285
55.708
56.51936
57.94421
59.14661
57.22934
56.16953
57.131
58.59483
58.46526
57.11024
57.91783
58.10165
58.51781
58.2512
57.24326
57.92502
58.26291
59.02885
58.64794
56.98464
58.58932
58.90756
56.38858
56.17929
58.66427
59.31708
56.82311
56.07644
56.59718
58.67028
58.11768
57.11736
57.21421
57.2499
56.7371
57.31833
58.60726
57.78084
55.92709
55.55536
56.31467
57.70319
58.13227
56.74315
55.64027
58.39073
59.84905
56.61193
56.76154
56.13223
57.71124
59.82372
57.09733
56.90276
58.19906
57.2971
58.35194
58.31158
58.53615
54.63115
57.48642
60.43814
56.53222
57.03223
57.32963
56.20167
57.47681
59.9983
57.60767
56.76638
56.82502
56.70967
57.79053
59.77433
58.17242
55.75187
57.78565
59.58572
57.97426
57.39962
57.32987
57.93383
58.87513
58.83538
57.39984
57.02256
57.73694
59.17627
58.00233
56.43467
58.23779
59.45964
57.99364
55.51201
56.86279
55.4482
56.89442
59.23582
57.4225
56.85265
56.15142
58.47634
57.86766
57.08228
54.86799
56.89372
59.46091
58.21497
55.94233
56.68366
58.25192
59.4208
56.75559
54.49805
58.93434
58.87782
57.95969
56.11579
55.8328
56.48912
59.09325
59.31741
56.42963
55.03042
57.16853
59.60722
58.05131
57.65531
57.38503
58.38838
58.40462
58.78883
58.29561
56.48171
58.36087
60.15145
57.32898
59.00748
57.00885
57.41458
60.12551
57.20573
58.44849
55.37516
56.93853
59.63047
58.34596
56.20835
58.01856
59.18157
58.31215
57.80236
58.02055
58.40532
57.22647
57.31018
60.08933
57.70235
56.59989
58.79426
58.90296
58.91897
56.59199
58.4471
59.59357
58.1991
58.34226
57.41276
56.83675
58.43132
55.59606
57.19793
60.37506
57.7122
57.87359
57.42605
56.90404
59.13104
60.29959
58.17336
55.65324
57.19166
61.03396
57.06088
56.7878
59.7218
58.5969
57.11369
57.42191
57.39669
57.84558
59.44246
58.06936
57.66638
58.78859
57.59589
56.8841
57.72707
58.49485
57.42069
58.24411
59.16516
55.85801
56.51948
58.44206
59.48619
56.78489
57.00077
57.83227
56.22944
56.34301
57.3466
59.28596
57.51246
57.14258
58.02262
57.47793
57.42894
58.97303
58.66873
55.90722
56.20604
59.11832
59.82134
57.01201
55.2533
56.62286
56.80552
56.2864
59.19357
57.73323
57.80435
57.80494
57.52856
58.79259
57.40347
55.08724
58.38252
60.95909
56.32683
55.07888
55.98939
59.17344
56.52172
56.76597
56.06565
55.39903
57.86141
59.05253
57.14178
56.2028
57.40062
57.8996
57.80874
56.77086
56.19481
57.13123
58.95957
56.96283
57.35472
57.42297
57.92305
55.63906
56.721
59.58091
57.4818
55.63172
58.91621
58.19455
57.24376
57.85414
59.18525
58.12477
57.29136
56.76448
55.88195
58.17937
59.63189
57.5112
57.36978
57.79578
58.21592
56.17076
59.33863
56.39093
56.39026
55.6812
58.60422
59.52467
57.77983
56.70847
56.37323
55.41359
58.36837
58.7883
55.88757
55.85699
59.59171
56.95739
56.88231
57.03815
58.52471
58.33075
58.17531
57.38073
55.23828
57.37082
59.42396
58.14405
56.30393
56.02901
58.70956
59.22248
58.28231
55.88369
57.3682
60.24963
57.09034
57.97748
57.72743
58.49714
57.46519
55.55823
57.38789
61.65774
56.09152
55.561
56.96379
57.74199
58.39049
56.16285
57.84245
58.77615
57.38943
56.48528
56.93573
56.1741
57.95139
56.93311
57.76385
58.26637
56.47038
56.67014
56.0739
58.1972
57.68029
57.01138
56.59112
57.03357
58.75418
57.83812
56.26749
56.89936
57.88597
59.8216
58.16275
56.35633
57.44408
58.88658
58.83774
54.29283
56.9437
60.05549
57.83736
55.55582
56.16843
60.10032
58.45159
57.81474
58.57325
57.28569
56.14037
56.32299
58.78138
58.87624
56.89411
58.15373
58.87088
56.85429
56.93395
58.86394
57.49511
58.37902
57.05727
56.20091
57.65599
58.95826
57.47087
56.71505
56.55017
57.62859
58.48028
57.82278
56.75624
57.82842
57.82155
57.81537
55.43801
57.42808
56.99734
56.61888
56.38367
56.28769
56.0998
55.70326
56.08039
55.76672
58.16849
58.34016
57.03828
58.28302
58.7102
56.54704
56.922
58.41787
58.3329
58.97621
57.6987
57.42518
57.16948
58.22628
60.12932
55.9886
57.71728
59.38412
57.61797
57.61115
57.51065
58.68246
58.35126
56.14533
58.23938
59.70825
59.67071
55.43513
57.55885
60.67958
56.82135
54.51637
56.57212
60.32184
58.05667
57.17122
55.82133
57.95692
60.08062
57.06128
55.14879
57.50796
59.66862
57.03803
57.02959
57.15725
56.59142
57.99669
58.9242
57.80133
56.51542
55.9004
55.39496
58.24254
60.09134
57.54124
57.56627
57.90224
56.89553
57.93811
58.33414
57.98649
58.19749
57.85946
57.30385
57.3043
59.11351
58.62742
57.44185
56.8568
57.43676
57.52359
59.0377
56.79454
55.86744
58.46907
59.41209
58.36709
55.92719
54.98668
57.86664
59.84346
58.24468
