37.1768
37.49685
37.27784
37.8518
36.7734
38.16255
36.87086
37.37457
37.32317
38.12719
37.14934
38.21898
36.80748
36.64668
37.25904
36.77685
37.78204
36.7478
36.90378
37.6415
37.58071
37.67309
37.5758
37.25584
36.77616
37.68968
37.10607
37.09015
37.93047
36.68918
37.78773
38.21658
37.71707
37.24159
37.61129
36.27064
38.21562
37.55841
36.68551
36.82524
37.33463
37.82347
36.44904
36.68083
37.29156
37.54558
37.17588
37.83686
37.13371
37.09899
36.65664
37.45341
37.91739
37.71655
37.02292
37.21527
37.26827
37.57666
38.15031
37.66844
35.9958
38.27231
38.33009
37.00963
37.67707
37.57871
37.71618
38.0302
37.46899
37.02374
36.40474
37.09958
37.19483
37.12125
37.38792
38.32331
37.31471
37.24081
36.47721
37.47948
37.32637
37.14233
37.45429
38.32396
39.63616
37.38542
37.93663
37.19974
38.43236
37.51554
38.88849
37.47696
37.66775
37.49512
36.61959
37.47356
38.15788
36.91106
36.76238
37.79589
37.08984
36.40389
37.02142
36.27982
37.30366
37.0046
37.01595
37.47396
38.03067
37.1585
38.60283
37.36389
37.44528
36.74871
38.76854
38.50306
37.62191
38.37141
38.00606
36.95725
37.88138
37.02008
37.99086
37.41195
37.25882
38.5294
36.71498
36.78414
36.95471
36.66631
37.1152
37.48905
37.38509
37.96244
36.43045
37.20124
36.91837
38.024
37.15937
36.26258
35.90531
37.18084
36.96999
37.0992
37.2079
38.146
39.01403
38.65347
37.56135
37.57281
38.43897
37.19667
37.98771
37.13899
36.82739
37.09466
36.46075
37.04618
37.07848
36.77585
37.37351
36.74002
37.40001
36.84551
36.89027
37.09616
37.55484
36.06391
36.73518
36.65823
37.11147
37.12216
37.28113
37.0503
37.70469
37.02057
36.51443
37.92686
37.812
37.26524
36.3758
37.42628
37.00884
37.6363
36.93462
36.58553
38.28045
37.64834
37.94463
37.09352
38.37155
37.3768
38.94284
37.04924
37.83298
37.51351
36.9125
36.92625
37.46252
36.84433
37.07832
37.6997
36.8857
36.76509
37.27348
37.12054
37.17138
37.00331
37.97008
37.10344
36.40015
38.32527
37.09644
37.13338
37.79199
36.05156
37.0978
36.83938
37.76998
37.4481
37.3712
37.57414
37.28749
37.04607
36.09282
37.53167
37.30967
37.87815
37.22142
37.22084
37.21724
36.8829
38.09801
37.43442
37.85888
37.69432
37.30674
37.72974
37.48833
38.69452
37.92715
37.94791
37.83472
38.47932
38.09366
38.37503
37.2084
37.31593
38.29348
37.65833
36.92739
38.92477
38.28878
38.37765
37.93789
37.79895
37.23724
37.53858
37.31662
37.21878
37.49802
37.5023
37.00486
36.8285
36.9215
37.46083
39.77091
36.33256
37.29786
37.04631
36.70644
36.49593
37.46873
36.29607
37.47426
37.33169
36.13341
37.08651
36.38759
37.19105
36.65077
36.16821
38.06768
36.76203
37.53732
36.5406
36.76963
37.57133
36.30276
37.17068
38.37793
36.68395
37.4244
38.10663
36.79985
36.67101
37.52716
37.40679
36.51649
36.40778
36.05827
37.14127
36.33789
37.60851
36.50221
35.95081
36.56897
36.32186
37.36565
36.70678
36.65032
37.25091
37.11201
37.28392
37.2879
36.06696
36.76505
37.59457
37.33995
37.57565
38.00163
38.70943
37.13441
37.04813
36.07205
36.40402
36.70966
39.39073
37.38741
36.95725
37.08384
36.00668
36.4142
37.10266
37.27668
37.39623
37.19967
37.7477
36.79477
38.43621
38.22326
36.96608
37.23058
38.10672
37.48091
37.44939
37.13449
37.66501
36.91018
37.55507
36.80949
36.87608
37.9225
38.50164
36.9743
37.17107
37.82393
38.53067
36.49355
37.03551
36.98162
37.81285
36.88323
39.12595
39.0656
37.34322
37.5326
38.28726
38.34562
38.20192
37.98169
37.6038
37.23429
37.0791
37.43839
38.08042
38.21728
37.58028
37.14001
37.09701
36.78381
36.56747
36.50792
37.11375
37.18102
36.61244
36.16449
37.201
36.79855
37.26018
36.67809
37.3555
37.02241
38.44901
36.45547
37.14628
38.09657
37.72512
37.34808
37.05495
38.03235
37.06672
37.70718
37.35678
37.05262
38.91899
38.10914
37.4569
41.31812
43.47635
39.88745
39.39964
39.27234
38.66691
38.51062
40.46864
38.17448
38.07159
38.44207
37.73099
38.35843
37.9576
37.82107
38.05367
38.2072
38.80506
38.83538
39.16397
37.36061
37.45063
37.74762
37.62143
37.95722
37.06527
38.16431
38.11706
36.9633
38.36916
38.38161
37.53619
38.71045
38.36588
37.35524
38.25231
38.30696
37.53738
37.19251
38.40376
38.01097
37.95355
36.932
37.53501
36.65216
38.36196
37.88177
38.87941
36.96505
37.50235
38.77338
37.63669
37.54273
37.08909
37.60358
38.10505
37.33113
37.81286
36.90805
37.93165
37.73912
37.21721
37.68021
37.57204
37.55499
37.86204
37.82569
36.79359
37.80759
37.62731
37.75771
38.54068
38.08464
37.1329
38.16669
38.36699
37.70604
37.09639
37.5049
37.15364
37.91793
38.37117
38.65064
38.05653
37.23758
37.57346
38.96714
37.43103
38.39418
38.75049
38.04951
38.09395
38.49611
38.01326
37.73893
38.27935
38.07219
37.74413
38.78587
37.38688
37.86108
37.06438
37.49685
37.26361
37.78271
37.51219
38.83539
37.46167
37.57661
37.37107
38.36188
37.34095
38.85844
37.88048
37.31684
38.43074
38.43969
37.84926
38.41795
37.63379
37.94804
37.73874
37.40075
38.03421
38.65362
39.13258
37.01293
38.1205
37.38522
38.07735
37.01722
37.62989
37.76331
36.929
38.09926
37.15353
37.41507
37.49591
37.78288
37.40607
37.8655
37.70366
37.25125
37.4914
37.35698
37.63294
37.42918
37.40482
37.59688
36.84586
37.57779
38.34538
37.66187
37.22747
37.24636
37.57699
37.69236
38.49531
36.91734
38.04901
37.55708
37.79188
37.82978
38.14325
37.21588
38.54378
38.33961
37.96406
38.11718
37.75217
38.20525
37.4014
36.9189
37.3679
36.84013
37.16868
37.20243
37.81041
37.03896
36.75766
36.96344
37.45312
38.0483
37.18456
37.88245
38.01054
37.45892
36.78865
38.30988
37.02031
38.20495
36.98582
36.75311
37.02969
39.12713
39.16233
39.20507
37.76277
38.87396
38.76929
37.89717
38.24542
38.1818
39.02369
39.00706
37.94767
38.24892
38.52766
38.85734
38.59168
37.87721
38.81591
37.88258
38.11155
38.02212
37.11522
37.20928
38.08733
39.76455
37.7769
37.8971
37.75082
38.18011
37.99333
38.66893
37.78862
38.75414
37.96244
37.51793
38.23383
37.24795
37.78234
38.55121
37.35614
38.38576
37.72424
37.51154
37.94978
38.22775
38.14518
37.81462
37.41229
38.26634
37.6911
37.60564
38.79871
37.78492
37.23346
37.87262
36.23959
37.65107
37.45427
37.18539
37.89253
37.40657
36.90486
37.34269
36.2452
37.16985
37.08303
37.79186
37.74647
38.16545
37.34847
37.3316
37.64249
38.36243
38.05111
38.05511
38.33626
37.64241
36.60283
37.42034
36.96697
37.58643
36.35089
38.05349
37.9771
36.4878
37.19744
37.64606
37.1986
36.30991
37.39355
36.58933
38.23027
37.14555
38.63646
40.0878
37.24619
37.48126
37.64288
38.43132
38.14051
38.06394
37.17708
37.72757
37.33362
37.19047
37.64524
36.31387
36.55127
37.23177
36.62713
36.93771
36.67999
36.04977
36.83715
37.06325
37.13478
37.62636
38.04979
36.69444
37.40512
37.56195
37.98236
36.5617
36.78235
37.54867
36.69388
37.39677
37.60827
37.35049
36.71888
37.18295
37.48644
38.67691
38.14184
37.3934
37.13301
37.1814
36.84457
38.17535
37.87133
37.30416
37.90994
36.80671
38.65374
36.71627
36.68415
38.10204
36.63355
39.93157
38.20261
39.72522
37.56736
38.34743
38.27655
37.3755
37.27398
37.84367
36.52764
38.09856
37.57101
37.92969
38.12935
37.95726
37.90385
36.83148
37.06287
37.70404
37.08422
39.38102
38.2072
37.95191
37.09443
38.07731
39.49987
38.23591
37.93695
37.27523
36.51916
38.50916
37.93897
37.50686
38.07767
38.04097
37.92364
37.15123
37.57943
38.24466
37.64439
37.89653
39.91589
38.58416
38.39093
37.78259
37.60253
38.52835
37.33669
37.3653
37.6852
37.82414
37.87777
38.32926
38.1711
38.29457
39.45777
37.34007
38.54177
38.65563
36.90773
37.54404
37.04849
38.34712
37.84714
37.79165
37.42599
36.79971
36.51325
37.50906
36.80987
37.54516
37.08013
37.8405
38.21732
37.53854
37.9407
37.10612
37.43916
36.96608
36.81734
38.42439
38.19749
37.74822
37.79753
37.83934
36.93606
36.76585
37.60708
37.32476
37.43184
37.89238
37.26008
37.44706
37.50406
36.97169
36.91774
38.80886
37.66138
36.23623
37.91144
37.17659
38.0621
36.24439
37.15941
37.77814
37.25549
37.2187
37.22364
36.56941
38.54951
38.27488
37.24206
37.10138
36.97369
37.24085
37.02039
37.1405
37.81429
36.46182
38.1106
41.31203
38.03557
37.99662
36.70946
37.4566
36.85575
37.99285
37.88043
37.28952
37.90219
38.81669
37.78933
37.814
37.07152
37.2149
37.17495
36.55376
36.75001
37.04682
37.57963
36.82233
38.47056
37.24092
37.41762
37.77961
36.85316
38.16872
37.28365
37.7909
37.34623
36.98333
37.72821
37.47125
37.74684
37.13897
38.01378
38.46835
37.29477
38.15325
37.65566
37.31904
37.56192
40.6837
39.92381
38.57284
38.25353
37.4292
37.7968
38.02423
37.51709
38.60698
37.94152
38.45042
37.08028
37.89758
37.84306
37.74189
38.21093
37.40253
37.66712
37.08152
38.22518
37.73487
36.55758
37.67551
37.1951
36.79023
38.1602
38.07311
38.09293
37.72768
37.34357
36.03037
37.33738
37.80149
36.15654
38.29572
38.7034
37.32981
38.78547
38.62378
36.4675
37.42291
36.87001
36.89433
36.66704
37.47216
37.13795
37.45332
37.22399
37.20639
37.14643
36.68774
37.20923
37.03659
38.69464
39.2792
38.85478
37.47941
37.6873
37.89069
36.94746
38.78828
38.46039
38.19084
37.06629
37.10395
37.91106
36.28757
37.20238
37.73813
38.27075
37.94508
36.52063
37.94279
38.97366
39.74125
39.97907
36.9821
37.44102
39.00568
37.02717
36.61879
36.9495
37.78265
36.40658
37.78828
38.71726
36.7919
38.54298
