 0
1.025469
0.2382039
-0.5298721
0.6208982
0.04043221
-0.3490444
-0.0093925
-0.07933384
-0.7215119
0.5491354
1.278725
0.6670866
-0.05528897
1.154355
-0.6153886
-0.9656115
-0.3001543
0.7000369
2.057589
0.02809103
-0.3442018
0.2318566
-1.124005
-0.5530413
-0.04927492
0.1556747
-0.3255563
0.6497149
-0.1091902
0.5363536
-0.3070125
0.4145592
-0.4853694
0.35005
0.2827089
0.26109
0.1650517
0.4677402
1.449822
-0.3022331
-0.07409525
-0.1916035
-0.4738572
-0.3477042
0.1593891
0.08243012
0.1632649
-0.1312813
0.6018145
1.456417
-0.279619
0.7208693
0.02989563
-0.5497036
0.02811623
0.3699684
-0.2434352
0.001625657
0.001011372
-0.1000342
0.3315525
-0.06492978
-0.3030264
0.3863457
0.1890635
0.1802537
2.002397
-0.2276285
-0.6555262
0.004836798
-0.09154797
0.2718827
-0.08884323
-0.4037335
0.09813142
-0.9115744
-0.0526427
0.4309415
0.9096563
1.751619
-0.2955635
0.06052244
-0.2346034
0.7564678
0.2868201
1.220428
-0.9537181
-0.8759207
0.4307899
0.3697127
0.06085253
-0.4149389
-0.2905679
-0.08941895
-0.06636322
0.003790855
-0.2143353
0.05294788
-0.01800159
0.0158174
0.4497739
0.2512062
-0.5041007
0.2564342
-0.05854988
-0.932569
0.124421
-0.1952546
0.4626938
-0.1548685
0.5670382
0.7534196
0.5159861
-0.4732976
0.1276191
0.4434505
-0.04711014
-1.030652
-0.2898976
-0.3340752
-0.07415512
0.1311147
0.4837571
0.5780272
0.5565119
-0.1549909
-0.2221181
0.306537
-0.9699048
-0.5792589
0.4169877
0.3664672
1.246876
0.3003511
-1.21023
-0.4240197
-1.158373
-0.4402813
0.02571458
0.411644
0.3701035
0.7322963
0.1855949
-0.2253689
0.1965333
-0.04916286
-0.9196892
0.4976057
0.1458271
-0.2461091
0.4250021
-0.1234054
0.70262
-0.2104625
-0.2807233
0.8905784
0.3769664
-0.2711391
-0.2180394
-0.6708276
-0.536077
0.1829304
-0.437812
0.437777
0.5532089
0.3378251
-0.5972617
-0.6114834
-0.3062849
0.1416128
-0.1039619
-0.08244705
2.091277
-0.005382299
-0.5241257
-0.5311089
0.9669285
0.3141288
-0.3894157
0.4470596
-1.302507
0.2652411
-0.1695383
0.492732
-0.3036133
-0.8702896
0.3432701
0.3266287
1.046842
-0.3059022
-0.8236581
0.9402229
-0.3701369
-0.9572748
0.1023992
-0.1508238
0.7419171
-0.4477706
0.2321965
-0.4279411
0.5507292
0.5905962
-0.5955653
0.5107741
-1.481562
-0.7968718
-0.7415214
-0.312127
0.6781356
0.2627134
-0.1646079
0.6854134
-0.1115756
0.103284
-0.6024826
-0.5214348
0.004511431
0.7561551
0.003719449
1.241277
-0.1470873
0.4631915
0.1792041
-0.7021734
0.7751802
0.2057508
-0.0287025
-0.7365983
-0.2086294
-0.2150851
0.3756576
0.6504859
0.3012067
-0.7287508
-0.2608202
-0.4275495
0.04899704
0.4027503
-0.8992236
0.1824749
0.1384177
-0.4517818
0.4501665
0.5420943
-0.5163932
-0.7984198
-0.3897668
-0.4801161
0.3317481
-0.04732084
-0.09918141
-0.7439511
-0.2894332
0.1886094
0.5200171
0.1682944
0.1274574
-0.7120576
-1.91275
0.0331161
0.386782
0.3516046
0.1860164
-0.2374351
0.1896871
-0.08746624
-0.05060336
0.7860588
0.001844049
1.31313
0.05683768
-0.04408717
0.04689038
-0.7154584
-0.5334581
0.3452727
-0.4073759
0.661145
1.199931
0.3755009
-0.4218783
-0.747164
-0.5491341
-0.3243453
-0.03670526
-0.3254772
1.049453
0.502614
-0.6507541
-0.04829621
-0.1602122
-0.9387113
-0.438013
-0.04774104
-0.2443031
-0.6970624
0.3692024
-0.1718357
1.278253
0.5549137
0.4173965
-0.2897296
-0.8832067
-0.09672982
0.5681223
-0.1364938
-0.1472177
0.4954007
0.2161297
0.4519704
1.503253
0.04054117
0.2454653
-0.2392647
-1.228606
-0.3376299
0.1597875
0.4033208
0.1045883
-0.6880572
-0.505585
-0.06262875
-0.2198607
-0.1341412
0.780538
1.591628
-0.7884463
0.1137588
-0.8398524
1.210525
-0.2381786
-0.457586
0.1594387
-0.1214395
1.372675
-0.8254977
0.3859165
-0.9658579
-0.5109869
1.269038
-0.4831001
-0.2376785
-0.7615863
-1.242251
-0.4672771
-0.4447936
0.4997
0.679934
-0.6634004
0.2426863
-0.6626956
-0.1528804
0.7310047
-0.4203001
-0.503885
-0.05531657
-0.2567142
1.491554
-0.8989275
-0.7433896
0.07653379
-0.05152273
0.2913468
-0.1147579
0.8602263
0.6291344
-0.474238
0.2143211
0.1919978
0.4805669
-0.6540767
-0.2233962
-0.04783964
-0.3362984
-0.05865449
-0.1317454
0.3995109
0.1336673
0.9750332
-0.4996474
-0.2039726
0.1581029
-0.3579061
-0.5889707
-0.3353107
-0.06415772
-0.2510432
-0.7072997
0.06736434
-0.09561753
1.583704
-0.2954348
-0.8763459
-0.06248951
-0.2867206
0.05685747
-0.6814735
0.07404685
-0.153613
-0.0460608
0.05426267
0.09627908
0.6896905
0.5491514
1.020463
-0.4257098
-0.3542562
1.768648
3.188798
0.5347164
0.7088938
0.3823952
-0.6232157
-0.1047827
-0.05627963
0.1109966
0.2582119
0.03438652
-0.4359948
-0.4948426
0.4629332
0.4473714
0.2131205
0.8818389
2.210711
0.1634052
-0.2132484
-0.4452759
0.8959471
-0.08951424
0.2825878
-0.6832688
-0.5700394
1.063649
1.644294
0.7155671
0.1016629
-0.2373021
-0.5218728
-0.6968805
0.02592945
-0.7075908
0.05223036
-0.5216078
-0.5833256
-0.2026181
0.07015383
1.477004
-0.3544883
-0.8953674
-0.5738755
-1.033729
-0.4025947
-0.5008643
-0.4773228
-0.1284087
-0.6420929
0.5846324
-1.040098
-0.7746875
0.144768
0.2518131
0.4760256
1.409027
-0.1879698
-0.6578035
-0.9206218
-0.5980848
-0.1422386
1.864843
-0.3443308
0.01941776
-0.3788857
-0.1102828
0.9666638
0.3500432
-0.2743678
0.1909995
-0.8699172
0.3758803
0.9857802
-0.3290985
-0.398452
0.1384609
-0.05925441
-0.008806944
0.5991418
0.01502523
-0.6275589
0.01540852
0.07507575
0.4245732
-0.3801426
0.3987966
0.2358719
-0.9649332
-0.5101061
-0.4277958
0.05087852
0.820076
-0.7765163
-1.136466
-0.05949676
-1.331594
-0.40826
0.6479259
-0.1153076
-0.1605897
-0.4662191
-1.013567
0.2569747
-0.1006118
0.2665246
0.9209268
-0.1210052
0.3889601
-0.2194791
-0.1036243
-0.012052
0.3791124
-0.3117076
0.04652466
0.6101532
1.456286
-0.2791483
-0.08158779
0.0348933
-1.35814
-0.4267324
0.2530551
0.4011645
0.737058
-0.446726
1.185648
-0.9683708
-1.000524
0.1965723
0.07029951
-0.3829249
-0.3328929
-0.2203041
1.480386
-0.2247351
0.1825652
0.0667367
-0.1989806
0.4970211
0.8044076
0.2497221
-0.2935585
-0.7038035
-0.4377892
-0.8900057
1.123198
0.417706
0.7056637
0.1113509
-0.244792
0.3585774
-1.127185
-0.3960345
0.4580911
0.130112
1.37808
0.308011
-0.407907
0.3859091
-0.4465154
-0.3261539
0.5255461
1.366871
-0.4043891
-0.0310843
-0.6242464
-0.4298471
-0.7036586
0.6776744
-0.2617443
0.2845325
0.4014732
-0.8725801
0.2422874
-0.625785
-0.8595502
0.1423361
0.4102936
-0.2779498
-0.08948112
0.3112703
0.2405302
0.7384944
-0.1867245
-0.1406305
-0.7664356
-0.474327
-0.1737688
0.4183216
1.049698
0.8773664
-0.6361637
-0.4326112
1.310847
3.363433
0.4310856
0.1810567
-0.2861359
-0.1201332
-0.6907315
1.654416
-0.4894933
0.1193353
1.320166
-0.4809163
-0.6904822
-0.2541959
0.5011926
-2.272749
0.6710408
-0.8962409
-0.5259176
1.574676
-0.9623109
-0.1624808
-0.2459368
-1.485257
0.3951268
-0.8927261
-0.7142147
-0.8249531
1.377486
-0.4963412
-0.1314631
0.2326854
-0.5391844
0.5322361
-0.9259924
-0.4081793
-0.08230506
0.9209206
-0.8109426
-0.5448267
0.2905014
-0.8583239
-0.8392664
1.724032
-0.513972
-0.401989
0.275632
-1.075399
0.1626183
2.057723
-0.2641585
-0.4345481
0.4836906
-0.7802539
-0.5528387
-0.589785
-0.5244954
0.4409705
0.2580786
0.2486653
0.3395495
-0.4374887
-0.4690996
-0.2412862
-1.165482
0.6125142
-0.4025154
-0.4597622
0.1599387
0.7234386
0.2917802
-0.6171834
0.6519711
-0.9528089
-0.8655887
-0.6607994
1.917826
-0.5131284
-0.1908331
-0.01828438
-1.177884
0.1524425
-0.3031676
-0.5356779
0.03714895
-1.06661
-0.02370453
-0.3311326
-0.3567008
-0.4089261
-1.02363
-0.6484053
0.08933806
0.2493422
0.03508005
0.262718
-0.005912185
-0.03371286
-0.1233881
-0.4173746
-0.4677637
-0.3578596
0.3209023
-1.143682
1.013424
-0.2742529
-0.3508837
-0.8510318
-1.186458
0.2278054
-0.1098577
0.8081982
-0.5470487
0.2217336
0.5413824
-0.01702785
-0.3007241
0.5013082
-0.217419
-0.5349319
-0.1403658
-0.2211388
-1.035306
0.1505234
0.4889936
-0.3146405
-0.06449294
0.5573983
-0.6741959
-0.931217
-0.2652095
0.1991339
0.4672502
-0.08456814
0.7992277
-0.3212429
0.9051719
0.04078722
-0.2112164
-0.2664037
-0.4633924
0.2549619
1.091314
0.1445277
0.4611807
-1.194169
-0.4337628
-0.5199808
2.464358
0.2187616
0.16921
1.035992
0.02514911
-1.055839
1.261068
0.5363749
0.06258631
0.2601102
0.3728271
-0.320392
0.5460882
1.639012
-0.1052604
-0.4475816
0.3869483
-0.5633146
-0.8787903
0.3392298
-0.2705647
-0.4035866
1.076628
0.08497572
0.02627963
-0.2493812
-0.8650795
0.6886264
-0.07905507
0.2949367
-0.3271016
-0.007809281
-0.553372
0.0681622
-0.6055597
-1.05358
0.02805746
2.531814
-0.1168081
-0.6986563
-0.5156407
0.8928101
-0.4692481
0.6331308
-0.3484128
-0.4013702
0.9575776
0.9622028
-0.1404701
-0.07945573
-0.1216196
-0.4791247
0.4376974
-0.173396
1.076829
-0.5206638
-1.818046
-0.06521302
0.5438409
0.05793297
-0.06069341
0.1952507
0.06289631
-0.635221
0.398664
1.518029
-0.1674138
-0.1546192
-1.025915
-1.092642
-0.6481168
0.5604967
0.6694998
1.276537
1.427736
-0.1158943
-0.5183243
0.01062679
-0.9879679
-1.583915
-0.2879333
0.2867206
0.5103327
-0.3383429
-1.171248
-0.08864009
0.5886862
-0.4671216
-0.9029348
-0.7656809
-0.7039564
0.3416514
0.2192441
0.1992429
1.053035
-0.587438
0.4452904
0.4013086
-0.3947498
-0.3687683
0.1317344
-0.7528484
-0.5306146
-0.2414849
-0.2226695
-0.6086618
0.2902203
-0.8209947
0.1041324
-0.02576719
0.2805198
-0.5760999
0.3592281
-0.7584897
-0.1532058
-0.1249225
0.6938082
0.1189269
-0.1151918
1.235492
-0.1168258
0.7859931
0.4027562
-0.7697669
0.2553516
-0.5641825
0.1639698
0.9660814
-0.5020893
0.2163277
-0.4843205
-0.1435932
-0.3905026
-0.04742277
1.651149
0.1813381
-1.24725
-0.008087337
-0.3852181
0.3155893
-0.3390101
0.3572513
-0.03488135
-1.037993
-0.05641723
0.08866656
-0.9252313
0.4926175
1.821888
-1.302987
-0.2497751
-0.8074839
-0.7787431
-0.2522686
0.692981
-0.5516371
-0.7367673
0.1792774
0.1264615
-0.5523462
0.1703302
0.07922745
1.195712
0.4500825
0.5962292
-0.08526862
-1.164162
-0.207539
0.7461326
0.0221929
1.105766
-0.2924797
-1.246578
0.2780044
0.4250469
0.1627917
-0.6409194
-0.2990689
-0.8175604
-0.7933154
0.8791543
-0.4925985
-0.3899614
-0.5468158
0.6683578
-0.5006927
-0.01873016
-1.02794
-1.45781
0.1942883
-0.06115699
0.8611042
0.5828478
-1.258644
-0.5279645
-0.09555313
-0.4266555
-0.3041109
0.8594329
-0.4676252
-0.9147675
0.131146
-1.602044
-0.6803207
0.7360514
-0.8960161
0.2919273
-0.3856571
-0.1904988
0.3417914
0.4539726
-0.1511214
-0.1334922
-0.8689514
-0.7325397
1.386653
0.6774001
0.4534969
1.020475
-0.420493
-1.101449
-0.4803442
-0.2622642
-0.394554
-1.179204
-0.359846
-1.108797
-0.5157025
0.897176
0.2471762
-0.966469
0.3982263
-1.082689
-0.6697606
-0.2987189
1.466815
0.06609797
0.1529849
-0.2155459
-0.191915
-0.6425461
-0.5187635
-0.8025277
-0.4407767
0.3883755
-1.036074
0.3265666
0.2011782
-0.7712299
-0.9391509
