-2.85767
-3.089387
-0.1335962
1.708895
0.3283101
-1.279138
-0.8192044
1.548053
-1.296629
0.12597
0.6452185
0.8063397
-2.515105
-0.06966317
2.230346
1.402927
-2.329148
-0.6406574
1.813365
0.7629692
-0.843432
-4.10801
-0.2472896
2.069377
0.07565239
-0.7883352
0.3295658
2.184373
-0.3576849
-2.451647
-1.740707
0.6740116
1.783504
1.358612
0.3573346
1.611309
-0.555648
-1.048552
1.660331
2.095971
-0.4354913
-3.281298
-0.04933193
1.779635
0.4716581
-3.970688
-1.216214
2.292483
0.9384493
-1.524306
-1.106635
1.78677
1.70461
-0.8515453
0.7083617
2.360724
-0.5417702
-0.07959344
1.374893
0.1725863
-2.630577
-2.081478
0.4570035
1.532084
0.03713585
-0.3573347
-2.981688
-3.625432
0.4603003
1.995126
-0.8446859
-1.03787
-3.496542
0.2909144
3.501199
0.5253897
-0.8201246
-0.1946415
1.046045
-0.611747
-1.596657
0.9939147
2.193287
0.8730556
-0.8355255
-0.7598106
-2.936604
0.6228616
2.14115
0.02479887
-0.324015
-1.931227
-0.3860669
1.939137
2.787217
0.7217326
-1.94127
0.5632278
3.447716
1.42225
-2.43984
-1.250398
2.559142
0.6173756
-3.407082
-1.819803
1.998904
-0.5727792
-4.467701
0.2348512
2.381222
-0.4801758
-1.452044
1.626602
2.210558
-0.1927165
1.026726
1.788781
-1.673899
1.178416
2.622583
-0.1828776
0.06832446
-2.088115
0.5006403
1.667622
-0.248974
-1.606729
-0.4772405
1.303565
2.11688
1.005213
-2.646979
-0.3731562
3.011116
1.853833
-4.153511
-0.7772455
-0.05996382
2.084689
-0.2650383
-0.4480773
1.366765
1.594786
1.175054
0.4428236
1.924106
0.2062473
-0.5229428
-1.108003
-1.270875
1.046345
2.302986
0.4471756
-1.974346
-1.931271
0.4360569
1.16766
0.6778915
0.04757089
0.01491827
0.5214233
2.664193
-0.7014751
-0.8004524
0.1162903
2.30379
1.281505
0.4440005
-1.43164
-1.016282
-0.07045288
1.045719
0.4752997
-3.044841
-0.8632579
2.460167
-0.04618027
-4.892195
-1.166094
0.7768059
-0.5070806
-0.6498552
-4.004805
-2.72605
2.416008
2.278121
-1.362242
-1.070678
0.01054248
1.441671
2.065452
-0.913121
-0.3427696
1.674082
1.752177
-0.5177624
0.6489706
0.9560886
-0.3120118
0.9875562
1.930829
-2.297826
-1.352588
1.975057
2.114717
-0.6188424
-0.7315598
-0.7238368
2.105453
1.492103
-0.6490476
-0.5088223
-0.7454183
-0.1921182
-0.6293806
1.989231
0.4025115
-3.20708
-1.213348
2.018287
0.2757634
-2.082784
-0.7395067
-1.434155
-1.035746
0.1800357
0.3813192
-0.2868145
-3.818826
-0.2989074
2.625003
-0.02047168
-2.112386
-1.551879
1.085655
2.446394
0.05559412
1.137071
1.287327
1.791024
0.6934941
0.04885023
-0.8989453
0.7321013
0.7606221
0.3785661
-0.09406577
0.470012
1.307796
0.3250348
-0.2532381
0.8372818
-3.019649
0.3072459
2.373375
0.08385529
-0.1080543
-1.585641
-1.9468
0.25891
3.441572
0.2793824
-0.39477
0.5319967
2.19784
1.778492
1.045365
-3.088571
1.040382
2.641799
-0.04181507
0.1581376
1.222731
-0.3791656
-1.740913
-1.056444
0.6301544
2.151137
-1.466614
-2.231259
0.2082842
1.454544
1.090958
-0.3449605
1.911551
0.6066559
0.751551
-2.277054
-0.9255083
3.108095
0.1276734
-1.17154
-2.011889
-2.662226
-0.5304713
2.432928
-0.2692557
-0.7144297
-0.6381077
-1.55123
-0.2246469
2.043062
1.67374
-1.757601
-0.7302303
1.63998
1.155656
-0.6493756
-0.4382028
0.32493
1.697246
0.5047674
-1.019341
-3.049324
-2.04226
-1.80633
0.3503123
1.704254
-0.8659324
0.8142228
1.135488
2.020045
0.1769954
0.7530879
1.674014
0.6347275
0.3286792
0.5980889
-0.1452074
-0.591557
-0.3921669
-2.767346
1.303641
3.043158
-0.75498
-0.9978884
2.034589
-1.083783
-2.838811
-0.3851632
1.331269
-1.710603
-1.950225
-0.7203391
-0.487867
-0.3118759
2.30526
1.193808
-0.6941038
-1.200247
-1.63471
-0.9834374
0.96624
1.052091
0.05087941
0.7705589
-3.860081
-0.8583387
3.588912
0.3810954
-1.142343
1.93594
0.562007
-3.409168
-0.3384425
1.880975
2.025669
-0.0961324
-0.2816952
0.2810216
1.272565
-1.059417
-1.181245
-1.133094
1.61465
2.194137
-0.1631945
-1.177508
0.5237653
1.826838
-2.211402
-1.502695
0.5147968
0.936011
1.067989
-0.2918968
1.431206
0.6401926
-3.758844
0.5681253
3.466024
0.8302814
-0.975643
-0.706007
-0.6336868
1.175208
2.063148
-1.365485
-1.348874
-1.468867
1.449295
1.419528
0.05253633
-1.46595
-0.06160512
0.8100643
1.938989
0.9740506
-6.324594
-3.499786
1.857833
-0.5529819
0.1264086
-3.448355
-1.69913
2.220351
1.495726
-0.5421606
-0.4093277
0.3967707
-0.3051202
1.241002
0.4017039
-2.08145
-1.644216
1.380127
0.3523989
0.8000006
0.1373541
0.1943058
-0.08776072
0.6901096
1.832234
-2.230177
-3.023009
2.390543
0.1569355
-0.003756588
-0.02162978
1.415106
-0.8405488
-0.7929504
1.774885
1.603612
0.5211403
-0.4308528
-0.04471995
-0.2655888
0.4156073
3.168716
-0.5541502
-1.451377
0.7287226
2.154743
-2.159684
-0.3302758
2.712022
0.9884466
0.110508
1.299471
1.382958
0.1723254
-1.866626
-0.8595654
1.831267
0.9406978
-3.88965
-1.650771
3.691077
1.048945
-1.170934
-3.562424
-0.8785272
2.198807
0.4961543
-3.534142
-1.124658
1.14105
-1.404484
-1.681552
1.075955
0.7958921
0.9910697
0.1136581
1.051361
-2.136342
-0.6098413
2.735716
1.882714
0.7338181
-1.15634
0.2126988
-2.047657
-0.7148559
3.71941
0.2874125
0.1188319
-1.847699
-2.836827
-0.2464433
2.9199
-3.025444
-1.779433
2.163329
-0.8507329
0.03502881
1.434538
1.749802
0.5222909
1.672066
0.5304943
-1.327493
-0.8717654
0.2619419
1.727344
0.5807388
-1.579315
1.963516
3.244851
-0.8554395
-4.912683
-1.094703
0.1435816
2.56357
-0.6589626
0.2134525
0.1924954
0.713012
0.2427101
0.457168
0.7760451
0.8967151
-0.3181562
-2.749579
-0.5717006
1.351227
1.475177
-0.8494076
-2.660515
-1.990982
0.9296413
2.05939
-0.636131
-2.478863
-2.398486
1.755695
-0.4418462
-1.0052
0.5124838
1.243425
-0.1030731
-1.646552
-0.04966632
2.775064
1.886736
-0.3341472
-1.075697
1.416557
1.727292
-0.09945471
0.1046784
2.410489
1.205573
1.213635
0.7640825
-0.8621381
-1.400477
2.608752
0.3405335
1.013111
0.3856004
1.319137
-0.6384374
-1.720394
0.3005763
1.47455
0.7546476
0.3019965
-0.261898
-4.358716
0.203682
3.105485
-2.009726
0.2792567
1.526805
-0.8643908
-0.2314906
0.4362718
0.788817
0.6996256
-2.679677
-2.163212
2.018211
1.332411
-0.9085371
-0.8699214
0.8001798
1.344198
-1.489149
1.428785
0.1761219
0.3098585
-4.305832
-1.795873
1.895271
0.4815026
-1.152889
-0.2866385
1.694795
1.192619
0.02971755
-0.8168388
-2.337451
0.5391289
2.488175
0.1567193
-1.238742
0.6093245
1.141692
0.4704091
0.2775404
0.5505401
0.7550269
-1.095636
-1.613923
-0.01496524
1.749688
0.1136821
-1.405428
-1.313989
-0.01280306
0.2707001
0.02102712
0.2556512
-1.215601
-1.342982
0.8242948
1.83149
-0.8265138
-2.36549
-1.888437
-0.1546879
1.234357
1.307722
-0.03654245
0.6961464
1.257284
-0.076262
-4.746388
0.5503781
2.433931
-0.8680437
-0.4388366
0.6599997
-0.40971
-4.343791
-0.7755244
2.602142
0.9471214
-1.338829
-0.4062626
-0.2212741
-0.707666
0.8145978
-0.3503975
0.1103049
0.4900336
0.0843185
1.024165
2.127854
-3.063198
-0.0312489
2.933092
1.2738
0.7098641
0.191645
1.262295
0.07963826
0.7863536
2.147424
-2.117212
-4.756054
0.004420611
2.054657
0.6614463
-0.3272054
0.2081782
-1.918349
0.5493457
2.554324
-0.6517628
-2.186694
-1.126276
1.957939
1.476265
-1.231144
-0.02879668
0.1023573
-2.12503
-2.917239
1.086161
2.80299
-1.371287
-5.780801
0.4590253
2.063397
0.4519675
-0.6153836
0.5887393
0.3814664
-0.5813374
1.774914
0.580207
-3.567205
-0.8959062
1.472281
2.404566
-0.5500631
-1.739142
-2.57941
-0.6665975
2.946002
1.792794
-1.906549
-2.593596
-0.06314651
3.448794
0.8009804
-1.543597
-0.7692773
-1.282778
-1.169983
0.7724171
1.710432
0.3192992
-2.134001
-0.3413488
1.888607
0.8241619
0.104552
0.4226067
0.3492374
-0.5932294
0.7166222
1.343832
0.06146123
-0.5121343
0.3484691
0.413998
0.869616
-4.660274
-1.208739
1.642502
-0.5760773
-1.245546
0.4640316
-0.6663519
-1.713158
-3.119337
-0.2388245
2.59887
-0.1819561
-1.05471
0.005611664
2.166508
1.073075
-2.409125
0.1934835
1.31397
-2.350021
-1.426855
1.654181
1.98283
-0.5067992
-2.553713
0.6546898
2.452129
-0.3242098
-2.144546
-0.1152757
2.024108
0.7565157
-0.2877922
0.3961273
2.0933
1.544081
0.917583
-1.125455
0.493178
1.018868
-1.28928
-3.99445
-0.9278469
0.4081548
-0.514034
-1.139677
0.7081563
-2.044424
0.01403495
2.848914
1.099629
-0.1544736
-1.807629
0.8107953
1.980344
-0.3203183
-0.02331677
-0.6743472
0.6908016
0.2921908
0.7507733
0.3554081
1.146037
1.816826
-2.649876
-0.6094635
2.983523
0.5574359
0.4532962
0.512293
0.02536727
1.600446
1.396154
-3.62875
-0.83881
3.045607
-0.1166119
-0.7317052
-0.7894815
0.826533
0.9989833
-2.782946
-3.583897
0.2005246
2.482598
-2.569162
-2.002993
1.551285
0.6928771
-0.8303708
-0.6355996
0.4845962
-1.490232
-0.02942242
0.9925603
-0.06341434
-1.395023
-0.2385787
3.411706
-0.04205891
-0.8906209
0.1537015
-2.426881
-0.326135
1.544134
1.496247
0.545296
-0.3081342
0.5664507
0.06734828
0.31948
-1.951305
-1.226955
1.363907
1.88062
0.1968649
0.1711154
-3.106443
0.5643343
0.649404
-0.334675
0.2286772
0.4647372
-2.411246
-0.1778972
1.309559
0.4686407
-0.4331987
1.040635
-0.7613078
1.772402
2.052836
2.06338
-1.63871
-3.301923
1.590977
2.432413
-0.8591853
-2.028115
-0.09469967
-0.3217838
-2.685135
-0.1876881
1.716824
-0.9153205
-3.804288
-0.7086734
2.272554
-0.1743839
-0.4496893
-0.2680256
-1.534839
1.169294
1.62121
-4.090997
-1.187374
2.229006
1.699037
-1.964446
-0.7939164
2.685242
-0.7668511
-3.267912
-1.687323
1.249112
0.6138044
-0.3228056
0.3918688
2.262179
1.979017
-0.275738
-2.562209
-0.1949275
3.970055
0.3991237
-1.047267
-0.6677835
2.660037
0.6821042
0.7465512
-0.6581153
0.7065941
-2.198286
-0.6743354
2.338252
1.256132
0.04663845
-0.2701713
-3.806815
-0.1457395
3.056763
0.7233248
-1.29384
-0.5861229
2.327496
0.9596711
-2.10548
0.1987324
1.303221
-2.294106
-0.3380185
1.363048
0.02080629
-2.557889
-1.130714
0.9752105
0.1540649
-0.8585122
1.029935
-1.813495
-1.585529
1.483717
0.7010872
-0.1266232
-1.874919
-2.436365
0.1738147
2.182374
-1.55064
0.4071383
1.904847
0.4213176
-1.880978
-1.74313
1.816719
-0.9012687
-0.2683946
2.142439
0.3015548
-0.7628561
-1.694613
-0.5889038
2.156542
0.429123
-1.0262
-0.7438264
-1.531986
-1.199081
0.9421096
0.3632405
-0.1448365
-0.1247268
2.409918
-1.139451
1.118179
1.940714
1.373831
0.2785733
-0.2642146
