-1.725457
-1.029743
-3.023113
-0.8346636
2.035856
-2.228157
-2.085403
1.300579
0.9074153
-2.533748
-1.943531
1.26119
2.256037
0.3572393
0.1848291
-1.739836
0.4200387
2.800237
1.235754
0.3568176
-2.114147
-1.073993
0.3569387
0.8617095
-3.014717
-1.296011
1.705
0.5095495
-0.6563981
-1.027473
-1.153005
-0.5433979
1.379709
2.122156
-0.3312455
-3.211085
0.1303054
3.511767
1.518471
0.3788692
-1.304975
-1.724842
0.9061363
1.810526
-0.3757433
-3.125439
-0.7552698
1.221854
1.314898
-0.6178396
-2.401016
-0.9608923
2.048603
1.56514
-0.02697398
-0.2653368
1.506389
0.4077791
1.465242
0.5200197
0.03021086
0.6748777
-0.2574022
2.014483
1.640366
-0.9598892
-1.10778
2.244202
1.644258
-2.772965
-1.087091
2.363813
1.442678
-1.663322
-0.6588754
2.241381
0.3849117
0.3815185
-2.168874
-2.020473
1.958961
1.345835
-0.4398027
1.46464
-0.4170393
-0.2831337
0.9445123
0.695734
1.23713
-0.6661307
0.3958442
2.765191
1.732656
-0.9583673
-2.640662
-1.331039
0.6166015
-0.5339881
0.05565793
-0.4165705
-0.1136287
0.3956032
0.4320996
-2.264258
-0.8871762
-1.000471
-0.2060671
0.9754481
0.265587
-0.2511587
0.9448854
1.435317
0.6102446
-2.844688
-2.234056
0.8113871
2.347206
-0.2088014
-0.6182429
-0.0444384
1.917088
1.197078
-0.5781521
-0.6877621
-5.403128
-0.2503776
2.415658
-0.3965535
-1.395802
1.14504
2.002351
1.737807
-0.1378544
-0.709823
-0.470688
-2.744464
-0.5924706
2.296276
-0.7959381
-1.936327
-1.162924
-1.565832
0.3704388
2.065231
-1.106541
0.5870287
1.218203
0.5791702
1.538994
1.631536
0.3482408
-1.801853
-2.63427
0.549759
2.107694
-0.3661246
-2.276788
-0.1279643
1.628508
0.8411893
0.7732105
-0.1178241
2.169185
-0.2446839
-1.33796
-1.32937
0.9293582
1.002277
-0.7470679
-3.334692
-1.628136
2.547319
1.150672
-1.101212
-4.063001
0.02981372
2.166636
0.08227322
-1.390546
-0.8368376
-0.001375454
0.1396452
-1.582372
0.3973461
2.990362
0.3262426
-1.56611
0.3332137
2.33181
2.005145
-0.4315504
-3.485417
0.3217005
2.761629
1.436076
-0.5800301
1.538381
1.141616
-0.1938233
1.931269
1.139192
-0.3047687
0.8763047
-0.5887928
-2.39665
-0.3324336
0.001780002
1.434099
-0.2725742
1.248767
-0.4727539
0.2631914
1.970196
0.6986213
0.9927104
-1.32032
-0.3081725
2.194121
0.6837732
-5.004351
-1.137479
2.584117
0.02269157
-0.9845808
-3.559678
-1.75836
2.199965
1.3406
-1.164158
-0.2890922
-1.38612
-1.417495
0.05914109
1.526464
-0.4540912
0.3843366
0.3596652
-0.2961948
1.525393
1.029741
-1.223554
-1.53114
1.311296
1.867225
-0.4544714
-0.3216476
2.630333
0.5111541
-1.436158
0.9918907
3.652019
-1.586821
-4.434135
0.8229668
2.798013
0.6077467
-0.1420854
-0.1245243
-0.6319358
-0.546206
2.232058
-2.070377
-1.755739
-1.338458
-0.5775798
0.9329312
-0.8572394
-0.6028028
0.623046
-3.456012
0.1115638
2.724206
0.4079982
-0.8751979
1.054558
2.42726
-1.014503
-2.642637
0.6444004
2.28566
-0.2906553
-3.632068
-0.371747
3.317293
1.092857
-0.8983889
1.724488
0.8895956
-2.552145
0.4663585
2.610786
0.9306988
0.05075248
-0.8312048
0.4627025
3.767984
1.474619
-0.7341005
-0.4290882
1.483831
2.109795
-3.534691
-0.5475979
2.050506
0.6523129
-2.81322
-1.589295
2.044183
0.2666467
-1.371037
1.191053
0.8875453
0.09843361
-0.3790843
1.545547
1.287485
-0.6240277
0.4147761
1.555622
2.004766
0.8824601
0.5571594
0.626967
1.468645
1.094062
-1.124177
-4.280759
-1.730811
2.230662
0.3961543
-2.040293
0.4137211
1.071725
-0.341043
-2.494567
0.09161475
2.229403
0.2190466
-2.641119
-1.506961
1.267964
0.3957537
-2.36887
-1.340376
1.624429
-1.788913
-0.8800729
2.055304
-1.60223
-5.135564
-2.897165
2.057812
1.151857
-0.1803289
-2.55437
-0.09706058
2.294277
-0.4952949
1.448408
1.774164
0.3055843
0.5444877
0.4993832
-0.1664723
-0.9991348
1.009027
1.483553
-0.2003388
-0.7020124
0.35774
1.514951
0.4081393
1.975799
0.07849053
-2.699924
-0.1658566
-1.186813
-0.3207718
0.3444054
1.418161
0.6513905
0.8681356
1.113758
-2.684553
-0.424995
3.911514
-0.5121971
-1.133852
2.423804
1.814328
-1.861169
0.3447303
2.949055
-1.191885
-2.836905
0.4110824
2.552928
-0.07721763
-0.6553776
1.532296
0.2046501
-2.657243
-2.723227
-2.788945
0.1181841
1.755474
0.3330282
-0.4950927
-0.4595443
-4.682152
-3.745284
0.1660473
1.578329
-1.528503
-1.311774
-0.3265243
3.346629
0.8922328
-2.430863
-4.258266
-0.862007
2.9094
0.05388338
0.8602571
0.2618707
0.1206371
0.2488243
0.3815532
0.3261499
2.058019
1.446597
0.2079833
-0.7159994
0.2102425
1.3083
0.4532417
-0.8582523
-4.194458
0.4066175
2.731246
-0.5261508
0.5063961
-0.4331179
0.09779434
0.8447475
1.659157
-3.17491
-0.1132362
3.320188
0.7200447
-0.7066404
-0.3421664
1.165959
1.176918
0.1614465
0.06751359
-3.65081
-0.1085168
2.464349
-0.1195425
-1.846563
1.537422
1.263303
-1.579217
-2.822444
-4.422111
0.4122399
2.1853
-0.2684812
-0.7879904
-0.6958895
-3.487642
-0.04207955
3.046359
0.2392276
-1.239399
-2.250619
-1.651198
1.668892
1.559521
0.2185231
-0.3877112
-0.4901009
1.46746
2.703713
2.409989
0.9063879
-0.7599844
0.6011108
0.6346949
0.4042163
-1.59432
-0.4884427
0.9989237
0.3381722
1.038409
0.016855
0.876655
2.142505
1.258899
0.2080748
2.162703
1.960783
-3.796254
-0.7197853
2.823617
1.381167
-0.5021086
-0.0490398
-1.814649
-2.207228
-0.4788494
2.365084
-0.1935925
0.4758024
-1.213639
0.3916681
3.51773
-0.4660099
1.005255
0.9777443
-3.093668
-1.548685
3.278475
0.5219389
-1.409138
0.4235249
-0.8651258
-0.2892622
-1.209506
0.947919
2.432661
0.5118133
0.5401366
0.7359604
2.333997
0.5665605
0.1988553
-0.8340185
-1.467331
1.259571
2.462382
-0.09173967
-2.405512
-0.3848341
2.123168
0.01426378
-0.4655834
0.6516219
1.103232
-0.8027482
-3.062128
-0.8454126
1.753353
-0.1344404
-2.822175
-0.4331951
0.06808893
0.6558667
-0.7497575
0.9906197
-1.326991
-1.631685
2.032266
0.8955873
-3.677311
-0.9199253
2.738787
1.279191
-1.140729
-0.4837473
1.31912
0.6144744
2.006925
0.3988499
-2.887871
-2.540234
1.338983
0.9363
0.5595827
0.1042385
-5.799308
-0.2148757
2.780288
0.4109944
-5.328075
-2.028111
1.476381
-2.27823
-1.050723
2.501485
0.1058507
-3.019209
-2.786228
1.510645
2.533702
0.1403937
-0.9608868
1.326473
0.9123712
-1.857716
-0.01636747
2.920293
-1.467991
-3.202546
1.395607
0.174251
0.3512546
1.669742
0.5840696
-0.149005
-1.147202
-1.546175
2.584463
1.201705
0.09813887
0.765309
-2.77297
-0.3686115
2.254243
2.181267
-1.494494
1.346717
1.843124
1.052023
1.310876
1.276819
-3.12587
-1.594566
2.430022
1.077865
-0.9843594
-0.4968042
0.4560749
1.805586
0.3440757
0.2039298
-3.264761
-0.5576996
3.365451
-0.4956158
-2.164663
-0.4410293
2.12546
-0.467665
0.5797287
1.497998
-1.207605
-0.1109401
-2.362694
-0.4212094
0.4310556
0.410115
-1.317574
1.258113
1.51259
-0.1023197
-2.167303
-0.8574697
2.599613
1.540865
-5.777533
-0.3679616
2.605175
0.8620349
-2.127534
-1.536146
2.466764
0.9956043
-0.9337507
0.5663602
2.17401
1.826799
0.72328
0.04672613
-1.071144
-1.797286
1.73044
1.148993
-0.5187071
-3.236691
-1.538067
0.06672326
0.9465929
0.9382533
-0.1249549
-2.998223
-1.321462
1.969569
2.857262
0.4372809
-1.626141
-0.3568966
1.706537
1.754328
-0.1635683
0.1742022
1.534853
1.03369
-2.409924
0.2062108
3.484307
0.1568549
-0.382139
0.03760117
-3.21542
0.220317
2.341543
0.5521144
-0.4975021
0.2583731
-0.8509268
2.148098
0.5690372
1.052251
-1.377797
-2.466993
-3.747266
0.1122695
1.365624
-0.6289883
-3.124497
-3.338152
0.547451
1.996108
-1.914543
0.3902354
-4.706353
0.1911878
1.893605
0.301117
-0.7248499
0.6681069
0.8911171
0.7402831
0.8537049
-0.4204383
-0.8633595
0.6897803
1.278443
0.8731377
-0.1624247
-0.7808943
0.1140403
2.272917
2.02399
0.4634025
0.5710813
-1.775748
1.298055
3.768717
-4.507388
-2.201885
0.7432798
-0.9663988
-1.071618
0.6053283
0.1165654
-0.3628479
-1.978192
1.110024
2.173339
-0.9247128
-4.487371
-1.512938
1.944492
0.408673
-1.011836
-0.3786562
0.3985463
-0.8883184
-0.2670247
1.02697
1.721501
-1.330672
-0.4978025
2.42616
-0.07773426
0.03225135
0.8359105
-2.889746
-1.922739
3.354702
-0.02296618
-1.288981
-3.547241
0.4247853
2.031536
-0.4212648
-1.857944
-3.93811
-3.778486
-1.270781
1.43573
-0.8400955
-1.584422
-0.414826
0.8156177
-0.9277589
0.1510113
2.182859
1.912264
-3.293523
0.1088826
3.84155
1.219873
0.2242176
0.32375
0.09389132
2.305731
2.277719
1.109718
-2.066774
1.323707
2.108061
-0.1267381
-0.4247813
-1.756433
-0.6547042
1.963627
0.192391
0.2079725
0.3010144
-2.047145
-3.546334
-0.7354101
1.218649
-0.6444843
-1.537935
1.202054
2.361347
-0.1702685
-1.737642
-2.110093
1.031558
2.547129
0.282359
-0.5092537
1.000279
1.081211
-0.6698602
0.1751841
1.739741
-0.6724193
-2.226305
-0.1121627
1.62665
0.4471829
-0.6662322
1.607661
-0.5909946
0.2760718
2.439513
-2.547238
-2.358814
1.829519
1.69286
-0.9028601
-0.168155
0.8717566
1.270556
0.1241115
0.4305595
0.4190342
0.9523959
2.193415
0.9571218
0.3276366
-0.1784916
-0.7072223
-1.477551
-0.1636945
1.467237
0.2511072
-0.4191485
-4.151558
-0.3475601
1.502553
-0.7076377
-1.963074
1.023516
1.078302
-0.6999384
-1.682582
2.852326
-0.8816196
-1.592815
0.2836358
0.4373557
1.114911
0.26702
0.341487
-2.419735
0.008059255
2.955478
-0.5267653
-3.050347
-1.459985
3.617294
0.7500118
0.6194215
-0.4680297
0.2841829
-0.4795892
0.4795416
1.291391
1.405647
-0.9715975
0.7280181
2.150153
0.2141289
-0.3924701
-2.615496
-0.9215099
1.437931
-3.321315
-3.745203
-0.3979737
-0.5488229
-4.166465
-1.831298
1.116308
0.2813203
-0.9541714
-1.768697
-0.769809
1.720863
1.479653
0.3921325
0.3549813
0.4127451
2.001971
0.1074904
-3.58894
-0.7811648
2.280133
0.9371693
-0.2083172
-1.011353
-1.108096
-1.150766
-0.3285192
0.7528453
1.785725
-0.3498276
-0.2705837
2.392879
0.1001047
0.1116731
0.7399969
-2.75007
0.3319387
2.9451
0.2957936
-2.061887
0.4703376
0.9510777
1.140588
-0.4183604
-0.5648483
1.279893
0.7594624
-0.2295901
0.3651914
-1.078184
-0.2524964
-0.2663964
0.339383
-3.399706
-4.12032
0.6907716
1.063263
0.2009067
-0.277554
0.9784154
1.080826
1.472725
0.0581424
-3.428855
-0.8471228
3.366106
-0.7645143
-1.751332
1.888448
1.52272
-0.4253555
-1.360677
1.823294
0.8651532
-0.2970999
0.8613127
0.9011903
-2.416675
0.2813524
1.483028
-0.6383533
-1.305645
0.06996548
2.562147
-0.6520095
