 0
1.10724
-0.5233135
0.2397003
0.7312891
0.1091235
0.5713738
1.149897
0.5597343
0.1018816
0.5420187
-0.2938229
-0.7892547
-0.5809655
0.1409893
0.2025367
1.17498
-0.334275
0.04464936
0.04282355
-0.4264753
0.754451
-0.804395
-0.2400312
-0.1652062
0.002944946
0.1224863
0.3070717
-0.6080456
-0.01998064
0.5533971
0.2516285
-0.1321155
-0.3942084
-0.3785598
-0.2631306
1.236744
1.075397
0.06183124
-0.3693624
-0.4244951
-1.424065
-0.4934415
-0.1393237
0.02273643
0.3981356
1.267345
1.173753
0.0115291
-0.3705816
0.03457367
-0.1142559
1.37439
0.7370464
0.04055738
-0.5087756
-0.9368685
0.4078318
0.3528214
0.6312611
0.9863707
-0.180755
-0.09230483
0.2633044
-0.2678947
-0.2038019
-0.1160256
0.2920285
-0.3482534
-0.2373695
0.9409144
0.2012581
0.5966439
-0.03706205
-0.2759566
0.03297555
-0.4229083
0.1373447
-0.1536447
0.8238686
0.7699111
-0.04503536
0.2592378
0.7839572
-0.234961
1.282849
-0.395636
1.350154
0.2122624
-0.4140127
0.7568575
0.8737297
-0.4765356
-0.4140074
0.4724643
0.5515885
-0.3518881
0.4140324
-1.680499
1.005789
1.420577
0.1011555
0.1731634
-0.415103
-1.359487
-0.1768012
0.0057652
0.2104651
0.4557319
1.497062
-0.5202135
0.06085277
-0.2132018
0.3393576
-0.2372279
0.2819736
-0.4295263
-1.400619
-0.4835045
1.01306
1.003849
1.359101
-0.3127436
-0.5359418
-0.4193296
-0.6910797
0.0718286
0.09528711
-0.6245655
-0.4043081
0.1675339
-1.071142
-0.4738045
0.1991578
0.02756599
-0.02992421
0.3951772
-0.5479341
-0.3619197
0.8734977
0.4200263
0.7791638
-0.724504
-1.393034
1.15204
1.083505
0.8009682
-0.812085
0.06572294
-1.260539
-0.3184253
0.9694322
-0.3004698
-0.2897398
0.5811423
0.9829916
-0.374823
-0.2550991
0.5471733
-0.6686348
-0.6797208
0.4903964
0.08565855
-0.5924262
-0.3991441
0.5470266
0.5103427
0.3249007
-0.2811082
-0.2717143
-0.1991001
-0.1556445
-0.6473143
-0.2872785
1.242814
0.09144807
-0.7275689
0.5104434
-0.4507498
-1.026331
0.4904753
0.4597698
0.6473127
0.4392165
-1.006893
0.1277516
0.9286387
0.1702753
-0.8143165
-0.242745
-0.7684467
0.2136958
0.7899756
0.8885788
-0.9782459
-0.09651858
-0.2510442
0.2647353
-0.5515685
-0.1224499
-0.1733927
-0.2211839
0.9310563
0.4256994
0.5130684
-0.4167847
-0.5530806
-0.03960741
-0.5363072
-0.6045868
-0.3161105
0.8044562
-0.2387052
-0.4093624
-0.086308
0.2225692
-0.5006933
0.4912639
0.7027868
-0.1508629
-0.4330807
-0.5225807
-0.1921853
0.8330112
-0.1960769
0.9091542
-0.2508135
-1.219844
0.4027758
-0.3880419
-0.1523526
-0.14338
-0.2334154
0.7107558
-0.3848328
-0.3738925
-0.4637433
0.1312082
0.5031617
-0.389796
0.04368424
-0.8630666
-0.8995461
-0.2861999
-0.0406462
-0.02971506
0.2765311
-0.5866483
0.5719638
1.685632
-0.9552994
0.1985071
0.8877274
-0.09887004
-0.9813454
0.1050518
-0.4649703
-0.7215109
-0.427837
0.2827429
1.160652
0.4357945
0.185709
-0.7885961
-0.3747628
1.772246
-0.2432581
0.2047002
-0.3208743
-0.9968488
0.3432789
0.2214196
0.4298612
-0.1398022
-0.4999366
0.007660329
-0.1880114
-0.382975
-0.1644783
0.05158281
-0.8853468
-0.8781366
-0.3575193
0.1271711
-0.6377937
0.03479552
1.298837
-0.4906396
-0.1287394
-0.05195847
-1.007139
0.2811975
0.06356263
-0.006374121
0.1255333
1.194814
-0.06112522
-0.5247239
-0.2873164
-0.4552654
-1.203337
0.08977008
1.538844
0.07816786
0.4319601
-0.09591448
-0.8905254
0.2310102
1.258867
0.3163015
0.02458823
-0.5561247
-0.4343666
0.4979734
1.450351
-0.2722687
-0.180057
-0.1513909
-0.2210917
-0.3280903
1.169679
0.05776834
-0.3232661
-0.6439954
0.2072271
-0.1782751
0.7385123
0.458163
0.7326091
0.3182342
0.1639122
0.1648469
-1.009602
-0.4213213
0.06635064
-0.3583993
0.359266
0.230571
0.03161134
-0.8714843
0.2828251
0.9902406
-0.683673
0.7099719
-0.5829786
-0.4220572
0.5416944
0.4610673
0.1468381
0.1106
-1.039296
0.7553465
-0.2020119
-0.951425
0.2344941
1.54028
-0.2606695
-0.5108705
-0.5513058
-0.4742705
0.04624313
0.8609846
0.3143777
0.1495193
1.337147
0.1211501
-0.07173681
0.1251731
-0.4116417
1.035054
0.5452771
-0.2449536
-1.003673
-1.275034
-0.09869701
0.3608956
-0.2435695
0.882557
0.4203359
0.1314884
1.137497
0.4644828
-0.0846529
-0.3945217
-1.225965
-0.3939155
0.2118733
0.7278116
0.05138779
0.9489247
-0.3676183
0.001043707
-0.1384783
-0.167911
-0.2010665
-0.6187661
0.7823431
0.8546755
-0.2836573
-0.1410267
-0.007951856
0.4126105
0.2670703
0.166522
-1.211672
-0.9973556
0.3022708
-0.7336571
3.043707
4.362421
0.5283685
0.8151175
-0.2533046
-0.3156523
-0.6407497
-0.5226264
-0.2347839
0.4502564
1.352069
-0.3076508
-0.6914685
-0.5440289
0.4564494
-1.018257
0.2391934
1.809525
0.7821398
0.1657529
-0.9682154
0.1014905
-0.8393579
-1.276729
-1.388664
0.7246201
0.2189977
1.247126
-0.3982051
-0.1325898
-0.3379292
-0.7737047
-0.5041786
-0.148308
-0.9353853
0.7030673
-0.4867314
-0.2508268
-0.4281232
-0.9538896
-0.1541163
0.8857124
-0.3864861
0.335777
-0.0556524
-0.4161906
-0.2192485
-1.119892
-0.8573301
0.1326607
-0.2004483
0.2436991
-0.8845899
-0.7952774
0.2853955
0.5851586
0.7481186
1.306931
-0.4716869
0.2234256
-0.5538136
-0.8727829
-0.03876278
-0.262791
-0.3857651
-0.1030881
0.2238882
0.1456231
-0.2117558
0.1039454
1.320273
-0.5144616
1.050579
-0.5396969
-0.0480876
0.5278479
-0.1305254
-0.09289098
1.294241
-0.5329123
-0.5826674
0.1856091
-0.5590106
0.772338
1.130444
-0.02613908
-0.1793272
0.1215856
-0.7577559
-0.007590085
-0.02060831
0.07992846
1.472841
-0.1888179
0.5631101
0.04192032
-0.8436962
1.31618
0.0257225
-0.1720945
0.4243131
-0.6744562
0.03356171
0.1686935
2.024394
0.4968826
-0.313374
-0.4414055
-1.415141
-0.4828626
-0.1578128
0.2468344
0.512705
0.2339036
-0.5649807
-0.08701491
-0.1497972
-1.149077
-0.6804592
0.6898195
-0.1066058
0.2644529
0.4932301
-0.2459801
-0.02807045
-0.6431038
-0.6037295
-0.1219455
0.5919712
0.6676722
0.1914052
-0.07602143
-0.4397383
-0.7963421
0.682256
1.556044
-0.07065344
0.2411611
0.06414701
-0.7767211
-0.4512181
-0.09809101
-0.1073222
0.8528314
0.9813548
0.06125998
0.2111052
-0.6659678
0.4859404
-0.6875379
0.5171813
-0.5467938
0.9058349
-0.230894
0.2117281
-0.8990506
-0.6327742
1.286362
0.5998269
0.1830206
-0.1561727
-0.3205823
-0.7535487
-0.1049138
0.6038733
-0.2069851
0.7237054
0.7577965
-1.002286
0.1921538
0.8518227
-0.2984596
-0.8493153
0.951077
-0.1543147
-0.4405862
-0.7077113
-0.4787188
1.669338
0.215033
-0.3547873
-0.8912477
-0.7898538
-0.7718564
-0.1717417
0.5435961
0.5264963
-0.302529
-0.9103637
-0.3875688
-1.179445
0.4059805
1.532329
-0.7470291
2.044523
1.8708
-1.178408
-0.6565553
0.8575519
-0.3952394
0.7129128
0.3807851
-0.2526687
-0.2433813
0.6091351
-0.4407383
-0.2536107
-0.4360527
-0.6185837
0.7976915
-0.5697347
-0.4722331
-0.358773
0.6933147
-0.4242762
-0.8099866
0.216857
-0.3064893
0.2446441
0.396236
1.210639
-0.1525227
0.3646635
0.05213073
-0.07389903
-0.6007102
0.4059522
0.1237122
-0.3641455
-0.8043064
-0.2112014
-0.6605229
-0.7493939
-0.2406128
0.09456313
0.3164097
0.3038311
-0.7582246
0.014552
0.9577601
0.02465422
0.3293594
-0.8434806
-0.1573524
-0.6937395
0.2015147
0.2122318
-0.03444314
1.5061
-1.224097
-0.5130723
-0.04121539
-1.540152
-0.624177
1.216162
-0.3345249
-0.7594807
-0.5169095
-0.3215508
0.440414
-0.3458334
-0.4738767
-1.097956
0.3515353
-0.3167454
-0.5634412
-0.8977984
0.1754864
-0.5778769
-0.06017137
0.2528083
-0.6208709
-0.6836383
0.08514929
-0.8272624
-0.3500463
0.3446345
-0.1244467
0.1947847
0.1683979
0.4484615
0.2797722
-1.030966
-0.1857665
1.175035
1.286481
-0.09965062
-0.04801238
-1.155319
-1.303389
0.1491086
0.1672965
-0.3832288
0.4287057
-0.1722827
-0.04029748
-0.9553347
0.9100612
0.3602291
-0.8615275
0.3856258
-0.3301159
-0.1813068
-0.15139
0.6415507
0.5385349
1.422588
0.9651659
-0.9212645
-0.3962722
-0.2416142
-0.125829
-0.2398534
-0.02401614
-0.8267868
-0.2632769
0.04580379
-0.4907805
1.010852
0.8329505
-0.3145491
-0.03653723
-0.3083074
0.542845
0.2883869
-0.08487034
-0.07928065
0.7635403
-0.2669978
0.2042992
-0.2626219
0.5317683
-1.089865
0.9006653
-0.4915708
-0.1538734
0.82307
-0.640586
0.2279801
-0.9904284
-0.2054672
0.03896129
0.6228521
1.550969
1.154261
-1.509274
-0.2039479
-0.313956
-0.07756174
-0.08784211
0.6021911
0.5153664
-0.006752133
0.1199574
0.4990574
-0.6186752
-0.5199587
0.01911557
-0.9692848
0.4393447
-0.3946134
0.3975918
-0.3342812
-0.08940244
-0.3050631
0.7177128
-0.2677145
-0.1884651
-0.2436888
-0.9771082
0.2389428
-0.2200572
-0.1033194
-0.413746
-0.4343058
0.4955605
0.8077738
0.3074341
-0.4155606
0.1191394
0.3537459
0.4777875
-0.7511454
0.6897676
0.03894067
-0.2495886
0.3695152
-0.02545929
0.00483799
-0.1132216
-0.5612162
-0.2860388
-0.3334677
-1.010013
0.1285902
-0.1152346
0.3992103
0.04518448
0.4756169
-0.4999881
-0.3200893
-1.041024
0.3711396
1.395004
-0.1972352
0.3824925
-0.1299084
-1.341568
-1.032276
0.2214788
-0.4978661
0.3519907
0.3706673
0.1638073
0.1790067
0.1864903
-0.3640976
-0.1813563
-0.2160313
0.2960923
0.6067294
-0.8466786
-0.7140035
-0.320871
0.1633489
0.6043357
-0.1763031
-0.5356604
-0.6237037
-0.9035577
0.1580982
0.1492035
-0.05040759
0.02528554
-0.1650521
1.486299
1.045409
-0.08584142
0.3124065
-0.7214279
0.07439089
-0.8369225
-0.5411729
0.6209375
0.8365586
-0.626534
0.2376063
0.7505329
0.02922028
-0.733604
-0.0882709
-0.9803488
-0.7046043
0.5052491
1.062695
0.5250576
0.1634283
-1.289673
0.3492014
-0.5444816
0.5123062
0.1623333
0.5811551
-0.2676554
0.1824992
0.2431897
-1.751931
0.349933
0.2439208
-0.657557
0.353292
0.2288458
-0.2129622
0.2158277
-1.183436
-0.5378604
-0.6188881
0.1727346
-0.4370439
-0.254576
0.6094084
0.9706033
-0.6718082
0.1422239
-0.5955343
-0.014884
-1.192037
-1.100785
0.7223053
0.7619863
-0.7887866
0.01454306
-0.1882159
-1.031108
-0.6172602
0.5808126
0.09495467
0.2746756
0.6373199
0.6542103
-0.1967859
-0.293462
-0.6923217
0.642682
0.8385994
0.3808573
0.3726921
-0.4578342
-0.4690221
0.5972888
0.4817108
-0.281283
-0.07168126
-0.6113089
-0.5237724
0.1243884
-0.4307502
0.1295366
-0.7140338
-0.4656391
0.1125615
1.665712
-0.1520875
0.1887205
-0.2947134
-0.9845071
0.01515198
0.2825925
-1.332579
-0.5099919
-0.9453021
-1.335822
-0.6634893
-0.6548526
0.1919615
-0.7195835
0.2535983
-0.705837
-0.2064883
-0.6772914
0.2372932
0.4137643
-1.178003
-0.0354259
-0.5792779
-0.3953763
0.9187959
0.8962444
-0.7947673
0.08217371
-0.459022
0.6774313
1.734738
0.2234528
-0.05993366
-0.8741024
-0.8110769
1.789981
3.150877
0.7132576
0.3752164
-0.7311217
-1.534484
-1.576387
0.4516442
-0.636825
-0.2982486
-1.211184
0.7852755
-0.7528322
-0.8352582
-0.677081
-1.531693
-0.5696651
0.0099684
1.694903
-0.2813927
0.3987467
-0.2386653
0.0292809
-0.9723742
0.850432
-0.5903464
0.9344862
-1.601289
-0.7070911
-1.127554
-1.054652
-1.237536
0.1671722
-0.3509343
-1.848185
