-2.88209
-2.182174
-1.922571
-0.08009177
0.6370509
-1.222742
0.6575126
2.399307
-0.2980735
-0.4963147
2.079179
-1.519089
-5.0144
-0.5284064
1.405909
0.8218148
-0.4453009
-1.039482
-0.9803169
-3.362165
-0.1743442
2.215945
1.422464
-0.2458454
0.1165195
1.143498
2.44109
0.9532941
-0.01296041
-0.1886865
0.3797256
0.7899893
-0.09236579
0.811801
-0.04942511
-0.1497908
1.463637
0.1308475
-0.8252848
-4.165506
0.04366043
1.54699
0.3984574
-0.2637026
-0.7491624
1.434813
1.188275
-0.2272931
0.4305287
0.3871563
-2.248022
-0.3783484
2.470164
0.3209535
-1.29707
0.9395363
0.4275437
0.0332872
1.884107
1.223202
-1.220017
1.508336
1.002349
0.4393729
0.4766209
0.00398219
1.668431
-2.569617
-2.742644
2.882166
1.105305
-3.691485
-1.371006
1.751618
2.086809
-2.54011
-1.592803
1.789708
0.9380584
-2.202266
-3.855198
-0.791922
1.798086
0.6321216
-3.955423
-0.9685556
1.788466
-0.07321858
-1.289258
-2.980375
-1.035215
3.184311
0.5790047
-1.710842
0.7087025
0.7195452
0.6373705
1.355882
0.5810102
-0.08534721
1.264713
0.6564418
-2.588459
-0.5552375
2.526649
1.216402
-0.3561017
0.1883016
1.243112
-0.1940951
-0.9788858
0.5668959
-0.3496821
-1.564716
0.4988497
1.970321
-1.351223
-0.9281017
0.6608209
1.270974
0.6153951
-0.4059114
0.9827018
0.36204
-2.156977
-2.112278
-0.6346321
2.6861
1.276411
-1.265663
-0.2808577
1.36419
-0.7953845
-3.63725
0.2945152
2.713312
1.045216
-0.2008896
1.360687
-0.8109979
1.387787
1.268433
-1.663903
-0.9146051
1.252552
1.975217
-0.9161061
-0.4264959
0.9262048
-0.1874612
1.836438
1.570159
-0.705821
-1.095176
0.6947637
1.436084
-2.564974
-1.897164
0.6771571
1.088527
0.4863502
0.3750958
1.419088
0.5170804
-2.524999
-0.2795481
2.613184
-0.1373687
0.4558828
1.423625
0.4481586
1.281947
-0.4244575
-2.314788
1.142279
2.229182
-0.2430923
-3.843185
-0.5681199
2.819125
0.7785105
-1.743112
-3.68269
0.09936949
1.740915
0.5706148
-0.721009
0.9217524
-0.09065706
-1.177675
-0.1078756
1.419767
-1.873935
-0.06864496
0.6832575
1.79479
-0.8625993
-1.033194
1.39255
1.730864
-0.5395492
-1.22851
-3.408067
0.4285989
3.059638
0.01967596
0.6442927
-0.1309739
1.712697
2.063615
-0.5101008
-1.117914
-0.3142192
0.1977592
0.3948271
1.175841
-0.1749999
0.07441856
0.6782797
-1.321785
-2.863714
-0.1905859
1.38371
0.003853818
-0.9805186
-2.420561
-0.759225
3.09176
0.9700154
-2.538911
0.5315304
1.665766
-1.421774
-1.726661
1.302576
1.631294
-1.598278
0.7772405
0.5646604
0.2133936
2.701256
1.126268
0.6387708
-3.016523
0.7059866
2.169017
0.7299225
-1.400287
-0.1072895
1.748053
2.055709
1.517677
-1.077566
0.2305768
0.8606254
-2.159629
0.1771496
2.72752
0.6229842
-0.7499719
0.583924
0.3389134
0.1101666
0.6438895
1.807981
1.65064
-2.498312
0.08325849
1.179217
0.4483007
-5.479309
-1.399731
2.38242
0.7902037
-1.096187
-1.598529
0.1648432
1.305966
-2.634093
-3.53717
0.149577
0.9891501
0.9367695
-0.8225677
0.9161212
0.9893922
0.2506128
-3.370713
-0.6707048
1.941175
2.404188
0.07164063
0.150442
2.054628
0.116302
1.455379
2.227133
1.315468
1.077876
-3.498188
-0.6473033
2.52244
-1.046404
-0.5330756
-0.5049539
-0.2439982
1.59809
0.9143841
-1.373775
0.5792228
-0.3415926
-3.793632
-2.012647
2.060115
0.6912599
-0.6203337
-1.705254
-0.6983981
0.2195372
-1.180148
-1.10291
2.131495
1.621515
-0.327767
-2.412538
-1.986626
0.724359
0.1892404
0.6669612
-0.5848189
-2.909145
-1.886381
1.313983
0.8586477
-2.773037
-3.35236
1.070111
2.232641
-0.04131114
0.3518933
-3.249521
0.3202954
3.92958
1.12752
-1.548325
-0.02216609
1.776305
1.296183
-1.693791
-1.237049
3.034461
0.5909379
-1.712993
-2.013349
-0.6878825
1.975207
1.740746
-0.1221266
-3.819275
-0.9698727
3.297661
2.265644
-2.625947
-0.8213993
0.5083258
1.791479
-0.9307941
0.3616033
-0.1512519
-2.098193
1.104636
-0.1424175
1.366978
2.219682
0.6125175
0.2351259
-0.6142341
2.466177
-1.07724
-2.432146
-0.9601734
2.940371
1.42465
-0.35706
-3.859147
2.337076
2.187506
0.05754432
0.7591578
0.4982076
0.7085298
-3.529
0.466699
2.964903
1.363949
-0.6858932
-1.527906
-0.2605789
2.580727
-0.0333419
1.050202
0.03888297
-0.1752108
0.9463912
-3.251793
-1.34851
0.5088603
2.066584
0.1640078
-4.858181
-3.287928
0.5090035
0.1269068
-0.5580534
-0.2858895
-0.4444921
1.420393
2.074837
-0.5731359
0.378655
0.3440792
0.7949842
1.305458
-0.3095103
-2.003587
-1.926398
0.9593283
0.1327648
-1.204142
-2.874941
-0.1821459
2.205741
-0.4550128
-1.47416
1.525033
-1.163934
-4.098161
-1.765109
2.519978
1.066528
-1.552517
-1.565555
0.9905167
2.174377
0.6161262
1.953782
1.75616
-1.652912
-2.009673
0.4854149
3.174052
0.8797118
-0.7377084
1.379951
2.19276
0.7376246
-0.4404633
3.406853
2.075796
-0.08410302
1.867096
1.282889
1.397736
-1.212289
-2.670256
0.6681572
3.194734
-0.6755694
-1.133361
0.8893565
-3.299681
-0.4524827
2.261692
0.2087328
-1.563225
-2.906002
-1.535207
2.421223
0.8235325
-1.429545
-0.6035513
-1.654555
1.079955
2.297561
-1.075005
-2.022607
-1.320503
-0.9174446
-0.37838
1.476318
1.450251
-0.3761382
-3.496834
-0.4984032
3.833367
0.568873
-1.231246
-2.195681
1.400753
2.098731
-3.533094
-0.1627511
2.198715
1.783512
0.3166323
0.402119
-3.093146
1.542096
4.511636
0.2971858
-0.3222105
0.02414054
0.3624575
2.075522
-0.8724721
-1.375316
1.279096
1.431729
-0.9898118
0.442827
0.7952866
1.123076
0.04110491
-0.1703936
-3.202953
-0.412607
2.324827
0.3482103
-1.172945
-0.002439111
2.492575
-2.97448
-2.221557
1.393528
2.270961
-1.069597
-0.6576894
0.2382486
1.257272
1.565785
2.015283
0.6720691
-2.383732
-0.9290287
1.918849
0.6939032
-0.04113009
-0.9730499
-4.90498
1.820128
2.258049
-0.2726815
-1.054648
-0.9764435
1.430074
-0.5694802
-2.135158
-1.878458
1.034845
1.536125
-0.3161721
0.4058153
-0.740119
-0.2041125
-3.413416
-0.6691001
1.897777
0.004259647
-0.4875812
-0.5159144
-0.7437156
-2.976488
-1.681384
2.582166
0.3617112
-1.072495
1.203584
1.79787
1.989333
-3.886602
-1.255049
2.37203
1.843842
0.7683069
0.7001886
1.380924
-1.311788
0.5678625
2.617464
-0.2998309
-0.03379487
-2.78196
-0.4745703
2.627123
0.5702192
-0.8376457
-0.5613855
0.3587026
-1.752949
-1.666819
1.946724
1.587831
-0.5682077
-5.641667
-2.855479
1.193659
1.015584
-2.443166
-2.155826
-1.472825
0.1595265
1.462686
-2.887163
-2.278011
1.473721
0.08389037
-1.148536
-0.06029721
3.420989
0.2301873
0.4902279
-3.125792
-0.4917407
3.682342
0.3194993
-1.424595
2.856617
1.931475
0.6182833
1.320652
-0.2542611
0.4249774
2.569523
-1.566103
0.5524841
2.351036
0.4970368
1.41832
0.07140105
-1.075059
0.01894275
2.405375
2.260149
0.04411879
-1.11425
-2.83784
0.1782939
2.788922
0.04177506
-3.683963
-0.07611341
-4.669278
-1.348336
1.225706
0.3156853
-2.044339
0.2912131
1.41532
0.5124177
-1.04199
-1.74294
0.703203
-1.416035
-0.4354049
1.977218
0.5346505
0.3642246
-0.2346667
-2.232916
0.5749773
1.810022
-1.605101
-3.083851
-0.2892781
2.053399
-0.3184654
0.1118525
0.694829
-2.913557
0.08740904
2.305542
0.3225446
-0.8059565
-4.473211
-0.06749564
2.725726
1.516364
-1.816081
-2.855061
-0.4461965
2.216607
2.260759
-1.099895
1.140242
1.218638
2.36097
0.4062274
-3.933433
1.667655
3.380888
1.466019
-4.088834
-1.714658
3.304249
1.057168
-0.366843
-1.509477
-0.3551642
2.773867
0.9568076
1.019786
-1.147183
1.377117
2.463391
0.6989568
-2.013334
-2.216667
1.576748
1.832643
-3.039227
-1.130537
0.8514743
2.88372
-0.4306908
-0.06027402
2.244419
-0.2211541
-2.348766
2.266505
2.882545
-0.3695883
-1.213116
1.048272
1.197765
-0.6523215
-0.7410543
1.809774
1.291216
-3.352431
-1.374626
1.721919
1.709996
0.6014907
-0.3207574
-3.818199
0.2607951
3.209877
0.2597001
0.1756241
-0.1276162
-1.73836
-2.027205
2.218508
1.277062
-0.8595478
-1.786524
-2.661478
-0.1722587
2.279229
-1.094586
-3.317121
-0.6250503
0.8210559
-2.764638
-2.952888
-0.101089
2.250412
-0.9423632
-0.1281576
0.270478
-0.6322115
0.05055666
-0.4299126
-0.4293384
0.9403593
-0.1648489
0.4076441
-1.63287
-0.6474454
1.76483
0.4940739
-0.4660779
0.5154179
2.242028
1.839405
-0.2824386
1.317053
-2.48364
-0.9026667
2.778643
1.055656
-2.436769
-1.270977
2.02898
0.6923055
-0.1949919
-2.372462
-3.316845
0.4202706
2.043123
0.1018278
0.07639799
-4.929654
-1.315662
3.91476
0.6699957
-1.207892
-0.8532836
0.2857846
-0.4225819
-0.3515031
1.762063
0.478445
-0.5963267
-1.953134
-4.109471
0.2730329
2.465163
-0.6450402
-0.03736027
0.1829689
-0.2591467
-1.54472
-0.4947792
-5.025532
-2.887499
1.578873
1.436486
-0.7438315
-0.3282578
-0.02313112
0.6136305
0.4119852
-0.07389436
0.6107299
0.6692759
-1.923316
0.266252
3.034231
1.524631
0.3171076
-1.004869
0.1935388
0.7741773
1.22764
-0.7129718
-1.510983
0.09931798
-0.2461196
0.7122856
2.020824
-0.3646848
-0.8864261
0.8015472
1.532556
1.389428
0.6388995
0.221715
3.269492
0.228901
0.1540639
0.1640505
2.499416
1.360064
-1.180233
0.201926
1.580093
-0.3309092
-1.913389
1.587052
-1.783011
-1.864544
-0.8843946
1.54472
-0.5187137
-0.3868226
0.5560362
-1.551625
-1.039335
1.948265
0.3174932
0.8345738
0.4328226
-1.685903
-3.827694
0.589983
2.024852
-0.4458161
-2.018872
-0.5422543
-0.126836
-0.5232702
-1.106267
0.8976312
2.302333
1.191392
-0.1526884
-2.358608
-2.588505
1.531849
1.610763
0.3843801
-0.4036728
1.509673
-2.343393
-0.3591627
3.151841
0.9928032
-1.974418
-1.101294
1.711397
1.449046
-3.001876
-2.057539
1.909979
0.9892902
-1.357467
0.1371339
-2.91258
-0.2571129
1.745641
0.2404074
-0.7084376
-2.22285
-1.61291
-0.7888675
0.8892314
1.434994
0.08227308
1.221686
-1.703531
-0.4508519
1.088215
-0.04853139
-2.640141
-0.3496037
2.99403
1.626338
-1.381193
-0.31755
-0.966874
-0.08970509
-0.6548461
-0.8194993
0.6958527
-0.2690829
1.089573
0.958446
-2.735656
-0.6463267
3.341146
1.788295
-0.4882007
-0.4354802
-2.582182
-0.282078
4.187934
1.128444
-4.618805
-0.1885885
2.838243
0.2232732
-3.218787
-0.5637248
3.672938
1.486857
-5.675669
-1.326883
0.4134067
-1.210973
-2.627265
0.0214295
1.028947
0.9538138
0.1537516
0.9036176
0.2463625
2.743315
-1.007125
-2.366565
0.522868
3.37663
-0.5208636
-0.7258734
-0.5677701
-0.7542224
-1.341258
-1.289398
0.01232487
1.167071
-0.6827986
0.6984693
1.878838
1.237905
-1.401462
0.01053443
-1.481398
-1.811814
1.735933
2.129613
