 0
3.925957
3.733997
4.964668
3.976631
3.328259
3.636131
4.707054
4.095665
4.750973
4.516422
4.150181
4.054718
3.7612
2.775959
4.514587
4.289448
4.114464
4.024174
4.748478
3.3745
4.017197
3.577988
4.951275
4.186584
4.873558
4.208248
4.327309
4.466881
4.074234
3.373909
3.937202
4.261795
4.561817
4.09589
3.731293
4.038334
3.174187
3.574955
3.693684
4.843567
3.986614
4.534599
3.704414
3.84325
4.136845
3.422382
4.237488
3.912346
4.24633
5.508728
3.909779
2.986996
4.877777
4.350834
3.761051
4.181709
4.195538
2.985806
5.125908
4.572281
5.183342
5.257114
4.47876
4.433323
4.503159
4.062801
4.466892
4.60751
3.906342
3.586998
4.331467
4.249142
4.411598
3.731075
4.897945
4.00444
5.035954
4.714169
3.576653
3.840458
4.16695
4.482964
4.127136
3.719769
3.946514
4.153461
4.392349
4.116573
4.159615
3.981155
3.935097
4.090782
3.683765
3.671593
4.236717
3.300426
4.385914
4.992458
4.173306
4.846886
5.087299
4.660572
4.817062
3.300507
4.608459
3.494534
4.592941
4.645748
4.466064
4.263477
2.774796
4.611328
4.426937
3.875332
4.699345
4.348778
4.619675
4.730789
4.819149
4.357075
3.502075
3.489658
3.235256
4.848354
4.746758
4.326706
4.652554
4.630493
3.021198
4.143871
5.572685
3.969528
5.513268
5.403793
4.519554
3.476219
3.311901
4.693691
4.976501
4.073097
5.340569
4.311726
4.303326
4.46011
3.988411
4.120743
5.436649
3.765308
5.080963
5.803787
3.334526
3.080528
3.994598
5.029442
4.415699
4.401642
3.28598
4.397015
4.023121
5.077194
5.367023
4.499138
4.648476
5.087055
4.6134
4.377708
5.128479
3.800934
4.368191
4.66428
4.212662
3.974136
3.585346
4.886318
4.499081
4.430416
4.331692
4.388725
4.132519
4.188599
4.636333
5.828674
3.728836
4.226723
3.454075
4.636772
4.462711
3.952118
3.886703
5.379833
3.885269
4.474918
4.955719
3.933094
4.337936
4.479317
4.171452
4.571606
2.971428
4.557232
3.986118
4.704891
5.25452
4.990864
4.432304
4.279194
4.250904
2.861809
4.203579
4.591393
5.214306
5.13385
4.689907
4.285042
3.012405
3.271553
4.401733
4.582081
4.667202
4.920471
4.201256
3.88731
4.392143
4.527802
3.877228
3.852993
4.795116
4.708
3.112682
5.084621
4.737606
4.137302
5.161255
5.24234
4.538307
3.038929
4.991467
4.774303
4.600693
4.941971
3.723431
3.729553
4.488033
4.299488
4.631836
5.075867
5.007969
4.73658
4.235565
4.458523
4.748936
3.79129
4.87933
3.949959
3.800163
3.963985
3.991699
3.409718
4.448112
5.144291
4.693424
5.486687
5.044407
4.398682
4.028534
3.074863
4.556248
4.034657
4.50502
4.513996
4.739796
2.611866
3.913017
4.632931
4.992409
5.296028
4.867947
4.457417
4.337029
3.313992
3.632874
3.043209
4.412281
4.220631
4.333282
5.611725
3.90102
3.741982
4.538109
3.818542
3.861702
2.759956
4.871693
3.637135
3.736893
4.968014
5.164383
4.950592
5.231762
3.532887
4.036602
4.784225
4.702816
5.371769
3.538998
4.774185
5.215595
3.907154
4.852367
4.725212
4.449707
4.973492
4.321663
3.320778
5.408207
4.666668
5.144669
5.361084
4.472378
3.962502
4.29187
3.986637
3.509773
4.126415
4.33271
4.285065
2.829449
4.746834
4.093651
3.075359
5.269367
4.796566
3.916073
4.622662
4.825901
3.664326
4.320843
4.563923
3.274197
4.332458
4.233685
4.325943
4.678574
4.158512
3.965485
4.79797
4.486427
4.227901
3.612717
4.101357
4.753967
4.656242
5.020267
4.079002
3.738415
3.883633
4.051731
4.07655
4.726143
4.123993
4.666626
3.806656
2.08342
3.008472
4.290241
4.840488
4.24054
4.897655
4.822781
4.671497
3.806591
3.377377
5.034557
4.228516
4.657726
5.446152
4.491058
4.379353
4.681946
4.316456
4.382561
3.265442
3.953102
4.516655
4.400482
4.302628
4.429161
5.149403
3.914082
4.185097
4.188026
4.796856
4.014626
4.661911
5.225994
3.884518
3.92382
5.211147
3.969151
4.111061
3.923931
4.701614
3.909088
4.188541
3.076817
4.9333
2.685169
1.754925
1.84396
3.445141
4.23035
4.025146
5.420326
4.910194
5.237175
4.784538
4.812462
2.816284
3.976124
4.885254
4.333351
5.426025
4.989815
5.160824
2.55138
3.481995
5.427811
4.531593
4.691196
4.874134
4.442814
4.058697
4.860218
3.672142
3.684925
5.318695
4.070362
3.860863
4.36681
5.321209
4.490673
4.929108
5.041931
5.097172
4.725315
4.654461
4.094643
4.465267
4.036491
4.634766
5.136696
3.634251
3.192074
4.774288
4.409187
4.816586
5.052757
3.804962
4.344372
4.780746
3.521194
5.079624
3.803581
6.13406
4.731396
3.881641
3.843475
3.894047
4.917103
4.753502
4.849926
5.219055
4.395737
4.464779
4.989021
4.05764
4.345291
4.966919
3.318062
3.70153
3.554104
5.513809
4.019402
3.71656
5.652065
3.644402
3.83123
4.417469
5.003662
4.274792
4.19524
3.38356
4.720886
3.767227
4.790886
3.671619
4.604553
4.430378
4.56562
5.097073
4.252815
2.451809
3.69754
4.496445
5.203793
4.450306
4.376656
4.613483
4.505054
4.677589
4.314869
2.845566
4.712151
4.727287
5.143726
5.097645
4.299454
4.925117
3.612114
4.351311
4.214272
4.279266
4.279457
4.60976
3.636669
3.784119
4.465515
4.92955
4.565037
4.898083
3.947155
4.242851
4.212742
3.889072
4.468517
4.473186
4.021564
4.327408
4.379799
3.686504
3.589752
5.057968
4.387386
4.464001
5.52375
4.3372
3.734394
4.223911
3.636299
5.115894
5.489227
4.068356
4.468964
4.064629
4.362354
3.766148
4.580921
3.403484
4.773647
4.588955
4.867653
4.860413
4.252789
3.462936
4.332645
3.551949
4.812813
5.727097
4.234688
2.717609
4.650997
4.801319
3.762394
4.928379
5.230816
4.759731
4.117901
5.078857
2.943756
4.44973
4.604145
4.71809
5.409054
4.747356
4.612511
4.371597
3.988766
4.563522
3.951569
4.145935
5.004597
4.390945
3.053291
4.733345
4.096844
5.292423
3.777771
4.050724
3.837677
5.134571
5.000793
2.296024
2.709827
4.093113
3.848751
4.027092
4.04245
3.136772
4.109909
4.672745
4.179993
4.399784
4.928272
5.161449
4.434872
4.604218
5.794285
4.426865
4.660324
5.301872
4.117416
3.798878
4.656708
4.798668
4.143631
4.140453
3.721603
4.797348
3.164368
4.883942
4.077946
3.472122
5.191257
4.555893
4.361816
4.925423
5.058098
4.250568
5.492512
4.845604
4.485138
4.712975
3.630653
3.591484
4.796047
3.733749
5.158379
5.314396
4.715073
3.709061
4.86058
3.956783
3.568481
4.758263
4.748386
5.332638
5.38184
4.657227
2.888901
5.044796
4.251606
4.889282
4.984489
5.381588
4.029465
4.676899
5.740139
4.078419
4.297844
4.603207
4.975098
4.288277
4.882011
4.450081
4.070354
4.592754
4.258106
4.197754
4.997887
4.048248
4.669205
4.663067
4.443619
4.671577
4.84985
4.864086
4.055428
3.727501
4.148537
5.082012
4.416851
4.804264
4.41724
4.247005
4.453876
5.076061
4.877125
4.428986
4.295582
5.054344
4.809803
4.269672
2.816601
3.773014
5.012829
4.005901
5.292091
4.752407
4.08202
4.188145
4.086346
4.724373
4.589657
4.922306
4.587582
4.193459
4.595318
3.813301
4.508526
4.369236
4.486629
4.680637
3.897907
3.672459
4.686272
4.772892
4.554935
5.46109
5.158314
3.342506
4.313763
4.257114
4.566437
3.785183
4.02298
4.204678
4.970238
4.420864
4.914246
3.50272
4.729858
3.500843
3.314682
3.973751
4.949406
4.619843
5.121365
4.034763
4.351627
2.856293
3.259686
4.095779
4.158276
4.922852
4.760555
4.949226
5.16114
4.541286
4.128555
3.561695
5.115192
4.107174
4.725266
5.143887
4.181522
4.297981
4.717838
4.750633
4.573578
3.49453
4.671207
4.650127
4.683811
5.171455
4.558208
3.436672
5.358788
4.866203
4.658924
5.456631
4.926891
3.997238
4.963371
4.329956
3.706402
3.2514
4.414337
5.197346
4.568317
4.523933
2.363033
4.584511
3.847645
4.820892
4.732841
4.150063
3.600471
5.097816
4.699226
3.655769
5.7892
4.729
4.162838
3.966228
3.794899
5.045879
4.761116
5.353123
5.29147
4.812157
4.686462
4.169716
5.273449
3.829166
4.798668
4.853951
4.851604
4.593639
3.88596
4.920044
4.151295
4.481003
4.07349
3.845165
4.245792
4.694641
4.727768
4.863899
4.713383
4.250462
4.710636
4.397888
3.764236
4.626228
4.615776
4.302429
4.044094
4.952717
4.877724
5.239456
4.819168
4.315323
4.027554
3.653828
4.545254
3.868511
4.422131
4.323402
4.389221
4.544941
3.578506
4.565796
4.087231
4.594646
5.208958
4.44025
5.316494
4.171204
4.530125
4.78627
3.210453
3.708576
4.01049
5.324188
4.368378
4.71199
5.054619
4.314526
4.634956
4.153645
4.065491
5.129547
3.754616
4.579266
4.10709
4.059525
4.408661
4.422562
5.741413
4.387291
4.599873
4.374405
3.939304
4.270206
4.548309
5.347141
5.077095
4.274132
4.475258
4.503696
4.856255
4.855579
5.009132
4.466831
4.019382
5.032379
4.789463
5.473518
3.37537
3.795658
4.973003
4.933102
4.783775
5.235867
5.108952
4.267879
4.443623
3.103939
4.590767
4.846027
4.484222
2.264103
3.578896
4.194263
4.590145
5.542423
5.119453
4.519871
4.065121
4.536835
3.905827
4.315788
4.842831
4.500168
5.379787
4.565502
2.915928
3.816204
5.239239
4.900234
4.477741
4.11359
4.619926
4.617962
4.421192
5.700027
4.619316
3.84346
4.342445
5.217499
4.612579
3.623497
5.24482
4.025528
4.251072
5.634445
5.620136
4.984531
4.982224
5.434414
5.177132
3.71722
4.583107
5.16544
3.901115
6.214867
6.087891
4.582954
3.191898
3.037666
5.22913
4.515697
4.6605
6.004326
4.064079
2.853539
2.691685
5.836742
4.510277
5.10088
5.42606
5.485676
3.401787
4.848877
5.162491
5.101246
5.058704
5.494843
3.953609
3.487038
4.516323
5.480221
4.558891
5.829411
4.474056
4.432484
4.47578
4.497208
4.07571
4.647308
5.02924
5.83588
4.487152
5.510918
4.864567
4.511639
4.767677
5.792385
4.528046
