37.51441
37.52712
37.27024
37.12988
37.62397
37.17456
37.48586
37.74129
36.75194
37.05183
37.26235
37.22539
36.79394
37.37131
37.28157
38.4336
36.32008
36.55892
36.4913
37.30751
37.67093
37.91451
37.6436
37.5187
36.74992
37.42089
37.29131
37.96625
36.68513
37.10288
37.15345
37.32948
36.77411
37.35828
36.79288
38.15275
38.37735
36.64196
37.47439
37.22414
36.77487
37.06429
36.68064
37.39484
37.79888
36.77819
37.67621
36.92388
37.35279
36.98468
37.27015
38.16031
37.73322
37.42625
37.68171
37.64442
36.81696
37.21634
37.01085
38.44054
37.31335
37.10023
36.83724
37.6699
37.93261
37.62215
37.99068
38.0347
37.78773
37.44527
36.78082
38.27094
37.62045
37.34838
37.42867
37.90046
37.66131
37.12034
37.64104
38.47699
38.06313
37.00754
37.48381
39.01013
38.20029
38.41525
37.31491
38.05307
38.98096
36.74867
37.04865
37.86439
37.66376
38.23023
37.04071
37.61373
37.30615
37.60447
37.19947
37.7051
37.37371
38.51708
38.21961
38.75094
37.93056
37.97043
38.88264
38.64501
37.3001
39.055
37.91666
37.22662
38.90005
36.7889
36.76043
37.89556
37.61942
37.39838
37.84988
38.38364
36.80679
37.97657
37.93573
37.31184
37.09134
37.08374
37.80306
37.7182
37.45874
37.68448
37.13829
37.83167
36.48866
36.91615
37.34133
37.36874
37.36786
38.26619
37.31744
36.40392
37.67748
37.32154
37.18471
36.95753
37.91701
38.07014
37.7273
36.98466
37.11604
37.34664
37.25114
38.51139
37.77346
37.1601
37.76339
37.51355
36.72459
37.26179
37.41972
37.58546
37.71405
39.17534
38.84922
38.32335
37.90597
38.12672
37.63324
37.19527
37.52237
37.58374
37.87382
37.58189
37.89549
37.26274
38.10449
37.90717
36.88909
39.08205
37.26461
37.43826
39.47474
38.11129
39.17735
38.14004
36.59571
38.08246
37.42641
37.47171
36.74592
37.67571
37.65269
37.63168
37.94603
38.15373
36.73418
37.24082
37.99106
37.65945
37.35708
37.2991
37.76402
37.72058
37.96269
37.77726
37.53734
37.51915
37.37323
37.19715
37.30507
36.35101
36.66761
37.25012
36.57041
38.03297
37.32718
37.17994
36.82954
36.66898
36.532
36.22747
37.34525
36.7281
37.04377
36.19178
36.75353
36.22485
36.44382
36.53676
37.64499
36.84114
36.32869
36.48545
37.24752
36.2129
36.60701
36.47879
36.88394
37.00296
37.25391
37.35758
37.95874
36.79543
36.92241
36.74627
38.79379
38.24993
37.63934
36.90091
37.42284
37.74387
37.56216
37.30273
38.0628
36.58759
36.29165
38.66056
38.01755
37.01823
37.40411
37.68708
36.9341
38.45903
38.70514
37.90807
37.49516
38.05995
37.09618
37.86321
38.36502
37.34082
38.20217
37.72921
39.03381
36.28173
37.97455
37.54812
37.09239
37.62557
36.67265
38.37823
37.79255
37.60875
36.92207
37.0677
37.49493
37.04307
38.11613
36.86942
37.37706
36.92793
36.10606
37.25303
37.59216
37.67354
37.61061
37.24935
37.72286
37.39621
38.50657
38.30036
37.19159
37.24294
36.80352
37.60106
37.69233
37.29725
36.90251
37.78127
37.08551
37.13396
37.16882
36.75645
37.09803
37.75463
37.63499
36.14029
36.25766
37.09581
37.83401
36.61905
37.63469
36.65409
37.04333
36.21459
37.99467
37.65026
38.0551
38.92555
37.40288
38.46949
37.68683
37.82623
38.16084
36.78968
37.60189
37.49884
38.06554
37.17509
37.49145
37.87163
37.29359
36.67006
36.97626
38.43528
37.66941
36.96988
37.10917
37.11482
38.23598
37.57037
37.28262
37.17628
37.43262
36.18142
37.46049
36.85247
36.9079
37.61643
37.85733
39.54064
36.86891
37.80478
37.51701
37.8746
39.08655
37.07904
37.47267
37.82322
37.3175
37.79008
37.52222
37.32518
36.63231
39.9484
38.40182
38.75394
38.27435
37.90986
37.33079
37.50052
37.87643
38.8345
36.67689
37.13538
37.44469
36.82537
37.9936
37.40979
37.12845
37.14528
37.09658
37.56371
36.90909
37.22423
37.82076
38.1765
37.76603
37.25162
37.25946
37.4808
37.59295
36.36311
37.37821
37.52492
38.33473
36.72669
37.60992
36.41767
40.14862
44.72147
39.50105
38.53747
39.17735
39.13462
39.5935
39.8777
38.96539
38.55885
38.96988
37.54128
38.42131
38.15404
37.16107
37.23878
38.49119
38.25404
37.70485
37.46594
38.25187
37.46574
38.93949
38.13715
37.20541
37.66722
37.54731
38.94468
37.99277
37.34443
38.93259
37.80761
37.69176
38.89265
36.98068
37.38538
37.641
38.04234
37.34066
38.13673
37.27827
37.46278
37.00062
36.76255
36.89324
38.19835
37.5743
36.90618
37.68374
37.3424
37.01681
37.45858
38.07864
38.14614
37.70009
38.02178
37.40752
37.74375
37.47931
37.4029
37.56486
37.82266
38.17237
37.82436
36.64339
37.67604
37.53379
38.64218
38.57675
38.39074
38.3188
39.62952
38.29287
38.06742
38.31506
38.92202
39.28196
38.11436
37.71848
37.60659
36.72962
38.60884
36.6192
37.86246
38.3604
38.79051
37.88446
37.93455
37.53504
39.0381
38.99272
37.86071
37.55579
37.30156
37.9409
38.02831
38.51287
38.28177
38.37672
37.9229
37.26308
37.81801
38.48264
37.43898
37.60102
37.08591
36.87419
37.20189
36.93909
36.11641
36.74043
38.54806
37.61461
37.66348
36.33272
36.79216
37.84345
37.27401
36.73842
37.28923
36.99817
37.66638
37.91466
37.48062
37.53028
37.20247
38.97536
37.63854
38.01615
37.09821
37.54517
38.36634
37.15673
36.80037
37.6691
37.16302
37.60621
37.78765
37.42987
37.52876
36.58416
37.70382
37.26294
37.55828
37.42483
37.47382
38.16175
37.47685
37.61711
37.04189
36.80564
37.51857
37.09359
37.70808
38.18382
37.48479
36.99615
37.52491
37.66899
38.25313
37.74299
37.24032
37.37782
37.959
37.67009
38.25489
38.63647
37.79003
37.1901
37.47543
37.31884
37.01327
37.35264
37.95186
36.99536
37.12693
37.4018
36.58489
37.25119
36.71367
37.44947
38.12071
37.13844
36.91974
37.83304
38.8632
37.71651
37.93018
36.94989
38.13298
37.2139
36.90154
37.64136
37.01171
38.31044
38.97063
38.61931
37.72106
38.49218
38.73842
37.03986
38.63978
38.12602
37.88026
38.02465
38.59459
38.02241
36.9111
38.75989
38.4737
37.09322
38.02362
38.36058
37.27308
37.29473
36.88305
37.43378
38.28427
39.28648
38.6999
38.65633
37.56815
37.7346
36.8501
37.48273
36.58516
36.80292
37.1601
37.17381
36.4631
37.44102
37.6158
37.60562
37.72686
37.44054
37.19419
37.90666
38.72338
38.12864
38.02753
37.07567
37.55226
38.09486
36.92787
37.56404
37.16182
37.3362
37.37477
36.2586
37.57537
37.18302
38.12809
37.47469
37.91167
38.04225
38.27749
37.95401
37.44914
37.23612
37.08342
37.39243
38.19922
37.45462
37.47491
37.52719
37.95132
36.76373
37.5247
37.43833
38.46297
37.74071
37.02354
36.69697
37.74303
38.35402
37.54959
37.56836
36.90812
37.75296
36.94625
36.85743
37.29617
36.53973
36.64804
36.73286
36.62633
36.2261
36.88266
36.49786
36.6812
37.53014
36.69015
36.73203
37.64426
36.71595
37.50504
38.69189
38.48997
37.53081
37.74902
38.6947
37.98577
38.19756
38.63337
38.04157
38.15464
37.3832
38.05503
37.47124
37.25559
37.58389
37.85637
37.46204
37.20561
36.65406
37.17308
38.26809
36.6062
37.15499
37.41723
36.64582
37.41837
36.71214
37.84271
36.8882
37.80747
37.5841
37.65069
36.14529
37.4339
38.01975
37.68092
37.43029
37.33922
37.37
36.78328
37.03289
37.72097
37.89807
38.28195
38.19405
37.1014
39.72685
38.81506
38.82968
37.81036
38.5406
38.34414
38.85654
37.49508
38.0497
39.10041
38.90613
38.26836
37.63058
37.02774
37.42113
38.7166
38.26431
38.35531
37.96733
37.36174
38.57884
36.62749
37.98722
38.18261
36.54517
37.08675
36.99327
37.21355
38.66178
38.15313
37.27065
38.95972
36.67989
37.74231
37.51993
36.13686
37.29222
35.44599
36.99146
37.17692
36.24475
38.2298
37.48338
37.62148
38.92734
37.39988
36.57153
37.02457
37.49143
37.62396
36.96899
36.74397
37.34218
37.17354
37.44938
37.23462
36.52772
36.75013
37.62756
36.90492
36.44904
37.0851
36.81335
36.09571
38.24081
37.25655
37.01992
37.7589
36.70699
37.78898
36.82912
38.09846
37.36035
37.20304
37.39241
36.87458
38.30873
36.84287
37.00948
37.70414
36.93879
37.45374
37.93932
37.49236
38.61437
37.76897
37.61167
38.15007
37.72994
37.53777
37.48106
37.29831
37.62198
38.20436
37.43911
37.61548
37.36948
38.35114
37.14878
36.6846
38.16754
37.04029
37.4777
37.23359
37.55076
37.44092
37.394
37.34931
37.71757
37.63851
37.69283
38.90196
37.43964
37.02952
38.16994
37.50661
37.81095
37.99338
38.63656
39.17345
38.63279
36.77785
37.67618
38.55149
37.18361
37.28016
38.49522
37.52777
37.17755
36.97589
38.17614
37.14542
37.05019
36.88025
37.34175
37.72078
36.64014
38.66215
38.19157
38.66776
36.70746
38.58865
36.53912
38.08372
38.14449
37.16726
37.19388
37.5731
37.96176
37.76344
38.16853
37.80192
39.00574
38.00254
37.63807
38.08528
37.23098
37.11996
36.68734
37.20998
36.81912
36.96754
41.31909
39.96725
37.43021
37.36224
37.49736
37.84679
37.74188
37.17401
38.4228
37.38621
36.98932
37.59465
36.90461
37.5636
37.89002
37.63573
37.3805
37.50295
36.93732
36.99297
36.92748
36.89859
36.40318
36.57138
36.58199
36.62933
36.95743
36.56283
36.99498
36.64227
36.95269
36.7606
37.46324
37.54271
37.14083
38.52102
37.57161
37.44581
37.36327
37.10816
37.17555
36.96988
37.6267
36.50513
36.90516
37.85553
36.7017
37.23849
37.2566
37.50123
37.46216
36.76752
37.1927
38.13646
39.28404
37.85487
37.61864
37.02889
36.9695
36.72392
36.47893
36.8539
38.32423
36.35523
37.12093
36.67593
37.64312
37.01748
36.15422
36.69672
36.72906
37.48078
36.73508
37.54305
38.67104
37.02153
35.93491
37.04223
36.84097
37.42174
37.03404
37.63365
35.96281
36.64704
36.33053
36.64013
36.21648
36.16461
