 0
-0.1182039
1.065179
0.3594337
0.5972372
-0.1581199
0.3356787
-0.1335883
0.3496108
0.7737679
-0.08798365
0.6415024
-0.2612188
0.5256431
0.1022731
-0.1236465
0.3649664
-0.943993
0.2801955
0.3001649
-0.5235773
0.7667692
-0.2871976
-0.6301357
0.6454045
-0.1673277
0.3111446
0.4793384
0.2485321
-0.1604833
-0.1269884
0.3852665
0.2204546
0.09383285
0.6285079
0.8604361
-0.7122439
0.1493943
1.022339
0.4245818
0.4609931
-0.5139269
0.3757512
-0.153979
0.1083575
0.2213612
0.4084378
1.256985
-1.174881
0.858427
0.2003983
0.8174689
1.007354
-0.1817039
0.3494056
-0.8126888
0.9069605
0.5005741
-0.0909903
1.3824
-0.5995377
0.4586196
-0.09591162
0.2366388
-0.0295037
-0.4888084
-0.2591746
-0.3889489
0.2740157
0.2107234
0.9654291
-0.1489349
0.3279908
-0.7981272
-1.517442
-0.7060264
-0.5247344
0.3896923
0.9549249
0.395268
0.4238694
-0.6768805
-0.1734134
0.07194209
0.6780533
1.355548
0.493999
-0.1639304
0.2915342
-0.7895582
0.2409949
1.050763
-0.1049284
-1.17629
-0.6865994
-0.1665575
0.4321905
0.1027187
0.0175209
0.1919058
0.3827196
0.2545248
1.110651
-0.9662968
0.7280638
-0.6374314
-0.7053275
0.2345624
1.853562
0.6354482
0.05792987
0.6535901
-0.7565701
0.6031275
1.311811
-0.8449129
-1.237108
-0.4478853
-0.1020382
-0.5405663
0.9292108
-0.1284312
0.07934833
-0.2219087
-1.457684
-0.1038582
-0.398795
0.2412903
-1.139034
-0.4548984
0.2980247
-0.003179312
-0.3541359
-0.708227
-0.07103823
0.0325506
0.1737445
0.5868819
0.2674223
-0.6895065
-0.1832337
0.215272
0.1704459
0.02028172
0.4004901
0.6204925
-0.3672205
0.8744416
0.04398906
0.3390832
-0.3859002
0.3772867
-0.4389
-0.3445656
0.395007
-0.05796047
0.2108804
0.5295745
0.8209579
-0.7897194
-0.3177016
-0.295861
-1.905915
0.4796226
-0.2990425
0.007304311
-0.6067257
0.6611214
-0.3893438
0.7441945
0.9113159
-0.4314077
-0.03557193
0.7976575
-1.092232
0.1579316
-0.0006623268
-1.397104
-0.4752955
0.1528841
1.146778
0.1842145
0.3041332
0.04572868
-0.2469194
-0.6806034
0.7733425
0.6391833
0.3347185
-0.1928356
-0.6466014
-0.2997704
0.6104891
0.5825187
0.4640864
-0.5543549
1.005171
-0.001036167
0.01676852
-0.2163929
-0.27454
0.4598219
-0.09228158
1.289526
-0.4986429
0.27088
-0.4883047
-0.923624
0.2532099
-0.1637671
0.2384023
0.09930241
0.2470219
0.5213504
-1.002312
0.329888
-0.01406501
1.086529
0.4993535
-0.4617667
-0.3625441
-0.4739029
0.4470831
1.501067
-0.1209493
0.602931
-0.4971374
-0.4719346
0.07510269
-0.5546879
-0.3062369
0.5276473
0.0004911423
0.1088271
-0.2342131
-0.420341
0.2205465
-0.3963954
-0.4332738
-0.9137222
-0.5949646
1.065239
-0.2383248
0.1785758
-0.4299127
-0.163538
-0.6364392
1.145272
-0.1840694
-1.228959
0.5320556
-0.5461481
-0.662369
1.29247
-0.1375986
0.1817091
-0.6181303
-0.3420022
-0.5757242
0.06095576
-0.5741291
-0.6817422
-0.2022893
0.02546239
1.698706
0.2818387
-0.234144
0.5868485
-1.138008
-0.8782417
-0.2741566
-0.3007667
0.3996479
0.2162335
0.7665
0.6106488
-0.1167902
-0.9699218
-0.5955338
-0.7695862
-0.9809017
1.004412
-0.8870311
0.02883935
-0.652855
-1.857983
0.1304367
-0.1481338
-0.5750914
-0.5022395
0.2876539
0.4935524
-0.1110944
0.7246575
-0.6321707
-0.7687438
0.1396425
0.2253612
0.186502
-0.1649284
-0.7647839
-0.08236969
2.071573
-0.5438406
-0.0005254745
-0.4225275
-0.6331407
0.3488436
1.56688
1.238559
0.4823167
-1.603322
-0.2540507
-0.2773387
-0.03692365
-0.0744077
-0.5190783
-0.1764314
0.5725307
-0.1112837
-0.2620519
0.1669869
0.5145491
0.3505404
-0.7121515
-0.9932998
0.0235312
1.73326
-0.003288269
0.3024378
-0.4676719
-0.08497256
-0.1422026
0.5481675
0.5826182
0.1443462
0.001784563
-0.1138082
-1.335763
-0.6185404
1.967198
1.112769
-1.316777
-1.228095
-0.3503069
-0.4668469
-0.4160305
0.2983674
-0.4978889
-0.3827955
-0.7083358
-0.004778147
-0.7699884
0.7228701
-0.1853113
0.02407491
0.4655824
1.568305
-0.2397473
0.06534314
-0.8113122
-0.8568592
-0.5084068
2.385623
0.5851634
0.3863544
-0.3673828
-0.1666703
-0.5282731
-0.7900596
0.2346497
-0.2425506
-0.7953684
0.2074608
0.1040676
0.320763
-0.9132703
0.243291
0.1145079
0.3559041
0.1689913
-0.2528063
1.044572
0.4228935
1.237226
-0.1114013
0.2339554
-0.3902856
-0.5322175
-0.2674427
1.33828
0.9697161
-0.302547
0.01164997
0.9456439
-0.1117324
-0.4632881
0.1418827
-0.8229611
-0.9205843
-0.5230848
0.5752153
0.6004559
-0.8793854
0.7914495
1.475185
-0.7555059
-0.01232195
2.747273
3.041857
0.4523535
0.3317068
0.002301857
-0.517716
-0.04945058
0.6251166
-0.4936918
0.5190034
0.6461017
0.122673
0.6202075
-0.1445324
-0.05118358
-0.405215
-0.2125852
0.7532166
0.9607199
-0.9844655
-1.58489
0.7632282
0.07736826
-0.7110207
0.214974
-0.007011086
1.447268
0.7205849
-0.4882252
-0.5233861
0.3131489
-0.3485207
-0.5395079
0.134167
0.5016844
0.904741
0.1566883
0.6674805
-1.097232
-0.3195345
-1.341043
-0.4395955
-0.3555358
-0.6596701
-0.01491666
-0.04906976
-0.4115298
-0.1704521
-0.9508377
0.2232028
1.420919
0.122558
-0.682258
0.3441551
-0.713837
-1.359981
-0.03229006
-1.077079
0.26622
0.4340159
-0.6800183
-0.1572487
0.5808585
-0.9402631
-0.7733598
-0.2886884
0.7153143
-0.2349479
-0.3372754
0.5987135
0.7804559
0.01825863
0.4453864
-0.002549529
0.4270146
0.07656899
0.03661266
0.2657355
-0.2756092
0.386685
-0.1247712
0.2224721
0.1809766
1.253543
0.4742952
1.22614
0.03762454
0.4430207
0.2045213
-0.6568402
-0.1943417
-0.203939
0.5320425
0.2633705
-0.449756
0.7415581
-0.6395519
0.20666
-0.481941
-1.588548
0.05170481
4.160404e-05
-0.2124641
0.8528839
0.8674669
-0.8132492
0.7109063
-0.9812257
-0.8905782
-0.3184647
0.3973452
0.8568814
-0.1192004
0.2184744
-1.029449
-1.098287
0.2757928
0.001747966
1.109722
-0.5302662
0.3011143
-0.186876
-1.204407
0.2203582
1.282009
-0.4007149
-0.4279768
-0.530609
-1.768558
-0.9192196
0.2189519
-0.2814305
0.3438326
-0.9100834
0.1077719
0.8848239
0.4081175
-0.4323085
0.2851548
-0.8693069
-0.9269851
-0.5369618
-0.07159066
-0.323421
0.3515037
0.4181677
0.1540256
-0.5291968
1.095875
0.03120962
-0.5738763
0.8076869
1.447169
-0.1811877
0.3445851
0.06881636
0.02388078
0.4559458
-0.4587239
0.2089492
0.2327093
1.340433
-0.971231
0.0731504
-0.4113706
0.07992339
0.4217179
0.2523402
0.4183435
0.0411514
0.2781638
-0.2972485
-0.3564309
0.3759158
0.7879561
0.3492134
-0.8395621
0.224974
0.9086549
-0.4072466
1.167469
0.385432
-1.113146
0.8826735
0.5132559
0.01848316
-0.4659144
-0.1739479
-0.06374556
-0.2149299
0.7014935
0.08276609
0.1883733
-0.2583887
1.661839
1.058553
0.08002825
0.5831366
-0.1450601
-0.4545179
0.8207332
0.383281
-0.1254213
0.5493503
0.5696567
-0.3266383
-0.4491442
-0.6064487
-0.4401788
-0.5733428
0.1030381
-0.1642875
-0.4527565
0.2137895
-0.732287
-0.01954508
0.6790748
0.1228004
0.5872993
-1.060073
-0.1592417
-0.3310004
1.314803
-0.2049747
-0.9272431
0.9084439
0.775035
-0.4366347
0.1629405
-0.7516878
0.5254135
0.2517356
-0.5176026
-0.5732259
-0.06082696
-0.7957171
0.2098027
-0.6231424
0.03055602
0.9001336
0.729552
-0.675053
-0.3996456
-1.007951
0.2999321
0.1024601
0.2992775
-1.116075
-0.4457726
-0.5314757
0.3103222
0.5191749
0.3811029
-0.1120635
-0.6241798
0.181378
-0.2322933
-0.9588118
-0.6671094
-0.7782387
-0.029145
1.083707
-0.8729247
0.5099823
-0.7334156
-0.3495607
-0.4278527
-0.2075034
-0.004062414
-0.3165442
1.154559
0.01263547
-0.2496364
0.3226247
-0.3709521
0.2021077
0.1702833
-0.7353535
-0.8147372
-0.251208
-0.1402336
-0.7203774
0.1989926
-0.4191279
-0.08625484
-0.2698718
-0.1009315
0.3318435
-0.4441595
-0.1198205
0.7470191
-0.6394807
0.8943026
0.1204523
0.06559801
0.02889985
-1.64346
-0.402447
1.022351
0.4770243
-0.3087685
-0.6836407
-1.42564
0.09701145
-0.5407271
0.3136351
-0.3013126
0.3661895
1.01467
-0.08701718
-0.5086461
-0.1563716
-0.6105103
-0.2413365
0.7259722
0.2245181
-0.4573087
-0.2254939
-0.2516103
1.072749
-0.1533312
-0.6942375
0.8699985
-0.4038304
-0.3574303
0.3991418
0.3493488
1.098629
0.01623523
0.8569422
-0.3283851
0.81285
-0.7372026
-0.7502264
-0.4206822
0.583551
-0.2782134
-0.05823132
1.975892
0.4656879
-0.4790602
-0.9924904
0.6948552
1.992105
-0.08604503
-0.1072428
0.5417981
-0.9689524
-1.248965
0.02617687
0.996593
-0.2982244
1.117567
-0.3182185
-0.1327859
0.3908018
0.5472405
-0.6225393
-0.08882594
-1.193705
-0.9022315
-0.2930969
0.7267863
0.4373887
-0.9266928
0.260417
0.8740554
-0.7506191
-0.4998386
-0.8910201
-1.24124
-1.024859
-0.2776462
0.03425717
-0.5093393
0.2376409
-0.41474
-0.06496465
0.1354129
0.6278359
-0.4267138
-0.1826959
0.2315912
0.5605793
-0.0242753
0.865545
0.8162887
-0.2891477
-0.3877737
-0.3807515
1.006407
-0.2410579
0.01481128
-0.8166382
-0.9799571
-0.3926771
0.4255136
-0.6094955
0.1079305
0.5959492
-0.06576067
0.4863327
-0.101862
-1.143395
-0.4617367
-0.456053
0.9363251
0.1066931
-0.5322087
-0.6768959
-0.2788017
0.8487353
-0.438424
0.1316009
0.0594964
0.3591361
1.848859
-0.628325
0.4092256
-0.6407303
-1.080485
-0.03240407
0.1569866
0.50876
0.7136681
-0.6660371
0.006099403
-0.5362101
-0.2091781
-0.4707365
0.638715
0.1787894
0.0692935
-0.1749792
-1.489978
0.8264204
1.97236
0.3575726
-0.3848984
-0.3572664
-1.407221
-0.6911647
-0.1964384
-0.3130469
0.3406614
-0.2905945
-0.2723926
-0.07660794
-0.8460116
-0.5081326
-0.6849177
0.1862459
0.4607571
-0.02880913
-0.4979431
0.05351102
-0.2375451
0.1425597
0.6653449
-0.3130783
-0.7338226
0.3594885
-0.0213964
-0.1751928
0.5601835
-0.008396626
-0.3681997
0.02900016
1.136384
-0.5404207
-0.2738478
-0.1688942
-0.7288299
0.6784067
-0.3197807
-0.3296163
-0.5252443
-0.8206993
1.090546
0.03694987
-0.311271
-0.4826326
-1.824683
-0.8824428
0.376053
-0.1946482
-0.301393
-0.2355281
-0.09179074
1.437212
-0.4422203
-0.251375
-0.09395564
-1.423895
1.587498
-0.0160678
-0.3601961
-0.9967843
-1.129823
-0.299372
-0.4962536
-0.1687869
-0.7133293
0.2680033
2.14149
2.280672
1.034027
-0.1628163
-0.6835735
-0.6964946
0.4520633
0.6464056
-0.5997366
-0.3393021
-0.685184
-0.2682338
-0.8284494
-0.9783347
0.1819825
-0.4551743
-0.7207364
-0.1153358
-0.4308645
-0.3821489
-0.3684812
-0.6594994
0.4699206
-1.032287
0.3076282
-0.3643342
1.176672
0.3687692
-0.9676985
-1.221325
0.1641048
-0.06201363
-0.1572855
0.5416901
-0.8753185
-0.7301075
0.7983279
0.201048
-0.1150906
0.275103
-1.522837
-0.1371054
-0.7944995
-0.1730077
-0.6135277
-0.1275989
0.6642083
2.923138
-0.2593281
0.6657538
-0.5726152
-1.194511
1.059956
1.063782
1.550596
-0.2902715
-0.7613462
-0.3891759
0.238405
-1.055207
0.02225125
-0.2507806
0.06185681
0.5729635
0.1680353
-0.82893
-0.4126123
-1.237431
-0.7819734
0.01577032
1.095161
-0.877913
-0.5221453
-0.3654016
-0.3067546
-0.3559201
0.5426805
-0.6207768
0.2222983
-0.767501
-0.3617409
-0.3409011
0.323198
-0.3423332
-0.7940745
-1.542266
-0.9451884
-0.3162656
