-1.85024
-0.1583797
1.623946
0.3698654
0.1144844
-2.563505
-2.706899
-2.532929
-0.2970833
1.611596
0.7398182
-0.9076989
1.26642
0.7313649
-0.4520214
1.487924
-2.223316
-2.705554
0.1409325
1.777064
0.8085633
-2.004571
0.7185425
2.344097
0.2164543
0.2673396
1.55319
-2.751299
-1.67972
1.965687
2.213158
0.6028028
0.3293077
-0.5402539
0.1468248
1.808414
1.060933
-0.9145811
-3.131722
0.4850364
2.55686
0.7237206
-0.8580657
0.7149773
0.3703544
1.254357
1.068905
0.600405
1.179419
-1.008996
-1.058676
-2.232272
-3.29543
0.8782131
0.8461313
-1.620777
0.004894632
0.005615686
2.027899
0.993917
0.3445474
-2.430783
-0.7878146
1.912765
1.252626
-0.9852281
0.3302158
1.743797
-0.9730237
0.4386732
-2.817471
-1.23669
2.979198
1.171124
-0.7370135
-1.079048
1.679124
1.644184
-2.718666
-2.27322
2.498129
1.013482
-2.915946
0.3717251
1.006072
-3.38041
-1.2839
2.574659
0.6329201
-0.921105
-2.92097
-0.5140899
4.146457
1.6547
-0.8868138
0.3865359
-2.315643
-0.4584749
3.038884
1.74426
-0.1982127
-3.486893
0.4416618
3.258787
-0.65881
-2.927311
-0.1578706
3.004126
-2.008111
-2.025779
-0.7682099
1.35853
0.6666393
0.3132282
0.6836421
-1.10746
-1.642883
-1.403518
-0.5301917
2.315875
0.8776352
0.7002662
0.2696431
1.639795
1.879524
1.922927
-3.791704
0.4402944
3.681358
1.876882
-0.8098642
0.1204393
-0.2918506
0.8385606
-1.863667
1.411278
0.8894939
-3.577864
-1.07798
2.222577
0.1026276
-2.118818
-1.083237
1.110686
-3.230051
-1.631228
1.96187
0.5494432
-2.629782
-0.1151108
0.2049424
-0.2931586
0.3083286
0.2490739
-0.8584856
-0.4709649
0.1146004
2.044895
0.2764133
-0.6033995
0.5133169
2.121423
0.2684686
0.4017518
-1.9813
-0.5802047
2.708601
0.940962
-0.3713623
-3.398606
-0.6356781
3.234067
0.8381647
-1.266646
-1.700963
-0.5440805
3.206935
0.04360608
-5.062228
0.07236905
2.048868
-0.867821
-0.160545
-0.280187
-2.409771
0.2871787
3.410249
0.9836916
-0.9578193
-3.388377
0.5276558
3.585704
0.8266134
-0.6510569
0.07078529
-2.508124
-1.204385
0.8142462
3.020702
0.2864912
-0.5986959
-1.354132
-2.139754
-1.208889
0.5971821
1.316286
-2.619905
-1.322515
0.6413539
2.861252
-2.850629
-0.6471032
4.013351
0.6922141
-1.473586
2.18098
3.125087
-0.7064244
-2.033674
1.993348
3.515285
0.6307829
0.6361466
-3.106009
0.09860162
1.808883
1.73793
-0.8431106
-0.9768047
1.908403
2.96256
-0.3512005
-1.074518
0.7998331
1.664863
-1.783931
-2.710005
1.792533
2.820963
-0.9134421
1.860831e-05
-0.05561839
1.27885
0.9917883
-1.104757
-0.6178705
-0.07358079
-0.08562543
0.9819109
1.072362
-1.629345
0.4520391
2.677764
-1.860911
-1.738862
2.112196
1.821404
0.1125708
-0.06332513
0.3350047
1.490479
0.1409053
-1.516833
-0.9050582
1.591601
2.245395
-1.820941
-0.7614799
2.417565
-0.5564759
-4.4957
-0.9993666
2.576865
0.8304603
-1.374683
-1.266007
-0.1220912
2.315
0.3760169
-3.493013
-0.4073826
2.219195
0.3563044
-2.261018
-1.566386
0.2043367
0.3834706
0.3229442
-0.533888
-3.765969
-2.142449
2.383537
1.023294
-0.2667567
-0.3847129
-1.439435
0.810393
0.1603745
-1.294916
1.659659
-0.01781103
-2.084531
-0.2234852
1.301584
1.31275
-0.09720802
-3.855107
0.367553
2.6145
0.1903076
-1.039094
0.07416735
-1.46705
-0.8168517
2.628445
0.4294332
-2.597858
-0.6913773
2.51724
1.399871
0.5253533
0.7920923
0.7749473
1.643687
-0.6406599
-3.853283
1.014459
-0.42903
-1.036559
0.8930823
0.6336384
1.350742
0.5477763
0.6371991
0.6642138
1.531876
0.7895578
-0.3548609
0.04208322
0.9749753
-3.105122
-0.3051934
1.404304
-0.05049799
-3.351982
-1.443652
0.8844257
3.033497
0.5296434
1.172422
-1.19739
-1.94711
1.273497
2.568744
-1.276986
-0.6086559
2.173934
0.8880279
-2.03836
1.274297
2.534767
0.6868086
-0.8993986
2.191952
-1.217243
0.5084543
1.084727
-2.886815
-1.726978
2.769253
0.7960715
-1.003242
-0.8472599
0.2176688
1.800795
0.9758104
-0.7126122
-4.185998
0.4162319
2.445786
-0.9200378
-0.8448229
-0.7023728
0.2144722
0.3496679
-4.551488
-1.486789
3.082801
-0.04870017
-2.604976
-0.9024614
1.512932
-2.319587
-0.4095527
1.362866
0.5032468
0.2767459
0.09415581
-4.383707
0.4509282
1.696744
-1.056047
-1.597001
-0.7191486
-2.842197
-0.4795328
2.376263
1.079841
-0.5683686
-5.794859
-2.632715
2.449141
-0.07402826
-1.2823
0.5069952
-1.799693
-0.919482
2.019647
2.078293
-0.77012
-2.432772
-1.383809
0.9035144
1.349973
2.058347
0.3431711
0.1362643
0.7180015
2.41366
1.562346
1.696655
1.975827
1.026673
-1.298316
1.094885
2.933142
-2.607903
-1.753789
2.616325
1.237309
-0.7823404
-2.570235
-0.2045706
1.900807
0.4321315
-1.579985
0.4721734
1.131483
1.815521
1.119357
-2.645591
-0.326448
2.972371
0.4325449
-0.2576155
-3.603108
0.5694043
2.855844
0.7474828
-1.262808
-0.6359254
0.5059224
1.465963
1.839153
0.01785263
-1.830975
0.4992567
3.036546
1.234354
-0.2537985
-0.9642098
1.84161
1.910058
0.5774335
0.2208776
0.1213392
0.04231408
-1.091133
2.311867
0.4885129
0.05648373
0.04245733
-1.268622
0.8607954
1.598452
0.08243622
0.4214656
-2.655259
0.123346
-0.2723721
0.4096635
1.085466
-0.2896335
-1.238674
1.75252
0.7398637
0.06676622
-0.2082301
-2.539423
-1.334509
2.727989
-0.1414018
-2.646332
-2.341557
0.6362711
1.131769
0.5194872
0.9684547
-1.494103
0.2870002
1.815285
-0.2522967
0.8499714
-1.419092
-2.385938
0.2689824
2.917441
-0.2005849
-1.903865
-1.213478
-1.427254
0.05069455
0.7593985
-2.561144
-0.05072889
2.280219
0.6385499
-2.640056
-3.380718
-1.910144
2.604364
0.7873349
-4.367091
-0.8097382
2.3102
1.476555
-1.367101
0.09874947
2.122736
0.3883305
-3.873529
-0.4819548
3.433873
0.614668
-0.8479507
-0.4634204
3.115079
0.3592938
0.573778
-0.4803113
-0.8600034
-2.787749
1.851057
2.646803
-0.6353003
0.01931863
-0.0403777
-0.3780587
-0.2181632
0.1478942
0.4557315
-0.002684369
1.627474
1.262555
-0.5319645
-3.393142
-0.5261288
2.495055
1.432076
-1.820536
-1.08284
-0.3024201
1.078656
0.5775024
1.471966
0.4510264
0.03884526
0.6076992
0.7436565
1.280577
-0.5307912
0.4801907
1.27474
0.4209149
-1.264783
-3.492102
-1.544758
2.722007
0.766441
-0.720328
-0.1457512
1.269318
0.754685
1.149137
-1.144193
-0.4729675
2.03304
-1.854356
-2.732562
1.130368
1.055706
-1.419973
-1.079235
-2.259567
-3.470225
-1.086717
2.004258
0.4306193
-0.6816475
0.6052879
-1.081297
0.773015
1.308847
0.2441359
0.3577359
2.381228
0.5906035
-0.07406736
-3.414807
0.5514649
3.027934
0.05881311
-1.015661
-0.004956875
2.359995
1.725843
-1.294711
-3.799961
-0.1286758
3.314243
0.7113366
-3.260084
-1.988574
0.9130956
0.6234455
-1.313286
0.07006679
-0.09502594
2.293197
-0.5915483
-0.445167
-0.2981648
-0.8920447
-2.026746
0.5860562
2.013189
0.1661111
-0.05718946
0.1470555
-3.203278
1.11059
0.1277659
-0.02606597
0.4630568
-1.238751
-0.4512771
-0.1512793
1.437024
1.594076
0.01996287
0.3378341
-0.3260662
-2.008147
1.154631
2.21018
0.3382836
-0.5471635
-3.927355
-0.414542
2.414522
0.7559303
-3.493525
-0.9905099
2.089364
1.527641
0.5500339
-1.422587
-2.56427
1.21705
3.757581
-0.2416688
-0.9096119
-0.3345639
-1.700146
-0.2826011
1.640262
0.7612979
0.3485509
2.101438
-0.02651369
1.523978
1.755689
-0.4185012
-0.9601351
-2.858294
-0.5124099
2.579188
0.63104
-0.9119751
0.6154069
-1.663661
-0.5032622
1.382291
0.2704224
0.2170435
-0.09985196
-1.36635
-1.224968
1.305622
2.054064
-0.1846325
-3.549232
-0.5672373
1.768013
-1.496603
-1.539495
0.85926
0.7935398
-1.133091
1.800428
-0.8161192
-0.1996592
3.249927
1.067037
-0.2930997
-0.6830918
1.540357
1.644619
1.961301
0.4531394
0.5051811
-0.3555705
1.624813
-0.2660453
0.410361
0.4595762
1.195378
-3.548287
-3.40332
0.764118
2.024149
0.4423837
-1.041397
-0.648112
1.63287
0.9139085
-3.074655
-2.544156
-0.889851
1.7043
0.2183904
-4.545254
-0.6962708
2.181234
0.1341755
-1.353754
0.7237796
1.335386
-0.8270271
-2.764418
-1.239205
1.565724
0.8299968
-1.22166
-0.4175398
0.05297688
-2.64043
-0.4223157
1.965782
0.01053656
-0.8532752
-0.2208164
-0.2864262
1.455991
-0.6182498
-0.3992062
1.351316
1.888068
-4.357392
-0.3378257
2.359288
1.567389
-4.837314
-0.9305329
3.055842
-0.6130487
0.4158844
0.2380203
0.3715126
-0.6705261
-1.462448
0.2646113
-3.818829
-1.58998
2.451035
0.9843033
1.643131
-0.1492901
-2.951027
1.35219
2.938274
0.4229127
-4.594638
0.09941068
2.424554
1.10492
-1.388628
-0.223292
2.199635
0.6676403
-1.143336
1.255359
1.176974
0.3209005
-0.3176571
-0.8701106
0.6252879
1.574724
-1.569191
-0.1015938
0.1100236
-1.194962
1.127494
0.8407159
-0.479074
-2.983971
-0.1410508
1.251077
0.1759802
1.246137
0.4451013
-1.595119
-1.318183
1.437077
-1.69027
0.1330126
1.72768
0.4901319
0.5076116
0.09286109
0.1372938
2.315118
0.4703116
-1.291541
-3.475847
-0.86981
2.742795
-0.2395951
-0.4548993
1.862582
-0.09987927
0.679203
-0.7967348
-3.985857
-1.151589
0.4547151
0.7343342
-0.1099794
-0.1806169
0.6828076
2.222949
-0.7468698
0.805418
1.001212
-0.2606106
0.3655251
-2.239854
-0.8178011
2.727259
1.324947
-1.173153
-0.2266592
2.434851
0.05085042
-2.115845
2.387635
1.646981
-3.603763
-0.4797472
3.603791
-0.5743683
-0.6414629
1.039819
0.9675114
-0.9283822
-1.874986
-3.145965
-0.929803
1.675415
-0.9745415
-0.7185659
-0.3516815
1.694659
1.336442
-4.140213
0.3266459
2.704195
-0.02733709
-1.248554
1.124805
1.712688
-0.08140575
0.4070281
0.5735303
1.008939
1.248686
0.297244
-2.545944
0.5534096
2.25085
-0.05847748
-0.582193
0.05804751
-0.724112
-0.8703654
0.3613873
0.1070774
0.1418636
0.4554732
-1.628494
-1.977452
0.09901125
0.9149155
0.2454505
-1.001817
0.2764862
-0.2543823
0.1184928
0.6579149
-2.103166
-0.07733019
2.72696
0.1727762
-3.53573
-1.911986
1.476661
1.814939
0.1817469
0.5915594
-0.6919771
0.09545235
0.2398386
0.7078348
-0.1952189
-0.8279234
1.812469
-0.7440872
-4.729463
0.5039691
2.543041
-0.161346
-0.2489122
-0.8419159
1.487381
0.06251131
1.273784
0.9018229
0.4472037
0.7157573
-0.4558458
-3.941035
-0.4748772
3.084945
-0.2034021
-2.115356
-3.056556
-3.596481
-1.551105
0.4547665
-0.6050002
-1.392309
0.7596401
1.222869
1.472807
0.6910118
-0.5123922
-0.2881572
1.115799
-1.249168
-0.8493416
3.552094
0.7311567
-3.998187
0.2109103
2.712757
-0.6694228
-2.097819
0.7172247
0.08600289
-4.989788
0.02843052
2.343589
-0.4391263
-0.4724595
-1.589276
-0.0418849
1.14655
-1.021166
1.431565
0.4285337
