40.61656
39.82908
39.85483
39.87454
39.81474
39.79718
39.81307
39.81373
39.79559
39.7826
39.82038
39.8222
39.80054
39.81532
39.8095
39.87418
39.85612
39.80023
39.83585
39.84166
39.75957
39.76717
39.83353
39.84639
39.82215
39.78035
39.79633
39.87426
39.87938
39.84499
39.81251
39.84435
39.85186
39.86741
39.84696
39.84445
39.80859
39.79578
39.87182
39.87367
39.87045
39.81657
39.81516
39.83633
39.87908
39.86501
39.86705
39.81484
39.87015
39.88355
39.87069
39.91615
39.84673
39.77314
39.80687
39.77514
39.7885
39.82863
39.88047
39.83683
39.75982
39.81851
39.81948
39.9241
39.89117
39.82668
39.88853
39.89822
39.87324
39.8927
39.87088
39.91434
39.8919
39.84219
39.88344
39.81801
39.79278
39.86144
39.83992
39.80009
39.8869
39.84372
39.78163
39.84163
39.84946
39.81425
39.87864
39.95304
39.89916
39.84993
39.82353
39.8448
39.90928
39.87299
39.7877
39.77243
39.84299
39.89946
39.91892
39.87587
39.877
39.81081
39.88702
39.88049
39.88018
39.83188
39.81916
39.8657
39.87428
39.78323
39.75731
39.80198
39.92104
39.87512
39.82772
39.79056
39.7727
39.81281
39.91909
39.87129
39.85541
39.90825
39.90295
39.8741
39.91778
39.94801
39.94302
39.91273
39.93198
39.90152
39.83418
39.84775
39.91722
39.96318
39.94318
39.91483
40.00319
39.94272
39.85892
39.90532
39.89581
39.8209
39.77102
39.83207
39.91557
39.82746
39.78283
39.73158
39.72646
39.81553
39.83303
39.79401
39.77435
39.78037
39.8316
39.83224
39.83055
39.88298
39.91188
39.90589
39.89202
39.91659
39.93604
39.90338
39.87766
39.85516
39.89649
39.9011
39.82802
39.82041
39.87957
39.97205
39.84458
39.75793
39.76707
39.8548
39.90258
39.8167
39.77295
39.92892
39.98164
39.87938
39.88173
39.93087
39.96251
39.98919
39.94993
39.93731
39.89577
39.88162
39.92852
40.02493
39.972
39.9612
39.92805
39.99073
40.03949
40.08786
40.08359
40.04501
40.0157
40.0152
39.97002
39.95442
39.93752
39.90498
39.8872
39.85448
39.90311
39.92667
39.86572
39.84168
39.89642
39.88173
39.81955
39.93562
40.03226
39.91023
39.85811
39.92447
40.02523
39.98817
39.93404
39.90531
40.0245
40.00139
39.94327
39.88008
39.84641
39.981
39.99236
39.94936
39.90389
39.95429
39.97539
39.97662
39.90463
39.99325
40.00338
39.95831
39.89433
39.8721
39.90455
39.90714
39.83949
39.8167
39.91779
39.9622
39.90237
39.86429
39.83569
39.85173
39.89408
39.83612
39.74576
39.76851
39.81204
39.75925
39.75724
39.82818
39.86951
39.81108
39.72048
39.75362
39.75076
39.7954
39.74977
39.73401
39.80376
39.8758
39.81564
39.78402
39.86429
39.83675
39.7681
39.81588
39.85942
39.85228
39.80664
39.84124
39.92613
39.87617
39.77526
39.8076
39.82213
39.8547
39.88316
39.86512
39.87982
39.81901
39.8842
39.96072
39.8805
39.77949
39.7903
39.84021
39.85606
39.85266
39.86366
39.86335
39.85852
39.84387
39.8269
39.78309
39.78802
39.7687
39.82494
39.89027
39.82776
39.69964
39.74453
39.79425
39.76149
39.72987
39.7696
39.76798
39.73424
39.78347
39.82281
39.76712
39.78819
39.81841
39.7884
39.85479
39.8721
39.81425
39.79692
39.75346
39.68841
39.75086
39.81717
39.8173
39.81244
39.83675
39.83667
39.79593
39.82181
39.85818
39.89463
39.89223
39.80636
39.7877
39.80211
39.75542
39.80556
39.78933
39.79592
39.85361
39.91048
39.89104
39.88109
39.81881
39.86091
39.84133
39.85786
39.83368
39.84215
39.86901
39.79907
39.85414
39.92738
39.86645
39.8046
39.86398
39.83649
39.81466
39.87605
39.86089
39.86802
39.90549
39.93018
39.87015
39.90335
39.95391
39.95335
39.91132
39.8401
39.90037
40.04788
39.99699
39.8489
39.85632
39.87146
39.85409
39.88331
39.94414
39.96398
39.99717
39.90575
39.88625
39.94394
39.98882
39.95391
39.96124
40.04985
39.99367
39.95309
39.9746
39.90462
39.90136
40.00462
39.94994
39.85432
39.88083
39.93046
39.96748
39.94559
39.91431
39.93061
39.82478
39.78489
39.93649
40.03362
40.07333
40.07305
40.1011
40.13047
40.15831
40.15796
40.07867
40.02861
40.08472
40.06411
40.05575
40.04803
39.98505
40.00011
40.03828
40.08969
40.07245
40.03051
39.99903
40.02402
40.05018
40.04548
40.07795
40.06454
40.0841
40.10367
40.06953
39.97138
39.94723
39.98091
40.01999
40.0126
39.94439
39.9571
39.95051
39.90981
39.90524
39.8684
39.8904
39.95744
39.88172
39.81369
39.79481
39.934
39.92917
39.81092
39.81619
39.88485
39.94097
39.91614
39.85833
39.82574
39.84122
39.87352
39.88784
39.89172
39.80828
39.78717
39.82247
39.92604
39.90413
39.89474
39.90562
39.96065
39.92159
39.92093
39.89119
39.82963
39.87883
39.90232
39.91753
39.90126
39.91578
39.87254
39.85559
39.91019
39.9266
39.89456
39.82254
39.81064
39.85398
39.90612
39.88073
39.8335
39.86323
39.90644
39.89554
39.88356
39.92767
39.84592
39.81627
39.83838
39.84478
39.88889
39.90744
39.83911
39.85164
39.89716
39.87206
39.8524
39.91571
39.92644
39.82394
39.88988
39.93382
39.84185
39.85642
39.92899
39.94317
39.89926
39.84642
39.87716
39.91064
39.89299
39.88232
39.90554
39.98646
39.96899
39.94806
39.94204
39.91581
39.8798
39.88755
39.86256
39.90401
39.9749
39.96139
39.9017
39.97265
39.98791
39.94327
39.90146
39.91451
40.00395
39.98991
39.89747
39.9322
39.96084
39.98162
39.99125
40.02702
39.94834
39.92503
40.00504
39.96776
39.88615
39.83389
39.90162
39.99089
39.95853
39.90102
39.86077
39.90668
39.92158
39.87886
39.81576
39.77869
39.78308
39.78203
39.82769
39.86454
39.86181
39.84439
39.81541
39.84851
39.84437
39.90718
39.89352
39.90957
39.94267
39.97732
39.98354
39.93447
39.98829
40.01118
39.93116
39.92272
39.94756
39.94384
39.8943
39.92008
39.93024
39.86338
39.87456
39.90118
39.82919
39.80099
39.82457
39.87269
39.85398
39.7897
39.76111
39.86349
39.94225
39.95094
39.96279
39.89201
39.95039
40.02105
40.09399
40.11264
40.07626
40.05653
40.08883
40.04619
40.01196
40.11489
40.09411
39.97941
39.97468
40.08843
40.11507
40.09939
40.03263
39.98972
40.0676
40.16556
40.12429
40.00505
40.0132
40.03267
40.02224
39.97919
40.0158
40.04398
40.05163
40.03675
40.01925
39.9992
39.93257
40.03397
40.06858
40.0486
39.93345
39.90895
39.99245
39.93539
39.92367
39.99165
40.01803
40.02641
39.96335
39.90557
39.96697
40.02952
40.03679
39.98526
39.93615
39.96883
39.86835
39.8721
39.90155
39.84441
39.81557
39.8618
39.95543
39.96357
39.83073
39.78381
39.8881
39.92949
39.86047
39.83362
39.77974
39.81174
39.8783
39.84805
39.74474
39.72269
39.7688
39.77228
39.75267
39.69479
39.7149
39.70668
39.68488
39.74501
39.75419
39.73886
39.67569
39.62946
39.66737
39.67504
39.69155
39.66158
39.66475
39.71614
39.68422
39.65322
39.67165
39.63872
39.65561
39.68713
39.66509
39.60099
39.66886
39.69904
39.60113
39.54132
39.66311
39.71705
39.61029
39.58474
39.6639
39.68709
39.67894
39.69228
39.68674
39.72337
39.75681
39.73127
39.7399
39.7052
39.69081
39.77829
39.84028
39.78261
39.77331
39.77997
39.79268
39.76644
39.75882
39.72808
39.71582
39.71016
39.70236
39.79173
39.74422
39.6827
39.72303
39.73652
39.72123
39.7902
39.80279
39.79481
39.75283
39.77974
39.76627
39.68538
39.72355
39.78905
39.77019
39.83189
39.88634
39.91044
39.89379
39.87337
39.96642
39.94421
39.8948
39.8574
39.88408
39.91762
39.85357
39.86048
39.95116
39.93796
39.90135
39.95437
40.02121
39.98987
39.9922
39.98734
39.99007
40.00985
39.91758
39.93388
40.03812
39.97063
39.85299
39.88439
39.98625
39.93419
39.92178
39.90728
39.92361
39.9229
39.92809
39.93312
39.86039
39.88844
40.00386
40.0388
40.07701
40.10631
40.041
40.07966
40.13118
40.08474
40.04995
40.13031
40.13112
40.12612
40.08949
40.03963
40.10502
40.15542
40.13913
40.06149
40.14001
40.08118
40.10521
40.10921
40.03479
40.04169
40.07129
40.07649
40.06769
40.00956
40.01876
40.01208
40.0037
40.013
40.00452
40.0606
40.00745
39.95275
39.97114
39.9803
39.91848
39.92078
40.02185
39.98758
39.97741
39.96149
39.9396
39.9746
40.02517
40.05033
40.04573
40.0148
39.99061
40.01614
39.9897
39.94848
39.94393
40.0183
40.00593
39.96685
39.96771
39.93944
39.96009
39.99295
40.00969
40.0023
39.97556
39.9584
39.95856
39.93806
39.94816
40.03598
39.9936
39.92877
39.95188
40.00401
40.06062
40.03818
39.93528
39.9302
40.056
40.06892
39.90965
39.92899
40.02525
39.99474
39.99512
40.00091
39.91722
39.86103
39.93151
39.9485
39.90044
39.88868
39.94749
40.02906
39.96965
39.92204
39.91579
39.92397
39.92083
39.89009
39.8725
39.91868
39.87908
39.80672
39.84545
39.88749
39.93745
39.85154
39.81396
39.8539
39.89172
39.87904
39.82028
39.78651
39.82755
39.87102
39.80043
39.81479
39.79035
39.67761
39.72018
39.7648
39.86795
39.93003
39.88342
39.89124
39.88216
39.89656
39.89214
39.91837
39.88578
39.89889
39.89803
39.95012
39.96122
39.98601
39.98203
40.04328
40.02416
39.90479
39.85482
39.90174
39.87566
39.8345
39.79838
39.79881
39.8031
39.90219
39.92936
39.86969
39.8007
39.86045
39.86568
39.8181
39.7979
39.87415
39.85493
39.83941
39.78091
39.76495
39.79818
39.79683
39.81041
39.86872
39.88796
39.83372
39.81021
39.89639
39.97514
39.87808
39.83104
39.83846
39.82304
39.77634
39.85551
39.89357
39.88523
39.86691
39.95257
39.96144
40.02749
40.03232
39.98226
39.95194
39.95884
40.02
40.08961
39.99608
39.88394
39.98389
39.98145
39.9107
39.87981
39.93332
39.97279
39.92588
39.94604
39.98749
39.95142
39.96479
39.86617
39.84918
39.86898
39.83921
39.79917
39.83244
