 0
0.9165747
1.211527
0.2575763
0.6947188
0.2283275
-0.9239566
0.1019901
0.3922325
0.6721181
0.4879664
-0.5167639
0.1709521
-0.5852753
-0.7894255
0.4149086
0.775234
0.4176092
-0.1009609
-0.6129947
1.666031
0.8824043
0.2213814
0.4573166
1.891255
-0.6664394
0.09813845
0.2457837
-0.5251354
-0.1823764
0.4415116
1.142179
-0.2823694
-0.1531337
-0.7038679
1.18252
0.4133653
-0.2464249
-0.8984913
-1.123323
0.6181375
0.4553502
0.02907366
-0.07133281
-0.1038495
0.3275831
0.14145
0.3663176
0.09929729
-0.1221432
0.09003496
0.5923632
0.774771
-0.1960269
-0.6313576
-0.6101596
0.08522415
0.3713116
-0.3330637
0.5771328
-0.3719229
0.2962295
0.00513798
-0.4517391
-0.07137036
0.1572832
-0.5528585
-0.05465198
0.2615346
0.5823669
-0.5163316
-0.3258276
0.1240897
0.08814991
-0.794864
0.426672
0.2913972
-0.5552834
1.207918
0.4140261
0.7577019
-0.3909895
-0.8933494
-0.07020175
0.6894034
0.76752
0.3631433
-0.2114378
0.3402363
-0.3524382
-0.5271405
0.1721668
0.6851624
-0.6172804
0.5356886
2.097789
0.06070411
-0.5494226
-0.08306879
0.625177
0.0741415
-0.04883808
0.3352008
0.7723211
0.2377578
0.7358063
0.126581
-0.4214911
0.1330116
-0.1703573
0.201046
0.567766
0.3219845
0.3413162
0.6089555
-0.01707917
-0.3680645
-0.1483347
-0.936121
-0.1471576
0.1190889
-0.1967674
-0.08576745
0.7321103
1.49137
-0.5639167
0.3393626
-0.7528692
-0.4548454
-0.9486818
0.03686309
-0.6260035
0.4157026
-0.3412586
1.086323
0.9362959
-0.03870612
0.4042199
-0.5140591
-0.7175851
0.0509603
1.234107
-0.2136923
-0.1537201
-0.1309171
-0.4524372
-0.605539
-0.3348671
0.2952876
0.5704044
-0.8227007
1.711975
1.418341
-0.5851245
-0.06303239
-0.5048591
-0.2153399
0.1229452
0.1286978
-0.4745955
-0.1363446
-0.3783481
0.1122823
0.2440192
-0.1618019
0.2417946
0.460353
-0.1823912
0.2231275
1.811731
-0.4571646
-0.3794754
0.3378799
-1.006394
1.245964
-0.1711515
0.3346226
-0.204498
-1.45827
-0.3509626
0.2525123
0.8052435
0.9868512
-1.640017
-0.4209654
-0.2587675
0.2867602
-0.6232007
0.07655835
-0.3718977
-0.6280884
0.9616749
-0.4261129
-0.2307808
-0.180136
-0.9516765
-0.9640958
-0.3065077
0.2216451
-0.2125525
0.7496661
-0.4205313
-0.1738486
0.327686
0.4145216
0.7958192
0.5435878
-0.8898063
-0.7103822
-0.4852858
-0.09196085
0.1308994
0.02234399
-0.337116
-0.2495972
0.7715287
-0.4130809
0.2023857
0.3743293
1.154437
0.03418708
-0.391469
0.874284
-0.1276323
-0.313699
-0.008035779
0.1489468
0.1140964
-0.6871947
-0.6238837
1.268927
2.000894
-0.5790332
-0.2801065
-0.6370471
-0.9313924
-0.2622107
-0.5231037
-0.07777905
0.5549321
0.2927747
0.5799874
-0.2540008
-0.1264747
-0.4509857
-0.4343213
0.05435777
0.2638684
-0.837948
-0.6357065
0.2695084
1.295552
0.3064537
-0.3674375
-0.2092702
-0.6018701
-0.827666
-0.9610992
1.119974
-0.07346612
0.8098161
0.4006442
-0.005605459
0.3325735
-0.6691944
-0.289421
0.08182406
-0.159032
0.02116513
1.198862
-0.1777259
0.09596634
-0.2362413
-1.799432
-1.03514
-0.02303243
0.6614903
0.2995121
-0.4264471
0.1853671
0.1200131
1.301495
-0.6541687
-0.3735967
-0.6980584
-1.234686
-1.2503
0.7881294
0.2929304
-0.05803266
-0.03935814
-1.083312
-0.5605625
0.3432611
-0.461066
-0.97174
0.246815
-0.9318379
-0.3196526
-0.1577688
0.1875987
0.8873308
-0.3245753
0.5346026
-0.3681856
0.4191773
-1.00136
-0.4076005
0.7318676
-0.03002334
0.6166624
-0.4871918
-0.1649979
0.0297797
0.337329
0.1014966
-0.1987829
-0.4674539
0.09859288
-0.5417197
-0.4349858
0.315491
-0.2983463
0.1642004
0.08537328
0.7640845
1.337022
0.1116292
0.3421154
0.223345
-0.9556112
-0.6757706
0.5138896
-0.1821591
0.5151296
0.5210133
-0.7009231
-0.3561196
1.496046
-0.6302844
1.240301
0.1842852
-0.3217738
-0.5052997
-0.1862708
0.4639308
-0.05922669
0.2444501
0.5903425
1.219035
-0.1159258
-0.08770204
-0.3922236
-1.210852
0.655147
-0.7489524
0.1333618
-0.3729513
-0.985628
0.2088782
-0.4644346
-0.1556912
0.3083327
1.004705
1.059852
0.1494329
0.003798008
-0.4666072
-0.4528559
0.1583669
-0.3023262
0.3409427
-0.2180685
0.3230034
1.162299
0.2237304
0.6491738
-0.2993284
-0.5584403
-0.3519853
-0.4489471
-0.9946713
1.022523
1.1153
-0.6239485
0.08644819
-0.1174807
-1.442122
0.1195261
-0.1396332
-0.4775714
-0.2221345
0.4051592
0.4961205
0.4524069
-0.1487799
0.6059
-1.346984
-0.6804593
-0.2830985
1.284505
0.1080387
1.236906
1.873442
-0.7853411
0.03328943
-0.6014667
-0.6646293
2.294603
3.423414
1.81487
-0.8798251
1.189932
0.04283881
-1.200781
-0.5539042
0.6193254
-0.08148873
0.7545288
1.947246
0.08973181
-0.2576671
-1.121763
-0.9671458
-0.8900568
1.03225
0.8413835
-0.5064141
-0.08626837
-0.7127966
-0.6875701
-0.4333561
-0.1450545
0.1209155
1.369675
0.4028564
-0.4475363
0.8368008
0.5018783
-0.100137
-0.7448454
-0.6436484
-0.9260558
-0.04828245
-0.08258319
-0.007200241
0.6227257
-0.7918696
0.4647
-0.4437115
-1.571962
0.1736489
0.06357455
-0.3198612
0.08601747
0.1107424
2.034231
-0.2242041
0.1051495
-0.4030768
-1.700512
-0.4928293
0.09134924
0.7586501
0.7026215
1.51793
0.2247968
-0.4037519
-1.324336
-1.176081
-0.1132548
0.9573824
0.4518731
0.2657795
-0.4793465
-0.8653269
-1.083209
1.716985
0.2058964
-0.7150904
-0.3297367
-1.040974
-0.1753549
0.920081
-0.6425323
-0.914167
-0.4081156
-0.4384103
0.01441216
0.002761602
0.2527171
0.9086748
0.4279513
0.2467978
-1.151806
-0.5121534
0.5877328
-0.4757535
-0.4733976
-0.9051201
-0.2113668
-0.8843818
-0.0006963015
1.587309
-0.4812048
0.2389436
0.1182797
-0.8790168
-1.096212
1.262257
1.370859
-0.4305922
-0.4350992
-1.086846
0.06065544
-0.3952742
-0.705281
0.6837399
-0.384316
-0.3991457
0.7255576
1.289173
-0.1164824
0.09600973
-0.3638195
-0.87533
0.1364333
1.676525
0.5895309
-0.2481141
-0.4911592
0.2492967
-0.6894853
-0.4358951
0.09094626
-0.08235765
-0.01114833
-0.7780861
0.5809209
0.596377
-0.03678071
-0.4490292
0.02149321
0.0857985
0.3550906
-0.1553217
0.2236793
-0.9177997
0.1387241
-0.008141398
0.2485505
1.479394
0.1187736
0.2998739
-0.07838242
-0.5978642
-0.03619349
0.5573891
-0.1757434
-0.09169871
0.06238168
1.420505
-0.4086057
0.09222412
-0.3569898
0.9525058
-0.3606951
0.2821488
-0.02675796
-0.8899679
-0.7389064
-0.06190455
0.006147802
-0.3030486
0.7155595
1.480868
-0.1089489
0.5579987
0.2129519
-0.4454317
-1.299722
1.694501
0.2961781
0.7581558
0.4343615
0.8773003
-0.8527291
0.2527629
0.6240671
-0.5307583
0.4115071
-1.043516
0.2855411
0.4535849
-0.2253239
-0.206862
-0.6852615
-0.724875
-0.204136
0.3053812
0.442898
-0.5658579
2.299111
1.833166
0.267648
-0.2683457
0.02885431
-0.4455396
-0.3934466
0.1072549
0.2204816
1.265732
-0.4940276
0.116348
-0.4715834
-1.095343
-0.468665
1.495466
-0.7148528
-1.169146
-0.3962028
-0.1612614
-1.406081
0.3327093
-0.2166816
-0.4238582
-0.1286154
1.317294
0.7347329
0.2548048
-0.3274803
-0.1652008
-0.1369841
0.4083498
0.003660798
-0.4789052
-0.4424664
0.8284278
0.09874275
0.1255834
-0.1801015
-0.7714901
-0.8797883
0.4809721
0.2051599
-0.7540649
-0.1751928
0.007309079
0.2854851
-0.3212667
-0.146157
-0.1744445
-0.1707367
-0.02198374
-0.3549042
-0.3023608
-0.2794546
0.6843146
0.1787601
-0.4974904
-0.03325915
0.3415904
-0.1900161
-0.4604957
0.196457
0.01349473
-1.392419
-0.04037619
-0.2755762
-0.9865068
-0.04403138
0.1288269
0.05587876
-0.9439633
-0.8873058
0.8025091
1.158183
-0.3693256
0.05394816
-0.8591561
0.4374108
0.2064124
-0.6988585
-0.6689999
0.2636081
-0.4241283
0.5363276
-0.1978459
-0.748286
-0.3345845
-1.156232
-0.3337932
-0.0787816
-0.04590106
-0.2125403
-0.8860365
-0.3101329
-0.4070945
0.4490033
0.2862997
-0.7076528
0.5129607
-0.451682
-1.76868
0.2904673
1.972003
-0.1733368
-0.6100882
0.6467964
-0.7518384
-0.5478277
-0.2700355
0.08604908
-0.2400183
-0.4150938
1.254655
0.638518
0.6463363
0.4209144
0.1093497
-0.4444944
-0.02252197
0.3961914
-0.2724601
0.190016
-0.5679896
-0.8987111
1.037917
0.3590671
-0.2825146
-0.4484143
-1.051726
-0.3459889
-0.3811167
-0.07765591
0.1769124
0.3087075
0.7045143
-0.07621366
-0.5181208
0.6155317
-0.2562879
-0.4707484
0.2497384
-0.09811354
0.3365388
-0.3505489
-0.6595259
0.559206
0.2312967
1.169213
1.705068
-0.01313162
0.6782297
0.4324077
-0.9669425
-0.5511173
0.319452
-0.2680642
0.7389746
0.4174627
0.2061613
-0.613296
1.061495
-0.01509166
-0.1033207
-0.4601052
-0.3854791
-0.5351666
-0.0387361
0.05365038
0.4097215
-0.04910558
0.07883883
0.06293309
-1.015217
0.209527
1.178823
-1.230331
0.7434744
0.9951264
-0.03887331
-0.08085728
-0.3889682
-0.36971
1.348604
0.5833787
-0.9962348
-0.2367512
-0.5547359
1.027734
2.215712
-0.2935773
1.078147
-0.4012476
-1.363778
-0.9877915
-0.3354256
1.111017
-0.6391533
-0.1085641
-0.8062363
0.445477
-0.9533886
-0.5401347
-0.7393174
-1.55585
-0.3851748
0.03820454
0.2609015
-0.6914533
0.3005133
-0.3328116
-0.6684036
0.2858701
0.08001316
0.02862579
0.9048777
-0.6159656
-0.329386
-0.8495084
-0.1048172
0.5182375
0.885802
1.79465
0.03019804
0.07462907
-0.817283
-1.856873
0.438112
-0.4238662
-0.2097028
0.1707622
1.863673
-0.5934075
-0.9708474
-0.3390284
-0.515485
-1.66577
0.07885301
0.6933852
-0.6285394
-0.3093479
1.333322
1.12929
0.4313135
-0.4906389
0.1277729
-0.6982805
-0.3387982
0.7698036
-0.8567768
0.9923372
0.1578369
-0.6513424
0.5623698
0.3297487
-0.5940763
-0.900462
0.6268786
0.3036938
-0.5630731
-0.3363936
0.1376197
-1.265836
0.3146632
-0.5769178
0.1534036
0.9791222
0.6260926
1.189434
0.006613746
0.139094
-0.5727367
-0.6319511
0.7015259
0.4124754
0.18132
0.0359056
-0.8996751
0.1829463
-0.1115587
-0.1243611
-0.7779094
0.7190044
0.4476885
-0.04132009
-0.283554
-0.4924767
-0.7141325
0.01943326
-0.3839685
0.5131783
-0.1389105
0.7283936
-1.087176
1.155432
-1.044094
-0.6732903
-0.4163051
-0.4845505
-1.220414
0.2406275
0.7520107
-0.5458509
-0.1552126
0.1768156
-0.750779
-0.1295406
-0.2295775
0.3610895
-0.615232
3.14776
0.5261872
0.8803909
0.8983788
-0.4731488
0.08698955
0.3614829
1.442688
-0.4645987
-0.02442455
-0.4392568
-1.433604
-0.5192631
0.3532473
0.1182489
-0.6414247
-0.9925472
-0.6294697
-0.5847589
0.02952194
-0.3311111
0.6260028
0.1649595
-0.3298509
-0.5132635
-1.114768
-0.7188522
0.7857833
0.6173643
-0.08662397
-1.003883
-0.6483934
-0.7104906
-0.1091186
-0.4032145
0.144227
-0.2293136
-0.5852249
1.110855
-1.005167
0.160074
-0.08588228
-1.661728
-0.8367096
0.471912
-0.7997115
0.1039753
-0.01579636
0.5155598
0.02496886
-0.7146256
0.05472365
0.2259466
1.121508
1.487306
0.1336362
0.8018906
0.8032739
-0.2595485
-0.07061034
-1.082471
-1.030216
-0.7922054
-0.9167218
0.1375397
-0.5186975
0.7676706
-0.3834302
0.004813433
0.517341
-1.367558
-0.4886625
-0.3775589
0.01954412
-0.4723169
-0.3445275
0.01932764
-0.5083238
-0.3174438
-0.5111139
0.5230464
-0.7815977
-0.6031653
0.1028226
-0.5259558
-0.5375679
-0.7469257
-0.6630787
