41.16393
39.76832
39.78096
39.79087
39.78402
39.75786
39.74163
39.7596
39.80941
39.76257
39.71662
39.75357
39.80659
39.80319
39.73545
39.77594
39.87428
39.82269
39.76947
39.81379
39.88414
39.82508
39.71293
39.70443
39.7946
39.79228
39.77416
39.80335
39.80739
39.81364
39.82946
39.88213
39.87735
39.91708
39.88359
39.78077
39.80437
39.82531
39.81128
39.79905
39.78154
39.8046
39.76788
39.78055
39.83631
39.75814
39.69382
39.75091
39.78549
39.80821
39.72495
39.71806
39.71901
39.7446
39.73015
39.72876
39.74266
39.7762
39.82679
39.85572
39.85268
39.8059
39.82832
39.88453
39.85795
39.83759
39.78808
39.74574
39.81571
39.8576
39.77685
39.76045
39.82551
39.80165
39.71753
39.72858
39.78602
39.7406
39.68274
39.68293
39.7361
39.75849
39.78484
39.75433
39.71617
39.71557
39.81864
39.88514
39.7821
39.76346
39.82306
39.82553
39.90001
39.88447
39.82369
39.83128
39.84349
39.8158
39.75584
39.77122
39.81053
39.79589
39.79799
39.80235
39.80918
39.79052
39.8569
39.78876
39.70477
39.77805
39.81371
39.84053
39.83104
39.78588
39.78915
39.82309
39.81889
39.76749
39.75731
39.80445
39.85883
39.80832
39.74312
39.80663
39.85403
39.88533
39.83487
39.84291
39.8645
39.86477
39.82788
39.8525
39.84707
39.78316
39.73642
39.79326
39.81385
39.80131
39.83407
39.82774
39.82004
39.82635
39.78783
39.76752
39.77152
39.83894
39.7952
39.78452
39.83845
39.754
39.69907
39.74073
39.73985
39.70916
39.81351
39.81827
39.79917
39.7982
39.8656
39.86279
39.75038
39.75744
39.78999
39.79816
39.78717
39.78173
39.80398
39.78775
39.7679
39.81432
39.77824
39.75505
39.87735
39.83702
39.79357
39.76548
39.80643
39.72449
39.7654
39.80032
39.80457
39.74273
39.66615
39.73458
39.74571
39.73314
39.84206
39.85058
39.76921
39.7494
39.75615
39.76522
39.76852
39.79516
39.81184
39.81376
39.80693
39.83254
39.82045
39.82656
39.85503
39.80119
39.83052
39.87183
39.79792
39.77746
39.83184
39.83685
39.89058
39.93676
39.87923
39.81299
39.77063
39.80683
39.8021
39.80538
39.77182
39.82618
39.90869
39.82173
39.77127
39.80444
39.85869
39.86038
39.78874
39.74346
39.80348
39.88742
39.79902
39.72327
39.77779
39.85733
39.78195
39.71659
39.71905
39.81565
39.75473
39.73882
39.80755
39.75032
39.75743
39.72982
39.764
39.80195
39.83148
39.78585
39.69568
39.65211
39.76846
39.81145
39.76346
39.78353
39.84787
39.84049
39.79034
39.81848
39.83457
39.75589
39.77048
39.86002
39.82919
39.74278
39.74781
39.7967
39.80051
39.73164
39.71386
39.77369
39.82838
39.73814
39.74366
39.71567
39.73689
39.79644
39.81706
39.78051
39.7778
39.75675
39.78345
39.85821
39.81403
39.812
39.79841
39.832
39.89333
39.88022
39.86289
39.86491
39.89632
39.78536
39.77325
39.77745
39.76279
39.81973
39.80463
39.74479
39.73905
39.70456
39.72427
39.69056
39.69637
39.70622
39.77051
39.8336
39.83462
39.78471
39.79887
39.81317
39.69748
39.66523
39.69354
39.79761
39.85784
39.79746
39.71491
39.78281
39.84053
39.76998
39.73095
39.76571
39.79623
39.77269
39.73062
39.73311
39.76942
39.81829
39.81031
39.78492
39.79673
39.79287
39.77187
39.77823
39.74449
39.71188
39.71133
39.7402
39.84633
39.83815
39.74787
39.86424
39.92448
39.91127
39.8899
39.87857
39.94143
39.89632
39.88025
39.90247
39.96292
39.901
39.88259
39.90214
39.96251
39.91576
39.85151
39.87576
39.96482
39.97549
39.89052
39.87021
39.92223
39.96027
39.87704
39.89855
39.89061
39.86773
39.90221
39.91283
39.92782
39.9247
39.91208
39.95232
39.94249
39.87191
39.9395
39.88848
39.75515
39.80687
39.88327
39.86738
39.78213
39.78946
39.84405
39.89169
39.87092
39.81054
39.82445
39.81338
39.79467
39.81404
39.85499
39.93146
39.87504
39.82413
39.83812
39.8633
39.89338
39.84813
39.82064
39.874
39.8466
39.80843
39.85151
39.92596
39.84476
39.79272
39.88757
39.90036
39.82032
39.68208
39.66418
39.86991
39.94165
39.92423
39.98944
40.02259
39.99136
40.06866
40.00819
39.9355
40.01994
40.0882
40.06834
40.02643
39.97811
39.99287
39.96697
39.9233
39.97338
39.98501
39.91837
39.92005
39.94351
39.96768
40.04822
40.02628
39.8865
39.92511
40.01337
39.96311
39.96789
39.9823
39.87917
39.8623
39.90416
39.89606
39.85135
39.82389
39.85416
39.97499
39.92861
39.84357
39.87783
39.94715
39.90499
39.86507
39.85033
39.86755
39.8726
39.85029
39.87082
39.87512
39.81273
39.83128
39.78152
39.77698
39.79629
39.75792
39.75979
39.76604
39.79928
39.83093
39.74766
39.71746
39.74079
39.68881
39.73234
39.72694
39.68816
39.72528
39.74385
39.77014
39.72533
39.75025
39.69959
39.67513
39.71302
39.6942
39.70417
39.72488
39.72286
39.67736
39.62271
39.62016
39.68296
39.74247
39.73965
39.71838
39.69853
39.70105
39.72051
39.71593
39.72237
39.74549
39.75045
39.69439
39.70236
39.62611
39.64312
39.74923
39.7864
39.77315
39.70993
39.70599
39.73773
39.73235
39.71264
39.7554
39.76579
39.7248
39.70394
39.63141
39.67502
39.71436
39.72301
39.68945
39.71886
39.71206
39.70202
39.66512
39.65879
39.6976
39.69683
39.69614
39.70156
39.68629
39.6833
39.66958
39.63804
39.68387
39.75538
39.74139
39.72081
39.71721
39.66418
39.69297
39.73761
39.69427
39.70027
39.76826
39.70724
39.75384
39.76973
39.69401
39.65716
39.69688
39.69901
39.67411
39.6754
39.71395
39.70253
39.63316
39.67013
39.65774
39.59584
39.59193
39.66136
39.61003
39.59339
39.65042
39.66047
39.67801
39.68017
39.66099
39.66587
39.68083
39.73052
39.75607
39.75678
39.72888
39.73992
39.74568
39.81117
39.78021
39.76319
39.78011
39.77834
39.75053
39.73414
39.73883
39.74622
39.74825
39.75405
39.75702
39.73887
39.75701
39.70031
39.70005
39.79754
39.79895
39.82878
39.84658
39.78968
39.68434
39.67324
39.78664
39.7877
39.78785
39.81918
39.9256
39.90414
39.7935
39.83512
39.92189
39.98732
39.99327
39.89601
39.9143
39.92011
39.93647
39.95362
39.9264
39.93323
39.94285
39.94786
39.94981
39.96463
39.95377
39.97748
39.96597
39.9827
39.96044
39.9509
39.95419
40.00308
40.01068
39.9415
39.96432
39.97296
39.93329
39.92924
39.95358
39.93995
39.93988
39.95694
39.93494
39.93901
39.86383
39.83552
39.88031
39.90223
39.9141
39.92826
39.90797
39.93204
40.00703
39.91272
39.86398
39.92199
39.94748
39.95895
39.93191
39.87815
39.82536
39.85463
39.92312
39.87108
39.81094
39.83031
39.84048
39.84113
39.82056
39.84378
39.81749
39.80989
39.86524
39.918
39.92616
39.86017
39.87666
39.96787
39.94289
39.90073
39.89837
39.91592
39.96094
39.90249
39.92934
39.90485
39.9011
39.92542
39.89888
39.8532
39.83133
39.88486
39.89511
39.86121
39.81185
39.81594
39.86266
39.81517
39.75912
39.83422
39.82253
39.76079
39.80287
39.80738
39.71274
39.72136
39.72869
39.73632
39.73056
39.77016
39.74317
39.711
39.80357
39.84706
39.81721
39.76202
39.75605
39.79588
39.74312
39.69992
39.73789
39.76694
39.72766
39.78049
39.72393
39.72829
39.76281
39.7648
39.74598
39.80871
39.88373
39.78625
39.73812
39.76433
39.73326
39.72969
39.74401
39.82507
39.83001
39.77518
39.71393
39.7947
39.87627
39.78454
39.72301
39.75936
39.74314
39.73916
39.7212
39.72911
39.87717
39.86482
39.79395
39.81723
39.84933
39.885
39.83408
39.80452
39.90798
39.90804
39.81405
39.83349
39.86049
39.88318
39.83755
39.80735
39.8579
39.86898
39.8143
39.8157
39.89677
39.81773
39.77445
39.83189
39.86972
39.94396
39.91965
39.84196
39.81732
39.90019
39.88729
39.87605
39.84898
39.8349
39.90038
39.8407
39.77849
39.78549
39.74989
39.6952
39.80696
39.80804
39.76973
39.88041
39.90692
39.86768
39.8754
39.91793
39.88699
39.88776
39.85079
39.81064
39.77821
39.80894
39.83585
39.78882
39.7341
39.68933
39.72771
39.76572
39.7713
39.77002
39.87733
39.94036
39.8077
39.74939
39.81444
39.8238
39.86342
39.85721
39.81853
39.8868
39.82974
39.82297
39.84888
39.8698
39.87065
39.9073
39.88111
39.84579
39.88435
39.86559
39.83915
39.74121
39.76108
39.82325
39.76499
39.70473
39.77304
39.84305
39.86572
39.83142
39.81029
39.80421
39.77157
39.83285
39.90194
39.81908
39.75174
39.82095
39.89323
39.86259
39.86219
39.86374
39.85121
39.81797
39.76653
39.81154
39.79811
39.80749
39.79942
39.75705
39.74253
39.74145
39.75766
39.83146
39.81808
39.75361
39.75989
39.76817
39.82881
39.85376
39.84076
39.87046
39.88505
39.82378
39.80145
39.83608
39.88167
39.78191
39.82454
39.9465
39.8788
39.75518
39.81322
39.86184
39.87242
39.80971
39.80794
39.84109
39.85429
39.91401
39.88646
39.86331
39.82191
39.81502
39.82072
39.78492
39.80056
39.82392
39.82498
39.78041
39.79281
39.78827
39.80824
39.85498
39.79948
39.76369
39.74503
39.72338
39.66493
39.79448
39.85339
39.82283
39.83226
39.9486
39.96042
39.90956
39.85324
39.84156
39.89935
39.83474
39.78989
39.77749
39.792
39.82747
39.80759
39.84073
39.82241
39.78088
39.8279
39.85685
39.83998
39.82697
39.83345
39.90006
39.9165
39.90211
39.8469
39.83087
39.84052
39.88124
39.87165
39.81904
39.77254
39.81129
39.87116
39.82807
39.79515
39.75923
39.79945
39.85026
39.78484
39.74329
39.70531
39.77298
39.79884
39.74412
39.71704
39.7315
39.74441
39.69596
39.71161
39.71976
39.68851
39.74274
39.83179
39.80503
39.78851
39.82476
39.82254
39.85629
39.83719
39.8083
39.86386
39.79405
39.78719
39.80853
39.81919
39.83424
39.78332
39.83054
39.92281
39.95158
39.80743
39.75046
39.84197
39.83889
39.83247
39.82119
39.79456
39.74427
39.77055
39.77455
39.70485
39.7345
39.78302
