 0
-0.2496059
-0.001574278
-0.2173596
0.7598612
0.9662775
1.135867
1.595368
0.07468337
-0.582696
-0.3757732
-0.9610969
0.5055721
0.3436298
-0.005952835
0.03932881
0.8394685
1.803984
-0.537737
-0.2713718
0.3081004
-0.7299361
-0.2561349
0.3182244
-0.2093599
-0.6066909
0.5941241
1.435207
-0.4315624
-0.6101969
0.3878503
-0.9270623
0.2266634
-0.09502137
0.1595636
0.4089605
-0.1437129
-0.35143
1.672369
0.8548837
-0.4514699
-0.6504418
-0.7018626
-0.5153888
0.5081507
-0.3917695
0.339904
-0.07584202
-0.01892388
0.5370989
0.7268617
2.330778
-0.09825683
-0.1847804
0.1106793
-0.9629351
0.5159515
-0.4442876
0.2351453
-0.5078351
-0.1033096
0.5886275
0.5853195
0.5620157
-0.4391148
-0.2508717
0.03225222
-0.4208399
0.2700371
0.1551547
1.612216
0.8056105
-0.3586733
0.2210845
-0.9501613
-1.157352
0.04054117
1.479542
0.1502814
0.7893418
-0.20837
0.6299855
0.4216945
0.04065451
0.3906749
1.204077
-0.127982
-0.8139234
0.8107188
-1.244445
0.9078088
-0.3794724
-0.5111904
-0.4026999
-1.261181
-0.4710178
1.206002
0.08671898
-0.5009799
-0.004802465
-0.9253685
0.4995706
0.0169735
0.3810639
-0.2760494
0.1503952
-0.3287469
0.4735518
0.5819892
-0.800297
0.3766903
0.3105826
-0.07471627
-0.213142
-0.09964222
0.8399633
0.3723323
1.049166
-0.2905281
-0.1830502
-0.6724234
-0.1471518
-0.9494657
-0.2793143
-0.6336334
0.4394767
0.829262
0.6677003
-0.8323264
-0.5014428
-0.6688172
-0.06050084
-0.03218478
0.9597678
1.04632
-0.830755
-0.5142441
1.493804
-0.3488127
0.825433
0.5015925
-1.354103
0.001905799
1.344825
0.4286845
-0.3447372
0.7995517
-0.2905731
-0.6172602
-0.7030531
0.2395513
0.5178594
0.5919321
-0.171039
0.2840517
-0.8752453
0.05558155
0.41276
-0.7419698
-0.07208002
0.0384317
0.04339194
0.3596297
-0.4463541
0.126207
0.6159229
-0.07265615
-0.1194256
-0.3409135
1.256366
-0.324292
-0.5113714
0.6141657
-1.690843
0.8712485
0.03633446
-0.2849629
0.1111047
1.163985
-0.1223101
1.072073
-1.006819
-0.5649294
-0.3300734
0.6419829
-0.2055618
0.4268723
-1.210935
-0.5378959
1.089474
-0.4151009
0.355391
-0.874381
-0.4220605
-0.3481513
1.742138
0.1540579
-0.8504755
0.2006366
-0.9615887
-0.5208107
0.4873689
0.8542398
0.527901
-0.4299259
-0.4924086
0.5379267
0.3041228
-0.3400666
-0.7782953
0.5494237
-1.366358
0.440671
0.07758999
-1.634775
-0.4716632
0.7370777
-0.1580571
-0.5071678
-0.001592398
-0.2840276
0.08126688
-0.8414494
1.326128
-0.01987421
-0.5310187
0.8999356
-1.095353
-0.7111791
-0.3321205
-0.1410818
0.1252535
-0.5203087
0.6278777
-0.08131349
0.9335842
0.03237486
-0.2489533
-0.1731985
-1.221013
-0.5689976
0.4579321
-0.04214931
-0.08914685
0.4413912
0.5580306
0.2300889
-0.09172288
-0.06430089
0.4958764
0.3249874
-0.8509514
0.3223472
0.5286626
-0.8441149
0.4864717
0.3035134
-0.766412
-0.3254277
0.2990492
0.7316258
-0.2980651
-0.2575012
0.6284978
-0.0668391
0.5144351
-0.3420322
-0.3952457
1.225596
-0.1535701
1.174454
0.8066066
-0.1301949
-0.2245381
-1.280663
1.186246
-0.07369032
-0.470899
-0.4485739
1.536836
-0.3064703
0.3295999
-0.6834654
0.06176329
0.1215643
-0.262048
0.5810589
0.04285088
0.1152404
1.449738
-0.62444
-0.1897111
0.03954768
-1.02295
-0.855889
0.3740584
0.03601074
0.672617
-0.7938818
0.1225029
-0.08315308
0.6559991
-0.5674838
-0.3030151
-0.7437763
-0.371931
0.5640876
0.03212914
0.105628
0.08201942
-1.030626
-0.6803543
1.237057
-0.2792106
-0.02602053
-0.2976305
-0.003315926
-0.1873803
-0.7103437
-0.6092566
-0.6802048
0.6307182
-0.2696859
0.0209403
0.2877802
1.265074
0.6335293
0.4500918
-0.3241041
-0.1111785
-0.7487194
-0.1833082
-0.654933
-0.1961169
0.02092665
-0.08274043
-0.09101701
0.250935
0.4092177
0.1036629
1.014692
-0.1556113
0.4691017
0.0101768
0.05781412
-0.2745665
-0.6465492
-0.5097573
-0.3006428
-0.7207075
-0.2172995
0.5067642
-0.2438627
0.1257546
0.02353787
-0.9782925
0.05679679
0.06574345
-0.1570449
0.1932589
0.04321814
-0.4382266
-0.5625578
1.056346
1.055103
-0.0961524
0.7761768
0.3380473
0.5297738
0.07378483
0.3713611
-1.074694
0.5066078
-0.1680481
-0.3654842
0.2787708
0.2398576
1.942904
0.008769721
-0.4428179
0.3870212
-1.08735
-0.03219193
0.2610813
0.3610556
1.124932
0.1918414
0.5245223
-0.6047986
-0.3990338
-0.940811
0.2330376
0.7311852
-0.3691991
-0.5957839
0.4093643
-0.4394851
-0.2040848
1.686323
-0.1795348
0.6597543
-0.09652841
-0.7851837
-0.3921439
0.9695179
-0.1181258
-0.3858652
-0.7225008
2.000955
3.254853
0.4630792
0.8497748
-0.334277
-1.072531
0.01743627
0.8672786
0.3456486
-0.8433201
-0.1630907
-0.7551644
-0.1234918
0.9906979
-0.3114663
-0.7710326
-0.3762572
0.3629506
0.02116744
-0.3197705
-0.5267197
-0.5470192
-0.7112057
-0.7862701
0.4256895
0.4383506
0.5617398
0.6759088
0.591424
-1.192361
-0.1099932
0.1335754
-1.004733
1.345098
-0.3877497
-0.07458913
-0.5568105
-0.6724029
0.1931278
-0.4318139
-0.7814534
-0.7858464
1.637051
-0.3593014
-0.08288407
-0.7560809
-0.6252705
1.176131
-0.2415462
0.01473308
-0.7844177
-1.443806
-0.359144
0.3381574
-0.3538724
-0.8963386
-0.2768316
1.354264
0.1891561
0.0179925
-0.9394137
-0.3631756
-0.9715703
0.2118087
0.2319665
0.4535801
-0.09235686
-0.3145446
0.05093037
-0.1038017
0.1209662
0.2239419
-0.1075417
0.1863098
0.1889806
-0.264768
0.2560328
0.003196679
-0.5356241
1.285184
0.1479737
-0.2080689
-0.1473536
0.8420722
0.3385237
-0.3012515
-0.2728223
0.506751
0.3567954
0.06051491
1.472691
-0.1691557
0.7382145
-0.08865967
-0.2902627
-0.2748888
0.2140768
0.1158018
-0.6301621
0.05290341
0.2998002
-0.3281744
0.1212692
-0.2385794
0.1792265
0.5767646
0.3042471
-0.2607415
-0.08250093
0.4341843
-0.2748593
0.7640448
1.386011
-0.8790538
0.3403516
0.6331127
-0.6449031
-0.2927977
0.06495637
-0.1022947
0.6853592
0.6635293
0.08618689
-0.1635478
0.6164312
-0.5512918
0.4893255
-0.9909867
-1.972278
-0.1733334
0.08433723
-0.01405761
0.9177616
-0.2060284
0.006862402
-0.1744942
-1.134666
-0.08660755
-0.4408505
0.1576457
-0.3684413
0.2975494
0.5266781
0.4118757
-0.6588408
0.08431578
-0.9929125
-0.3957459
0.4818532
0.7592995
0.03243895
0.04486689
-0.0682331
-0.2830652
-0.8393283
0.6037323
-0.1655186
1.33872
0.5935559
-0.3217828
0.7408291
-0.7210951
-0.3437763
0.2668878
-0.08681101
-0.0370937
-0.3739504
-0.2308905
-0.3525122
0.637187
0.140574
0.1193228
-0.1146936
-0.2289821
-0.06567097
1.204642
-0.2913373
1.530691
0.2940894
-0.5383813
-0.603901
-0.5913005
-0.4770527
-0.002325654
-0.07177901
0.3806845
0.1358804
-0.1211098
0.1058185
1.39609
-0.04085422
-0.4534349
0.3072701
-0.3602089
1.544945
2.500896
1.292655
-0.2342771
0.2904866
-0.6970259
-0.8644792
0.2916602
1.155605
-0.2190758
-0.7294853
-0.8368515
0.1808156
-0.1819303
-0.3160957
1.067143
0.4507287
-0.5481445
0.4425058
-1.097539
-0.8287904
-0.3962736
0.3064897
0.05845857
0.4775826
0.4170756
0.1208816
0.1408901
-0.5995806
0.06666756
-0.01543629
0.8064461
-0.2439831
-0.3049653
0.01645082
-0.5329829
-0.5243627
-0.3004789
-0.2413874
0.5411576
0.8217174
0.6447366
-0.4868691
-0.6068274
-0.6430593
-1.606842
-0.1478419
-0.2805219
0.1685277
-0.04202179
-0.1837095
-0.1087106
0.08416486
-0.1002178
0.3288788
-0.3322409
-0.2268946
-0.8627129
-1.1372
0.6229397
0.4650477
-0.549274
-0.2493491
-0.9353811
-0.683796
1.456098
-0.06782985
-0.5023447
-0.7190546
0.2208948
-0.2098253
-0.8335745
-0.8543153
-1.20199
0.2670469
0.7934849
-0.850513
0.1795814
-1.529881
-1.24174
-0.01801756
1.119758
0.1439438
-0.553478
-0.439536
-1.041459
0.3425775
-1.236951
-0.7705655
0.1068165
0.02376613
0.09255439
1.064873
0.03279623
0.06268787
-0.6702778
-1.928724
-0.02889591
1.067493
0.2046995
-0.8553889
-0.4351477
0.2037719
0.397392
-0.086676
0.2079304
0.3481343
-0.4550748
-0.6307216
0.7984726
0.2664736
1.202219
-0.1730602
-1.11042
-0.498051
-0.5544513
-0.636055
-0.4192053
0.8971409
-1.178931
0.68909
-0.6625777
-1.605706
0.1219946
0.3714682
-0.1573051
-0.5985157
0.04661873
-1.338265
0.4781555
0.5566248
-0.09368706
-0.04290238
0.2852904
1.033301
0.8940208
0.3901167
0.1502333
-0.3983756
-0.4622988
-0.4851639
0.3424674
-0.3177793
0.5944196
1.582759
0.4185386
-0.3345528
0.8588078
1.058165
0.9349635
-0.8653793
-0.0646069
-0.1564708
-0.5168525
-0.5437155
0.4069629
0.07717383
0.8669567
0.13465
-0.6053981
0.1493412
-0.09804511
-0.7824565
0.5578569
1.779134
-0.06476644
-0.4613218
-0.3924424
-0.2926814
0.2493329
0.1679146
-0.3616958
0.2055432
0.1083328
-0.08166552
0.4349787
0.7206149
-0.7042442
0.4760945
-0.6451162
0.7673693
-0.8710296
-0.2648735
-0.08453709
-1.15474
-0.4624757
-0.06746271
0.1710511
0.6394503
1.516405
1.728513
-0.9465303
-0.08121037
-0.959068
-0.6454864
-0.3367969
0.4411206
-0.5178756
0.6256428
0.01949066
0.4609432
-0.6548194
-0.62466
-0.5223249
-0.4648384
-1.071274
0.5121653
0.1545987
-0.4420067
0.3028253
-0.2872528
-0.6596908
0.8386183
0.3177407
-0.2714298
0.07134485
-0.193041
-0.4799015
1.245368
0.3254465
-0.3967801
0.07344878
-0.1027732
0.6768756
0.3662264
0.2891991
-0.4440725
-0.1703944
-0.009198815
0.3199222
-0.1442333
-0.4208871
1.446312
-0.8169649
0.009385586
-0.6440514
-0.4834275
0.226493
-0.1715723
-0.3717978
0.1230254
0.9808879
1.840012
0.3359308
0.2179153
-0.391973
-1.58249
-0.6767786
-0.2359158
-0.1732801
1.27804
0.9363093
0.538713
-0.3807259
-0.4856662
-0.5893588
-0.2982929
-0.1860377
0.1691711
-0.2240583
-0.8875479
0.8275712
-0.05642554
-0.4701512
1.326757
0.07278293
-0.3315039
0.1911064
-0.6444323
-0.2177709
0.9469869
-0.7291113
-0.4017448
0.1143115
0.248467
0.4415038
-0.6957412
-0.08135819
-0.09161139
-1.123294
-0.2853763
0.261833
0.2709804
0.03209507
1.118339
0.164122
0.1884563
-0.7257161
-1.519491
0.166298
-0.5401287
-0.3341403
0.9227288
-0.1975845
-0.2906573
-0.7308294
-1.28218
0.03028119
-0.1598113
-1.145656
-0.03056085
0.5678128
-0.4276649
0.1789151
0.03231916
0.1322796
0.1737059
-0.537307
-0.9813676
-0.4013318
1.168948
1.063504
0.4520276
-0.6207875
0.3722268
-0.1812623
0.3306553
0.3031709
1.110508
-0.126522
-0.4427948
0.02738222
-0.2470257
-0.5897308
0.3641833
-0.2918812
0.08903009
0.1021836
-0.8714341
0.1205966
-0.4665508
0.7146933
-0.2584999
-1.149747
0.209026
-1.014242
-0.9260771
-0.3980424
-0.5838542
0.7654696
-0.1759659
0.3930859
-0.3485336
-0.4703107
-0.03415263
0.8814332
0.3711178
-1.048779
-0.3653104
-1.49114
-1.348389
-0.1014481
-0.004695144
-0.3215914
0.2761937
-0.978143
-0.3349474
1.67714
1.525097
0.1089601
-0.2215245
-0.5382587
-0.7664399
2.205434
2.431009
0.5974355
-0.8326542
-0.5437812
-0.8776284
-0.6056723
-0.3615247
-0.9097548
-1.017338
0.4569194
-0.7253985
0.3060323
0.7167122
-0.8169007
-1.033252
-0.436644
0.08473945
-0.9153859
0.3897829
-0.0702107
-1.120013
-0.4488238
-0.40312
0.4926314
0.3904498
-0.2500234
-1.174332
-1.892039
-1.025368
0.7104175
-0.7366934
-0.2101755
-1.515517
0.5348531
