53.23592
49.47264
49.47264
49.43404
49.38091
49.3994
49.3652
49.31807
49.34854
49.38915
49.40915
49.3771
49.44561
49.41214
49.34856
49.3334
49.36068
49.35036
49.32695
49.31582
49.2854
49.26482
49.26849
49.26653
49.3066
49.27483
49.29383
49.26894
49.33828
49.34521
49.34
49.34363
49.32277
49.34975
49.36483
49.32701
49.32986
49.31331
49.3295
49.34556
49.33131
49.28163
49.30679
49.30833
49.3351
49.34861
49.35885
49.35278
49.33986
49.41596
49.35974
49.4179
49.38749
49.38861
49.41439
49.41254
49.3961
49.44545
49.4046
49.38652
49.44776
49.42661
49.40176
49.4736
49.43964
49.46349
49.51838
49.4953
49.54626
49.54362
49.50166
49.52579
49.57211
49.50051
49.50044
49.52942
49.55849
49.5453
49.48983
49.54716
49.54882
49.49268
49.46484
49.42209
49.43692
49.43152
49.43242
49.44683
49.50475
49.47344
49.42949
49.36306
49.37175
49.42927
49.3764
49.35588
49.34651
49.36434
49.3444
49.3324
49.35021
49.35164
49.36394
49.39765
49.29765
49.3232
49.32786
49.32256
49.35437
49.36198
49.37376
49.35963
49.35012
49.35537
49.34
49.30724
49.34675
49.38809
49.36914
49.32784
49.33181
49.36663
49.39601
49.36429
49.41863
49.43222
49.36427
49.32473
49.33709
49.38402
49.42199
49.33368
49.3646
49.35338
49.36446
49.34136
49.43283
49.40024
49.42551
49.4258
49.48519
49.4262
49.46793
49.47019
49.45697
49.44507
49.47048
49.53127
49.48378
49.45532
49.48465
49.50697
49.50298
49.52729
49.55665
49.57628
49.58243
49.62099
49.57791
49.56409
49.56805
49.5699
49.58764
49.60468
49.58689
49.62346
49.57415
49.61006
49.62672
49.61686
49.6098
49.65209
49.64863
49.68912
49.62965
49.6731
49.71266
49.75863
49.75113
49.75173
49.74806
49.81559
49.83306
49.79893
49.67717
49.73739
49.69448
49.70582
49.67223
49.70153
49.63433
49.65158
49.60761
49.6167
49.59439
49.60892
49.57844
49.63596
49.63229
49.6222
49.61349
49.65806
49.62998
49.63246
49.62877
49.63189
49.68078
49.64973
49.6675
49.64942
49.69113
49.74533
49.73288
49.71967
49.72368
49.67836
49.72752
49.74207
49.72843
49.73025
49.74932
49.70171
49.69833
49.6296
49.69114
49.65863
49.64868
49.61221
49.62368
49.61105
49.69267
49.6517
49.6909
49.69055
49.709
49.64766
49.66732
49.71447
49.61764
49.69286
49.67656
49.64034
49.73021
49.73746
49.73736
49.69333
49.74554
49.76686
49.80264
49.74585
49.75418
49.79007
49.82088
49.84947
49.85986
49.87066
49.87435
49.85975
49.90938
49.94721
49.93743
49.89355
49.94161
49.92462
49.93961
49.98042
49.97585
50.00137
49.94912
49.96522
49.96594
50.00284
49.92776
49.96482
49.92965
49.97578
49.93304
49.90252
49.88313
49.91071
49.86696
49.84123
49.8734
49.81627
49.84422
49.82252
49.86133
49.86193
49.84309
49.81474
49.8343
49.81346
49.90818
49.91216
49.92355
49.95669
49.98689
49.99371
50.05759
50.06811
50.11097
50.0626
50.10764
50.13488
50.05664
50.04661
50.0063
50.01703
50.01567
50.07977
49.99299
50.01677
49.97571
49.94527
49.95456
49.94778
49.96696
49.94524
49.92168
49.90622
49.90805
49.87077
49.81617
49.86999
49.90229
49.88034
49.81503
49.7922
49.8211
49.81102
49.82416
49.82002
49.81127
49.73758
49.76503
49.76057
49.7107
49.67018
49.68131
49.72285
49.70198
49.72023
49.71188
49.76329
49.81633
49.8372
49.77243
49.75563
49.77471
49.82112
49.81499
49.79632
49.81957
49.84235
49.79227
49.75251
49.71918
49.72268
49.74508
49.78866
49.71597
49.66096
49.69854
49.83591
49.75383
49.71838
49.70681
49.7585
49.7457
49.73556
49.72389
49.6982
49.68646
49.63136
49.69968
49.73912
49.72194
49.72809
49.72219
49.79509
49.76729
49.79983
49.77247
49.82261
49.8703
49.85372
49.79239
49.82074
49.83617
49.83591
49.83539
49.87558
49.85692
49.84951
49.88665
49.8958
49.96142
49.95555
49.91624
49.86716
49.94389
49.9383
49.97869
49.93325
49.97789
50.00505
49.88309
49.98285
49.91881
49.99584
49.96785
49.94193
49.84216
49.83625
49.85221
49.84579
49.82557
49.78762
49.77697
49.84986
49.83828
49.79209
49.80822
49.78576
49.82666
49.8231
49.79682
49.79734
49.75655
49.76156
49.7354
49.7365
49.77216
49.78616
49.76878
49.68166
49.75406
49.73147
49.67475
49.64151
49.66791
49.70159
49.6588
49.60212
49.59821
49.65276
49.63853
49.67905
49.71217
49.68724
49.67631
49.71379
49.73877
49.80479
49.74001
49.78555
49.84676
49.84332
49.88034
49.93227
49.98122
49.97256
50.03619
50.06264
50.11088
50.06401
50.08199
50.13395
50.15794
50.12182
50.10915
50.13148
50.10722
50.08242
50.12033
50.09588
50.08125
50.05544
50.01482
50.04868
50.06705
50.03972
50.04758
50.01979
50.01128
50.06949
50.03316
49.99917
49.94313
49.94306
49.92516
49.9123
49.98643
49.93913
49.90187
49.93672
49.99362
50.02227
49.97461
49.93838
49.91723
49.96571
49.92536
49.96229
49.92979
49.98062
49.9402
49.9533
49.91741
49.9645
50.01384
50.05569
50.01292
49.99674
49.97279
50.03836
50.0104
49.99563
50.0134
50.02241
49.98313
49.99992
49.99357
50.01076
50.02414
50.04363
50.00776
50.03879
50.05716
50.08942
50.04623
50.08156
50.1103
50.05445
50.05629
50.10601
50.16936
50.10054
50.10266
50.08716
50.1063
50.09543
50.19813
50.20148
50.18758
50.16548
50.17783
50.21037
50.18679
50.18295
50.09748
50.22522
50.21558
50.21228
50.17334
50.10484
50.17194
50.11393
50.11794
50.03063
50.04639
50.08834
50.063
50.06224
50.02291
50.03655
49.972
50.02152
49.99349
50.01154
49.98938
49.9781
49.97601
49.91148
49.85033
49.89192
49.93753
49.88931
49.90938
49.95072
50.00799
49.93783
49.94584
49.97083
50.01561
50.00718
50.03911
50.07994
50.06634
50.0626
50.05526
50.10377
50.14302
50.11304
50.06951
50.11917
50.10056
50.09456
50.05977
50.06495
50.03134
49.98756
50.01337
50.04433
50.02002
49.92918
49.88143
49.87219
49.91304
49.81789
49.76805
49.74814
49.7356
49.75194
49.71464
49.67937
49.69374
49.68146
49.67681
49.61705
49.74945
49.73996
49.74852
49.73075
49.72517
49.81099
49.80503
49.74009
49.83731
49.86261
49.89479
49.88311
49.94223
49.95047
49.96234
49.94271
49.9983
50.02752
49.99949
50.05495
50.06096
50.08701
50.11875
50.16208
50.19129
50.17733
50.11143
50.12344
50.072
50.11497
50.13116
50.04434
50.02892
49.9998
50.0247
49.96329
49.98631
49.91589
49.9429
49.94877
49.954
49.92183
49.88327
49.87413
49.84557
49.85175
49.86073
49.89666
49.87669
49.90379
49.83081
49.8382
49.85188
49.83904
49.78017
49.78753
49.81497
49.76634
49.74867
49.78033
49.82855
49.81267
49.86822
49.88223
49.84839
49.8241
49.8567
49.8534
49.9068
49.84714
49.78537
49.73392
49.76241
49.80029
49.72703
49.76994
49.74889
49.76177
49.80174
49.74327
49.87369
49.8849
49.94993
49.85683
49.83007
49.89727
49.92927
49.87463
49.92653
49.9146
49.96058
49.94942
49.94283
49.96153
50.00146
50.02883
50.04723
50.03878
49.9657
49.98286
50.01303
49.97465
49.95725
49.91829
50.01323
49.99705
49.97829
50.02151
50.06654
50.02245
50.07499
50.11794
50.12932
50.12558
50.12343
50.19081
50.16993
50.16861
50.1938
50.20319
50.19753
50.1506
50.17548
50.22208
50.21721
50.19088
50.14345
50.22379
50.2514
50.21775
50.25153
50.24244
50.19394
50.18102
50.21565
50.28629
50.25257
50.15244
50.12119
50.07663
50.10284
50.06574
49.97871
49.9251
49.93616
49.91016
49.90518
49.86717
49.93057
49.85786
49.85956
49.87655
49.84986
49.82043
49.85074
49.83391
49.85928
49.82101
49.85898
49.78203
49.79766
49.79688
49.80572
49.80835
49.81191
49.85232
49.88684
49.887
49.90028
49.9384
49.98141
49.98545
50.04948
49.95688
49.9261
49.98557
49.97699
49.9861
49.93484
49.88631
49.90224
49.90823
49.93871
49.91662
49.83612
49.81985
49.89908
49.87799
49.82795
49.81879
49.82224
49.7794
49.76416
49.79272
49.8311
49.7589
49.77104
49.71149
49.68451
49.73279
49.7198
49.72477
49.70331
49.70076
49.68989
49.69798
49.64357
49.57197
49.57143
49.63535
49.59023
49.54753
49.54422
49.59523
49.61163
49.57589
49.5994
49.55616
49.57658
49.59793
49.58691
49.64249
49.63525
49.58319
49.55206
49.53487
49.5481
49.57171
49.51189
49.53479
49.49144
49.5505
49.57819
49.56133
49.5555
49.58069
49.58898
49.63728
49.62724
49.63871
49.7284
49.74552
49.75032
49.76141
49.85127
49.86667
49.87037
49.86657
49.91777
49.92252
49.91724
49.96656
49.89129
49.88397
49.90377
49.90086
49.9035
49.85471
49.87512
49.88287
49.8569
49.90658
49.8943
49.91983
49.88908
49.86207
49.85836
49.89145
49.88575
49.82819
49.81086
49.82278
49.7625
49.74472
49.7531
49.68511
49.75293
49.80644
49.7632
49.73895
49.7132
49.75014
49.75433
49.76918
49.7704
49.83449
49.77393
49.75048
49.79066
49.88066
49.85109
49.81489
49.86053
49.87308
49.81398
49.78451
49.83301
49.81633
49.77917
49.79309
49.74664
49.77538
49.78684
49.79871
49.74364
49.70489
49.68953
49.63894
49.62416
49.63884
49.61842
49.65952
49.6127
49.60952
49.60837
49.56158
49.57262
49.59134
49.64283
49.67515
49.63169
49.62241
49.63117
49.65392
49.63527
49.60163
49.54104
49.54242
49.56089
49.62928
49.62944
49.65271
49.65651
49.7382
49.71034
49.69699
49.64217
49.63189
49.73058
49.75421
49.69049
49.7315
49.73441
49.74344
49.71984
49.72599
49.76775
49.79023
49.65878
49.7181
49.72331
49.6474
49.60595
49.62746
49.60882
49.57603
49.56726
49.53983
49.52219
49.56643
49.58212
49.51513
49.51657
49.61043
49.57211
49.54255
49.51934
49.49256
49.47332
49.41761
49.40871
49.41575
49.45083
49.46108
49.45399
49.53141
49.53285
49.50183
49.46571
49.47874
