 0
3.083931
4.318893
4.151558
4.126873
4.303989
3.535774
4.393444
4.885078
4.464401
5.871944
4.731102
4.217369
3.882652
3.26812
2.95842
5.126255
3.639248
5.111027
4.634819
4.448944
3.34647
3.966633
4.034683
3.241528
2.418659
5.502235
4.664478
4.498158
4.103519
4.652039
3.76054
3.419018
4.534737
3.448196
4.499691
5.038029
5.545971
4.427711
3.218761
3.520439
4.598221
4.619289
4.412827
5.289219
3.614471
4.709003
4.031891
4.157604
5.243561
4.372318
2.60247
4.558353
4.604126
4.240406
4.349815
4.820454
4.742153
4.39222
4.591682
4.019238
3.961449
4.548836
4.175907
3.93288
3.904434
4.383595
4.448517
3.77422
4.376198
3.824986
3.678444
5.02739
4.200798
3.967113
4.357391
3.84156
4.040695
4.190731
4.045067
2.789005
3.609165
4.540638
3.151112
4.60667
3.753132
4.587036
4.200031
4.173935
4.045845
3.27179
4.128254
4.564629
4.160835
3.713863
4.508411
4.018967
5.116447
4.972595
5.127735
4.454342
4.040852
3.884712
4.153477
3.271076
4.602451
4.488251
4.154995
4.813072
2.772614
4.595402
4.369167
4.47221
5.149311
4.12859
4.642082
4.484627
4.324894
4.14386
4.496613
4.331146
3.615234
3.706249
4.854195
3.499062
5.300442
3.605
4.192001
4.808174
4.613506
4.190792
4.465363
3.662239
4.399872
3.785763
4.268681
3.95052
3.365757
4.078793
4.583675
4.307407
5.099674
4.810284
4.208324
4.139576
3.428078
4.75251
3.928509
3.841957
3.056873
4.251492
3.845821
4.078194
6.159939
5.120174
4.14415
3.446777
4.193115
4.772346
4.345829
5.11227
4.508675
4.409752
3.525524
3.850441
4.928257
3.071457
2.661873
4.109245
4.408379
5.154934
4.623077
4.081028
4.187775
4.34584
4.311028
4.183559
3.220161
4.424099
4.843208
4.50079
4.568008
4.389935
2.992165
5.474655
3.968231
4.671097
4.514137
3.29932
4.837738
4.549187
4.588768
4.692848
4.864494
4.362137
4.290382
4.782993
4.596222
4.699707
4.581497
5.387936
3.781509
4.194641
3.99073
3.584808
4.73547
4.256821
4.921799
4.491432
3.372829
4.497173
4.213455
4.701828
4.378967
4.372292
3.648117
4.381577
4.085312
2.839828
4.434418
4.818352
3.872654
3.886559
5.084724
4.271622
4.294456
5.343243
4.558372
3.97839
3.710629
3.008125
4.059044
3.862465
4.756687
5.292217
4.631958
3.468372
3.447773
4.776905
4.379471
4.780609
3.964333
4.025738
4.293526
4.27042
5.00528
4.633217
4.721539
3.630592
4.674385
4.304649
4.004284
4.522465
4.415279
3.529083
4.66642
4.298416
4.699993
4.541695
3.809784
3.975376
5.265778
2.599007
4.327232
4.209599
5.510342
5.061378
4.504482
4.263336
3.598568
3.509502
5.14996
5.031635
4.636055
5.001575
4.438717
4.076794
4.642548
4.146202
5.049744
4.061047
4.609249
4.251774
4.410698
4.255657
3.1903
4.3064
4.286133
4.138054
4.453224
4.758728
4.443253
4.184116
4.512333
4.488792
4.302441
3.17223
5.038574
4.36412
4.733795
4.908176
3.304955
4.08707
5.191078
4.523769
4.755264
5.119064
4.186134
3.457066
3.578213
4.324726
5.234081
4.07415
4.227695
4.056606
3.845253
4.271351
4.558296
4.531063
4.715214
4.01577
4.082077
4.1203
4.223053
4.199825
4.082619
3.861568
3.628674
4.143829
4.92828
4.353313
4.277626
3.273689
4.41795
3.748295
4.334389
3.859901
4.733479
4.477551
4.364193
5.023186
4.464233
3.828083
4.609314
4.205875
4.16077
4.351295
4.27491
4.506252
4.635681
4.960663
4.091564
4.894043
4.569107
4.37553
3.971855
3.19149
4.369473
4.236717
5.205013
4.852173
3.211685
3.413788
4.049747
3.028912
4.075199
4.531898
4.098801
4.453461
4.227852
4.288353
2.773098
4.753326
3.692329
5.109234
5.183449
4.088684
4.477932
4.073578
4.235283
5.107426
4.309753
4.159973
4.719631
4.659252
3.623299
4.910183
3.375935
3.331318
4.365616
4.457928
4.939133
4.379005
4.362534
4.281719
4.937939
4.664799
3.286465
4.378559
4.502369
4.980042
4.809772
4.80912
3.429443
3.78508
5.076633
4.223656
4.881142
1.432594
1.357292
2.712723
4.1735
5.269356
4.734783
4.50135
3.079018
5.242336
4.429657
3.678074
5.36219
4.7775
4.218502
4.125019
4.619442
4.69614
2.978313
2.479977
4.502056
4.885017
4.97102
5.367119
4.723751
4.795074
4.587582
3.215012
4.07325
4.245846
4.01265
4.578915
4.782536
4.629383
4.353065
4.606644
3.135338
4.40955
4.585464
4.578365
6.297695
3.903008
4.468689
4.8349
5.294769
5.34721
4.610443
4.801224
3.195492
4.357666
4.971725
4.748569
4.94154
4.765888
3.883972
3.965492
5.35004
4.494984
4.175247
4.001366
4.60841
3.957386
3.465946
4.043564
4.613384
4.645172
4.668388
4.617329
3.272022
3.716213
4.094749
4.422241
4.283955
4.601402
4.115761
3.995533
4.562305
4.79073
4.610497
3.611443
4.233902
4.058758
3.249538
4.418007
4.023144
3.721622
4.454578
4.01543
4.905895
3.880123
5.050938
4.828293
3.407444
4.604984
4.53582
4.640774
3.568829
4.427063
4.860744
4.178291
5.528831
5.014637
2.121822
3.75309
5.171169
4.970058
4.607243
5.583904
3.558258
4.564789
4.631237
4.460567
3.585545
4.247471
3.96423
4.080658
3.829243
4.701756
5.111511
4.348137
3.733513
2.976299
4.539688
3.813339
4.220921
5.474255
5.242893
4.365379
4.208221
4.618435
5.131332
4.034348
4.514366
4.172771
4.589577
4.555325
3.227654
4.125996
4.715176
4.109108
5.008167
5.010391
4.454601
4.112698
3.196724
3.324303
4.361359
4.777611
4.691261
3.814453
2.947598
4.189644
5.078945
4.568512
4.798985
4.864738
4.414707
4.385586
4.811771
4.346035
5.026924
3.509296
4.182682
4.276814
4.279373
4.18396
4.471367
3.483688
3.31102
4.77227
4.184521
4.945835
4.575294
3.797798
3.312542
4.575871
4.548271
4.418575
3.611713
4.832287
3.755154
4.887157
5.297024
4.719051
4.607456
5.074284
3.370094
4.502167
4.627575
4.628635
4.191517
4.577549
3.220135
3.812634
4.302868
2.314251
2.855522
3.844494
4.545795
4.245266
5.199387
3.824993
4.032848
3.88834
4.257572
4.5672
4.303932
3.35371
3.56591
4.236618
3.587116
5.016987
4.398415
5.001678
4.181789
5.030537
4.247677
4.527969
5.344349
3.723824
3.697334
4.66394
3.926456
4.342312
3.970203
3.952301
4.301182
5.075779
3.790466
4.432739
4.692722
5.266888
4.429134
5.53915
4.423004
5.339314
4.31567
4.851551
4.298359
4.777744
3.511486
3.947636
4.995525
4.23885
4.901535
4.966232
4.273376
4.38242
4.359409
4.94038
4.030277
4.202026
4.213318
4.828884
5.247063
5.010098
3.996876
4.650875
5.013748
4.325123
4.526276
2.840752
5.141842
5.305122
4.681908
4.495857
5.132603
3.547836
4.631653
3.921955
5.063477
5.034836
4.50013
4.083092
4.047966
5.610901
5.458271
4.104549
4.207771
4.621632
5.090252
4.320747
4.688557
5.372894
3.996861
4.612335
4.219475
3.921043
5.228882
4.093182
3.128799
4.184265
5.418983
4.296799
5.319706
5.190254
4.136086
4.525414
4.445435
3.318592
4.633659
5.099251
4.161335
5.270065
4.955227
3.83358
4.456287
4.477009
4.217167
3.011021
4.96336
4.597092
4.891411
5.137806
4.044472
4.552925
4.067219
4.432369
5.031673
4.658821
3.170486
4.421944
4.490772
3.92799
4.06506
4.212559
4.059662
3.605877
5.372257
3.290138
4.519711
4.66428
5.379864
5.366676
3.811764
4.280403
3.945126
5.120289
4.56049
3.391933
3.099358
4.928036
4.714954
3.67984
3.938595
3.355667
4.544128
4.439442
4.111149
4.232925
5.378265
3.672798
4.895351
4.858639
4.709114
4.166782
3.476536
4.173557
5.082951
3.904087
3.877666
4.591988
4.201794
4.904362
4.299549
4.830387
4.621052
4.764626
5.302727
4.378361
4.062546
4.877277
4.345848
5.056168
4.81065
3.302067
3.484348
4.611481
4.482376
4.32172
4.597679
4.166096
4.799614
4.175396
2.590763
3.495598
4.53545
4.041706
3.950233
5.062366
4.346268
4.116302
4.840488
3.610577
3.813564
3.961288
4.511589
4.230362
4.252728
4.937302
4.458706
4.679852
3.813992
4.539036
4.333717
5.142864
5.382065
4.510777
4.256222
4.604763
4.615147
4.488495
4.28595
3.907547
4.653
4.756268
4.27153
4.859901
3.407642
3.557549
4.167858
4.393883
4.885075
5.043388
5.02578
3.564735
3.040234
4.713097
4.659191
4.699326
3.474846
4.940319
3.853615
5.082718
5.37439
4.084084
2.097454
3.805176
4.383045
4.960167
5.120556
4.608624
4.47974
5.043339
5.190659
4.418095
4.859276
4.127316
4.740257
3.670429
5.103504
3.652561
4.488354
4.052223
4.385597
5.016838
4.117672
4.008335
4.743996
4.126652
3.190723
5.640587
3.687527
4.527431
4.620529
4.495377
3.50795
4.455235
4.806232
4.016327
4.610634
4.274792
4.983315
3.30584
4.396435
3.905704
4.459404
4.87191
4.908569
5.047066
4.437256
4.55196
3.804749
4.392624
4.91613
4.389568
5.05191
5.073166
3.657726
4.000946
4.800919
5.056011
4.643318
4.202564
5.756863
4.337376
4.692345
5.320831
4.547901
2.642677
4.686794
5.51683
3.674229
5.203812
5.240406
2.336689
2.90794
3.996609
4.02594
4.203457
4.900452
4.795025
4.739201
4.702454
4.827309
4.090626
4.798683
4.487854
5.819099
4.670971
4.888557
4.498062
4.653942
4.883278
4.176849
4.494869
5.141506
5.252762
5.173027
4.945717
4.534054
5.09491
4.214142
4.078445
4.968082
4.12125
4.505234
4.972122
4.695946
4.673252
4.107365
3.085606
5.495823
4.993706
4.574352
5.01387
5.278946
3.900433
4.566597
4.263309
4.175453
4.209446
3.777714
4.10276
3.450222
4.08049
4.754021
4.999985
2.823414
2.405128
4.062283
5.197525
4.194164
5.297558
5.537403
5.044296
5.024124
4.208813
3.840309
5.026173
4.637592
4.368961
4.877022
5.110863
4.329842
4.049606
4.726337
5.171349
2.275902
4.565296
4.41692
4.842392
4.902538
5.303616
4.619427
4.989422
4.915207
5.00296
5.532307
5.265343
4.652508
4.490543
4.522629
