 0
3.89452
2.994514
4.009434
3.876011
3.929661
4.228313
3.992325
4.326321
3.500553
2.728424
4.611164
4.185093
5.017986
4.867596
4.615005
2.208263
4.700378
4.695972
4.449333
4.206841
4.370625
2.970875
2.758896
4.817657
3.860214
4.879562
4.594349
4.353901
3.903534
3.821388
3.920795
4.00135
3.939484
3.917534
3.012691
4.849922
3.860325
5.244938
5.125374
3.898132
3.245098
3.398632
4.368332
4.200893
4.540115
4.344612
4.198956
4.053352
4.039047
4.34124
3.676617
3.946346
3.799728
4.212692
4.254547
4.528122
3.748543
2.862103
4.358116
4.629314
3.974407
3.762363
4.388939
4.261181
4.662781
4.390133
4.31216
3.893417
3.846539
4.541885
3.607437
5.017094
5.094486
3.560642
3.179661
2.936375
4.335808
5.031231
3.694279
4.111179
4.715832
4.422382
3.3578
2.955006
4.10928
3.936142
3.90567
4.10006
3.985229
3.568554
3.22887
3.900749
5.021435
4.974693
4.43235
2.983101
4.216034
4.847984
4.13842
4.326588
3.020676
4.325333
4.398155
4.680668
4.006611
5.166435
4.682678
4.211414
4.71653
4.343399
3.445107
4.388386
5.222485
3.993317
4.209167
4.977375
3.983677
4.729183
3.737354
2.949844
4.17384
4.175735
4.977959
5.140358
3.015362
4.086098
4.880749
4.311684
4.660725
3.306873
4.538258
3.668324
5.284626
5.364006
3.353439
4.547878
3.688946
3.796116
4.788887
4.479183
4.486412
5.378033
4.190781
4.49308
4.63496
3.950489
3.545212
3.776348
4.876316
4.303459
4.299721
3.203587
4.544872
4.425758
4.846188
5.394348
5.010517
4.286808
3.725777
4.610191
5.002224
3.286617
3.6022
4.437347
4.17635
5.125626
5.080757
3.810051
3.85461
4.303486
4.342789
4.665478
4.691582
3.261284
4.077011
4.248199
4.346455
4.816113
3.837563
3.517124
4.176006
4.253994
4.125072
5.537781
5.060894
4.106739
3.603271
4.845058
4.404903
3.581566
5.008858
4.210419
4.160542
4.274208
4.492043
3.739513
3.515076
4.322891
4.272938
4.16787
3.044647
3.601368
4.528042
4.576572
4.158844
4.794479
4.981697
2.776329
4.121861
5.293537
3.765339
4.938683
5.052296
3.99567
4.18103
4.171707
3.352779
4.59267
3.87064
4.985279
4.088634
4.057091
4.659966
4.585697
3.581738
4.096073
4.227005
3.683708
3.187634
3.578701
4.367485
3.712105
4.481972
4.577732
4.502052
4.027836
4.399639
4.574501
4.3526
4.145191
4.638489
2.697128
4.500572
3.680542
4.697624
4.375221
4.433189
4.473431
4.525501
5.291336
3.786945
3.857014
4.046135
4.410618
4.737946
4.654915
4.642075
3.597019
4.009968
3.756466
3.550499
4.512463
4.865677
4.333118
3.960457
4.09161
4.520054
4.678162
2.383736
5.281826
5.185833
4.537361
4.669064
4.803413
4.452839
4.618111
3.631229
5.028076
4.333164
4.063057
4.632076
4.472733
4.382286
4.490795
4.331276
4.414486
3.883526
4.425259
4.458042
3.706337
3.512875
5.043518
3.670895
4.91032
4.750256
3.351383
4.460419
4.561722
3.423321
5.042915
3.901119
4.762638
4.766541
4.398415
3.192455
4.079704
4.768925
4.039463
4.099495
5.102467
4.103317
4.182568
4.503494
4.320278
2.987885
4.211491
4.631393
4.286018
5.224857
4.185432
3.40686
4.196442
3.755241
4.278793
3.998238
3.372215
3.182495
3.892506
4.345104
3.419643
4.663837
4.466816
4.317249
5.083344
2.981503
5.070072
4.394493
4.768341
5.305168
4.508724
4.300018
4.745441
4.079884
4.179829
3.474216
3.253807
4.497295
4.766476
4.158936
5.354183
5.182808
4.155018
3.844803
3.401855
4.687607
3.68026
4.20005
5.176495
3.776009
5.127911
4.232769
5.311172
3.380028
1.563114
3.2906
4.712494
4.518021
4.765102
5.025986
3.647488
2.317276
4.339767
4.501312
4.291172
5.297497
5.146637
4.08728
4.012791
3.552986
4.027939
4.638573
4.38937
4.932144
3.389973
4.460323
3.962971
4.780697
4.450756
4.582928
4.897778
4.123657
4.799164
4.206203
4.553387
3.453564
3.597828
4.137383
3.134159
4.344555
4.912876
5.313663
4.696301
5.052689
4.668289
3.746941
3.103813
4.361629
2.370377
1.937782
3.116524
3.981529
4.201305
4.249535
3.49155
3.127773
4.104843
4.851078
4.00761
3.952435
4.762009
5.177063
3.399204
4.055725
4.408821
2.973717
3.811756
5.49757
4.974796
3.888874
5.376705
4.204052
3.486526
3.574379
3.339012
5.089901
4.826397
5.753025
4.849445
4.551182
4.277855
4.122639
4.391819
3.772038
4.928223
4.577465
4.307678
4.344097
3.727558
3.770149
5.238625
4.676048
5.376579
4.143002
4.239883
4.328995
4.929966
3.78706
4.034878
3.946369
4.102184
4.033951
4.095818
4.061096
4.512527
4.83054
4.692318
3.606972
3.703487
2.991795
4.140934
5.06794
4.497025
4.997379
4.586277
4.808491
3.618263
4.559788
4.122971
3.684025
4.499638
4.025356
4.344433
3.357288
4.6922
4.667465
4.724159
4.574574
4.393982
4.036972
4.097248
2.727112
2.963104
4.628204
4.488365
4.957676
5.155369
4.791126
3.892384
4.666229
3.966927
3.303978
4.909203
4.230927
4.829674
4.611614
4.193146
4.503506
3.830685
4.9538
3.295383
3.705914
3.726486
4.555168
4.834114
4.43866
3.489307
4.808281
4.561394
4.369278
4.562828
4.411339
4.383564
3.876873
4.122234
4.471901
3.724171
4.519386
4.570866
4.198593
4.111519
3.441715
3.722363
4.105782
4.357353
3.983444
4.543568
3.964653
3.808064
4.013569
3.381584
5.030014
4.233837
3.542717
3.243168
4.15765
4.430706
3.794239
4.89777
3.125675
3.447899
4.469437
4.777153
4.411957
4.154804
5.079445
4.170528
4.68681
4.279068
3.121452
4.964939
3.908955
4.840588
5.105717
4.525742
4.10265
4.446053
4.428501
3.291683
2.710735
5.076969
3.74321
4.638622
5.292831
4.699074
2.966873
4.521805
4.263992
5.123531
4.912994
4.666645
3.229004
4.714058
3.996742
4.596706
5.098793
4.328636
4.450703
4.778053
4.46125
4.058823
4.724667
4.327019
4.735897
4.588673
3.336349
4.203354
4.762505
4.53236
4.532063
4.776722
4.321941
3.094433
2.808739
3.586296
3.486702
3.710518
4.284302
5.039745
3.978413
3.472363
4.507702
3.961975
4.653488
4.065395
4.419922
4.309574
4.496716
4.2127
4.172379
4.32222
4.407303
4.617645
3.684807
3.904324
4.021156
4.657093
5.08305
4.618679
4.104946
3.949333
4.518311
4.783527
3.981003
4.000061
4.807964
5.012489
4.772533
5.194145
5.093269
4.762707
4.521381
4.193367
4.283386
4.480083
4.097992
5.377659
4.567551
4.247238
4.531898
4.234474
4.972519
4.926414
3.012836
4.141094
4.635685
3.925304
5.745033
5.66993
4.73645
4.921478
4.843742
4.012066
4.596687
2.916355
5.022575
4.863876
4.557476
5.356609
4.540928
4.434204
4.026672
4.822701
5.222912
4.651154
4.387554
3.712044
3.337807
4.572102
3.993549
3.019497
4.971718
4.34885
5.579861
5.357204
4.398754
4.710678
4.454533
3.950264
4.553406
3.931839
5.426163
4.324661
3.674717
5.395977
4.609203
3.892727
5.134525
4.167362
3.415623
4.375126
4.060528
5.128017
4.734726
4.287743
4.178967
3.256855
4.211281
5.109566
4.780811
4.492764
4.234604
3.139465
3.550236
4.910271
4.696194
5.28701
5.172722
3.998375
3.433178
3.658691
3.98877
4.332256
5.085434
4.658234
5.307961
2.916706
4.377529
4.516308
4.427689
4.168648
4.197239
4.357594
4.695305
3.151558
3.820446
4.071213
3.282276
4.660286
4.065319
4.54945
4.884621
4.812679
4.654411
4.264839
3.799572
3.309361
4.770462
4.089809
5.076939
2.782776
3.553772
4.009186
4.187244
5.008148
3.91021
3.517445
4.327477
4.641289
4.94331
4.482174
4.760735
4.230225
4.344959
3.925823
3.792255
4.286263
4.112999
5.064747
4.604465
4.30323
4.016739
3.130451
4.421696
4.606655
4.379707
5.535061
4.795204
4.644779
4.96558
4.635979
3.31028
4.699501
4.329601
4.811638
3.058647
4.560577
5.139984
4.870514
5.3922
4.725372
2.758671
4.091633
3.711658
3.533039
4.561985
3.44025
4.967419
5.008709
3.925629
4.844181
4.418392
4.132076
3.9464
3.898945
4.096004
4.758835
4.36264
4.680416
4.928703
4.179077
4.884945
4.916714
4.489613
4.732033
3.580288
4.436565
5.086109
3.398205
5.090954
6.103024
4.842434
4.488628
4.682457
3.42873
4.231495
4.078873
5.386257
4.78413
4.870514
4.759892
4.023945
2.748512
4.601059
4.106602
4.371513
5.115131
3.491871
4.383007
4.560593
4.484425
4.477985
4.135639
3.798985
4.370541
3.6856
4.027924
3.684933
3.858513
4.453384
4.689594
4.695053
3.949596
3.69278
4.150021
4.838455
4.322617
3.57872
5.181355
4.454357
4.266956
4.751434
4.918507
5.182007
3.995407
5.24593
4.615509
3.651165
4.778652
3.917778
3.096767
4.462616
4.571041
4.271542
4.864697
4.886093
4.876167
4.610264
5.005577
4.949158
3.436626
3.451557
4.914433
4.756897
4.378544
4.674503
4.852825
4.425621
4.067158
4.712196
4.552612
4.215439
4.409782
4.010372
4.150181
4.241508
3.816799
4.891163
4.800781
3.869091
4.263229
4.125515
4.554684
5.34045
4.670811
4.418419
3.710312
3.27322
4.180553
3.550552
4.490883
3.713051
3.141804
3.546284
4.331841
2.817432
4.518082
5.252483
4.3297
5.2276
5.215111
4.615601
4.526978
5.063934
3.926067
5.363312
4.731056
4.695244
4.899456
3.809566
4.69846
5.058376
4.437214
5.338642
3.951828
5.259579
5.757828
4.983089
4.716572
4.583843
3.606117
4.846699
5.826134
4.420002
4.001858
5.899387
3.700844
5.087326
3.231514
4.522041
4.98362
4.920063
4.72057
4.169617
4.816456
4.325451
4.487049
3.653275
4.765373
4.131386
4.583595
4.510231
4.503304
4.201992
5.029148
2.741188
3.426285
4.043407
3.648975
4.037766
5.184772
4.721336
5.079792
5.411232
4.970867
4.657154
3.391216
4.679138
5.67799
5.109047
4.735279
3.895653
4.473431
4.910206
4.87624
3.953957
3.977215
3.822735
5.106087
4.608093
3.90073
4.03582
4.371853
5.722828
4.439365
4.729797
4.059116
4.845284
5.16827
4.999588
