39.8402
39.99685
40.03554
39.96206
39.87779
39.92246
39.91108
39.95164
39.97485
39.94961
39.94009
39.95532
39.94085
39.96478
39.97777
39.92238
39.86346
39.86631
39.90275
39.89034
39.86161
39.84482
39.86921
39.90143
39.84131
39.7954
39.82478
39.90926
39.93061
39.92396
39.89887
39.91816
39.93919
39.92617
39.87873
39.86404
39.88953
39.84595
39.87663
39.95668
39.90511
39.86483
39.94901
39.96747
39.86915
39.84753
39.90728
39.95949
39.91537
39.88881
39.90814
39.99735
39.99641
39.90062
39.89825
39.98965
40.03474
39.9774
39.92949
39.97843
40.00285
40.07269
40.06594
40.03301
39.99934
39.95406
39.88331
39.9603
40.00396
39.97392
39.90958
39.94094
39.97944
40.04291
40.09698
40.02684
40.04988
40.07458
40.09125
40.04759
40.06546
40.09009
40.09407
40.03305
39.96775
39.94907
40.0309
40.06735
40.07056
39.97787
39.98373
40.05112
40.05021
40.05611
40.07787
40.0657
40.05053
40.09452
40.10857
40.03456
39.9788
39.95194
40.00002
40.04655
39.9835
39.97719
39.96799
39.9549
39.98199
40.01945
40.0331
39.96505
40.0034
40.04723
40.10729
40.04347
40.07655
40.16041
40.12764
40.10065
40.07615
40.0847
40.04913
40.07934
40.05222
40.04129
40.04208
40.02662
40.01415
40.05718
40.03935
40.05098
40.08258
40.09023
40.10773
40.10722
40.02314
40.06907
40.1156
40.04749
40.08566
40.0622
40.04619
40.05806
40.03478
40.01896
40.04815
40.0479
40.03374
40.0726
40.01862
39.99539
40.05682
40.04848
40.04329
40.03516
40.04467
40.0526
39.98814
40.01568
39.96557
40.0234
40.04363
40.01395
39.98194
39.97452
40.09143
40.14512
40.13054
40.08083
39.98596
40.01318
40.0264
40.0537
39.99085
39.99936
40.01213
39.97734
39.98722
40.02268
39.99252
39.94744
39.91234
39.93069
39.93392
39.9761
39.93443
39.84654
39.88298
40.0095
39.99288
39.97799
39.99102
40.00247
40.03053
40.02026
40.01572
40.03308
40.00825
39.99615
40.01732
40.02393
40.05632
40.00554
39.97837
39.95201
39.9329
39.90223
39.97633
40.00291
39.98057
39.97167
39.93034
39.96635
39.97363
39.99777
40.0042
40.01042
39.91224
39.90498
39.9421
39.94395
39.901
39.84204
39.8343
39.90848
39.94585
39.84441
39.76284
39.82718
39.89762
39.93386
39.78082
39.7383
39.76146
39.9134
39.94241
39.89666
39.8961
39.93108
39.93386
39.97315
39.97279
39.90574
39.893
40.00341
39.98824
40.02732
40.00864
40.0262
40.05152
40.0031
39.99457
40.03534
40.10507
40.10671
40.03124
39.99421
40.00265
40.06184
40.0344
40.01582
39.96022
39.90406
39.91633
40.01407
39.99823
39.94042
39.91758
39.87569
39.92182
39.90643
39.87705
39.85805
39.85028
39.84786
39.8589
39.88848
39.90563
39.86591
39.88213
39.85616
39.87615
39.92118
39.91136
39.8938
39.92139
39.93335
39.88911
39.88804
39.91181
39.86712
39.8689
39.85389
39.84234
39.88865
39.93244
39.85534
39.84475
39.87321
39.87056
39.86815
39.87801
39.86723
39.81606
39.89538
39.92804
39.89606
39.86089
39.83088
39.88718
39.96239
39.91549
39.91538
39.92968
39.86253
39.87941
39.85279
39.87252
39.82957
39.82589
39.83539
39.82985
39.85971
39.81858
39.79951
39.79024
39.80965
39.90786
39.85527
39.85131
39.92374
39.89306
39.93015
39.97839
39.92942
39.90312
39.92044
39.93308
39.90874
39.9357
39.94841
39.86432
39.85752
39.91759
39.9307
39.84239
39.87727
39.89447
39.85732
39.86825
39.89982
39.95225
39.91666
39.90735
39.90763
39.95269
39.91506
39.93913
39.9847
39.94891
39.87381
39.92507
40.0014
39.95753
39.89264
39.89251
39.95861
39.97745
39.92654
39.88475
39.98396
40.07888
40.02497
39.97754
39.99702
40.03011
39.92161
39.88068
39.95762
39.97299
39.95008
39.85937
39.88714
39.88653
39.92478
39.92963
39.88437
39.89684
39.88409
39.93293
39.98197
39.87132
39.85115
39.87407
39.96701
39.99942
39.97964
39.9193
39.90864
39.90799
39.88187
39.90661
39.89069
39.79724
39.73463
39.81287
39.8576
39.81997
39.665
39.66825
39.78688
39.8173
39.9141
39.91791
39.94034
40.00001
39.97934
39.98334
39.96559
40.01016
40.08347
40.08706
40.09002
40.05557
40.08966
40.11679
40.09927
40.104
40.06266
40.09176
40.08906
40.0733
40.06173
40.01522
39.96397
40.00361
40.01799
40.05337
39.99625
40.03596
40.09082
40.01917
40.06625
40.13142
40.09741
40.08164
40.14143
40.11383
40.13362
40.18497
40.20367
40.12931
40.12207
40.17591
40.17933
40.16477
40.09294
40.02422
40.06593
40.09988
40.06702
40.03333
40.01107
40.02972
40.03641
39.97243
39.93024
39.96789
40.0449
39.98252
39.87736
39.85538
39.88676
39.97691
39.96749
39.93695
39.93395
39.90687
39.8828
39.87301
39.88091
39.90284
39.91993
39.91169
39.94571
39.91939
39.90225
39.94175
39.98231
39.956
39.99419
40.04127
40.06837
40.10603
40.06933
39.98888
39.9468
39.9624
40.01392
39.99916
39.9635
39.94076
39.93206
39.97039
39.90839
39.92215
39.97393
39.95658
39.85545
39.84594
39.90738
39.89172
39.88802
39.98954
40.04856
39.93097
39.90177
39.98311
40.02577
39.90736
39.87156
39.94745
40.02187
39.9285
39.89791
39.9062
39.96697
40.01764
40.02119
39.93191
39.97191
40.00838
40.01483
40.0592
40.05418
40.02375
40.02646
39.98859
39.9708
39.99617
40.02294
39.97795
39.97329
39.96811
39.92797
39.96048
39.95559
39.92182
39.90792
39.94433
39.95586
39.93592
39.90657
39.96112
39.94187
39.88746
39.90815
39.95057
39.93736
39.90465
39.91857
39.97989
39.96668
39.92286
39.9122
39.89231
39.94447
39.93502
39.88988
39.82746
39.92267
39.94938
39.87598
39.91358
40.02329
40.00074
39.96903
40.02542
40.02959
39.99943
40.03748
40.03532
39.92156
39.88208
39.9639
39.93849
39.97036
40.01639
40.00541
39.96811
39.97941
39.98534
40.02811
40.07916
39.95911
39.88581
39.92534
39.99915
39.99655
39.98723
39.97869
40.00846
39.98523
39.96018
40.06002
40.0311
39.99924
40.0138
40.09327
40.03051
40.0609
40.09041
40.02398
40.08249
40.12885
40.09863
40.07974
40.03242
40.03413
40.05482
40.05099
40.02441
40.10378
40.12051
40.14146
40.11748
40.08573
40.01031
40.01165
40.06351
40.07271
40.05392
40.00707
39.99559
40.01939
40.06109
40.06117
40.07105
40.01331
40.03522
40.02886
40.01153
40.00187
40.03312
40.0147
39.95002
40.01796
40.07446
40.07773
40.11885
40.1472
40.13609
40.08979
40.07029
40.0451
40.01214
40.02802
40.12525
40.09675
39.97511
39.91585
40.05493
40.04031
39.98535
39.98372
40.02052
40.04995
40.02489
39.98474
39.97271
39.9812
40.06919
40.05423
39.94248
39.97911
40.00299
40.01827
40.06567
40.07565
40.09543
40.00669
39.97963
39.98779
40.03276
39.96586
39.96048
40.02359
39.98599
39.90711
39.94444
39.92462
39.91833
39.92609
39.97001
39.95669
39.89895
39.88219
39.94799
39.95173
39.90999
39.84416
39.90709
39.9124
39.86176
39.92236
39.91872
39.83817
39.83649
39.84714
39.87574
39.84874
39.88279
39.89639
39.86112
39.889
39.92288
39.92362
39.90235
39.85139
39.81166
39.82016
39.86886
39.91658
39.89183
39.80042
39.78543
39.83162
39.91072
39.92167
39.83246
39.85118
39.91415
39.89686
39.8789
39.82633
39.77309
39.84273
39.86589
39.87326
39.88773
39.94111
39.93103
39.90892
39.95418
40.03878
40.06643
39.99362
39.95956
40.0204
40.00851
39.97581
40.05964
40.11211
39.99065
39.94339
39.97413
40.0768
40.09758
40.07302
40.12533
40.16069
40.0896
40.10162
40.14814
40.1995
40.19724
40.22934
40.27658
40.2644
40.22071
40.23187
40.28648
40.23851
40.20924
40.16631
40.21868
40.34356
40.30552
40.24589
40.2108
40.27629
40.27083
40.22903
40.23667
40.27702
40.21707
40.07798
40.11535
40.18779
40.12017
40.06158
39.99111
39.9925
40.02221
39.97323
39.97392
40.01006
39.95346
40.00827
40.03035
40.03946
39.98869
40.01931
40.13274
40.1251
40.03363
40.03148
40.05518
40.0619
40.05387
40.00425
40.03041
40.06826
40.09223
40.08955
40.11158
40.13383
40.07284
40.06525
40.0846
40.07519
40.08603
40.1282
40.12194
40.07234
40.12081
40.11197
40.06678
40.0497
40.06125
40.01297
39.97031
39.99295
40.03107
40.03191
39.97339
39.93318
39.96685
39.98988
39.9063
39.89348
39.95621
39.95819
39.97544
39.98144
39.97502
39.96495
40.02928
40.05458
40.00126
39.93152
40.00097
40.02643
40.01233
40.03122
40.06527
40.0465
39.99518
40.04295
40.08092
40.11692
40.03445
40.03531
40.1281
40.08565
39.99855
40.02179
40.03204
40.04982
40.00528
39.93502
39.97219
40.06157
40.11292
40.09936
40.08595
40.02272
39.92353
39.99636
40.001
40.08085
40.14581
40.19473
40.13552
40.08974
40.15912
40.21549
40.13126
40.0517
40.08676
40.0926
40.07993
40.034
40.02523
40.04502
39.9852
40.02783
40.07082
40.01468
39.97281
39.9474
39.96179
39.99057
39.93491
39.84795
39.89233
39.94773
39.94505
39.93088
39.95926
40.01385
39.99466
39.94529
39.93087
39.98494
39.98388
39.99883
40.03504
40.07941
40.04599
40.02136
40.01207
40.0592
40.10699
40.03323
39.96308
39.88766
39.8989
39.96042
39.94579
39.95118
39.95187
40.00513
40.04849
40.0299
39.87468
39.88504
39.88874
39.86705
39.8857
39.94979
39.84466
39.7627
39.7709
39.8896
39.94535
39.91048
39.861
39.86993
39.8348
39.84167
39.84838
39.86887
39.82565
39.74476
39.75729
39.83239
39.82431
39.81543
39.78344
39.74782
39.80793
39.79075
39.80037
39.83601
39.74346
39.68864
39.81102
39.78947
39.73104
39.80826
39.85954
39.84902
39.84163
39.91603
39.87087
39.83936
39.82784
39.78737
39.80084
39.79865
39.78366
39.7403
39.75305
39.68566
39.67577
39.67272
39.70749
39.74466
39.74829
39.78942
39.8152
39.86894
39.7844
39.71944
39.78341
39.74048
39.72905
39.70904
