53.60354
49.4921
49.4921
49.46799
49.49881
49.43517
49.44595
49.43092
49.3792
49.39759
49.444
49.41262
49.39997
49.39802
49.45294
49.41802
49.3821
49.42226
49.45529
49.46322
49.4444
49.43196
49.46979
49.44448
49.42986
49.37054
49.44014
49.41445
49.45926
49.44761
49.49109
49.48661
49.55956
49.57157
49.56865
49.60124
49.6295
49.65237
49.64954
49.65421
49.60019
49.58134
49.54454
49.62203
49.56202
49.5445
49.52904
49.46315
49.46975
49.43699
49.49573
49.48272
49.44934
49.43618
49.47276
49.41695
49.46741
49.44448
49.41286
49.40797
49.31125
49.38102
49.38406
49.36084
49.39913
49.40913
49.41685
49.44967
49.42832
49.42317
49.47814
49.50124
49.46942
49.487
49.54678
49.52606
49.49009
49.52777
49.55797
49.53013
49.5168
49.49414
49.47469
49.48877
49.51086
49.51026
49.48388
49.52023
49.536
49.55624
49.52645
49.49076
49.4761
49.51102
49.50973
49.43338
49.4336
49.40397
49.38307
49.30168
49.29025
49.30331
49.31052
49.29347
49.29193
49.34113
49.30393
49.31966
49.43208
49.42751
49.43035
49.39523
49.40759
49.43511
49.41608
49.44472
49.43241
49.36414
49.37357
49.36339
49.35679
49.34975
49.39014
49.36032
49.37321
49.3544
49.36305
49.35669
49.34565
49.30599
49.33999
49.31305
49.25669
49.26917
49.35363
49.31525
49.29807
49.34047
49.34822
49.29377
49.29608
49.30718
49.32539
49.30054
49.29959
49.27903
49.31371
49.35146
49.28579
49.34617
49.40948
49.43471
49.43383
49.47096
49.435
49.44074
49.41509
49.42823
49.44361
49.43071
49.4693
49.51286
49.47424
49.52641
49.51232
49.5154
49.52933
49.59237
49.59936
49.57055
49.57742
49.59544
49.54604
49.6146
49.62816
49.60315
49.5885
49.64367
49.63824
49.61465
49.57317
49.63919
49.67279
49.60351
49.5832
49.66218
49.62617
49.64842
49.59748
49.63011
49.66243
49.66992
49.63411
49.65314
49.65086
49.66078
49.73273
49.69869
49.69114
49.72978
49.69721
49.73942
49.73396
49.76459
49.76987
49.76549
49.70869
49.73497
49.74416
49.74169
49.77503
49.85167
49.82151
49.83916
49.86169
49.87849
49.87706
49.86909
49.79691
49.81306
49.85123
49.81176
49.78203
49.72341
49.72818
49.75262
49.73944
49.64997
49.63862
49.63779
49.63057
49.55628
49.59638
49.60621
49.63848
49.59856
49.63481
49.69868
49.65176
49.66967
49.68586
49.7691
49.73602
49.73988
49.693
49.73351
49.75658
49.77079
49.75544
49.73788
49.77879
49.77166
49.76138
49.75235
49.77811
49.7642
49.73798
49.74039
49.79699
49.72131
49.71085
49.76154
49.77372
49.75959
49.75751
49.79338
49.85311
49.85863
49.80606
49.88322
49.91344
49.92927
49.93759
49.90808
49.91314
49.92082
49.98001
49.98026
50.01422
49.94598
50.00949
50.00104
50.00621
49.91822
49.88274
49.86701
49.88986
49.9057
49.854
49.8759
49.80531
49.77912
49.8327
49.73163
49.71696
49.66769
49.67867
49.6395
49.55934
49.58113
49.57314
49.54058
49.51914
49.49023
49.5322
49.56022
49.54992
49.60252
49.61625
49.68924
49.66899
49.62359
49.67129
49.69688
49.75362
49.74457
49.75261
49.80339
49.87651
49.91494
49.86915
49.88388
49.90738
49.92319
49.86655
49.79404
49.77837
49.82952
49.82094
49.82218
49.81549
49.88904
49.84853
49.80693
49.81294
49.81757
49.835
49.87283
49.87011
49.82993
49.85229
49.88478
49.85213
49.86498
49.81777
49.84159
49.86561
49.88986
49.89748
49.95218
49.9677
49.97081
49.95604
49.97593
49.96653
49.91419
49.89377
49.90618
49.91305
49.90649
49.90252
49.87223
49.91811
49.87705
49.86313
49.88099
49.82375
49.79464
49.81578
49.81068
49.76531
49.77205
49.7426
49.85762
49.80558
49.80768
49.87914
49.8103
49.80766
49.83624
49.88002
49.90842
49.92543
49.90681
49.87991
49.89389
49.85953
49.91359
49.9894
49.96526
49.94894
49.94558
49.95814
49.99408
49.96353
49.97623
49.97076
49.98712
50.00826
49.97502
49.97359
50.02622
50.04577
49.984
49.99092
50.02536
49.95763
49.95405
49.94952
49.99479
49.95023
49.82566
49.73547
49.69973
49.67235
49.58843
49.58883
49.5742
49.63299
49.65663
49.59857
49.50809
49.54774
49.56835
49.56096
49.55114
49.53182
49.53387
49.48574
49.49923
49.52719
49.51064
49.4858
49.50158
49.45272
49.44675
49.48441
49.54365
49.46325
49.52877
49.56963
49.53541
49.60447
49.68385
49.67058
49.6994
49.73627
49.76511
49.77827
49.73222
49.81234
49.86035
49.86077
49.8541
49.89761
49.89831
49.85952
49.94366
49.94294
49.91986
49.93791
49.9149
49.92459
49.94524
49.95272
49.95491
49.93263
49.97639
49.96689
49.96103
49.9563
49.91072
49.97295
49.93803
49.94081
50.00222
49.9519
49.94452
50.0065
49.99963
50.0231
50.02827
50.05659
50.03232
50.03958
50.09392
50.01937
50.04865
50.09967
50.06899
50.07902
50.0794
50.14503
50.14949
50.12249
50.07834
50.1531
50.16247
50.13652
50.13204
50.12503
50.13768
50.11446
50.102
50.0156
50.03628
49.94621
49.95878
49.94652
49.89786
49.90379
49.91466
49.9287
49.92939
49.9195
49.88433
49.91768
49.91405
49.88485
49.9651
49.9795
49.95799
49.9301
49.93846
49.98019
50.02692
49.97218
49.98147
49.98197
50.03604
50.06058
50.00824
50.02833
50.02276
50.01003
50.06308
50.01875
50.04639
50.05891
50.07724
50.04657
50.08015
50.08642
50.09078
50.09646
50.13824
50.12612
50.15118
50.12616
50.06401
50.11009
50.15881
50.12039
50.1111
50.11047
50.09164
50.11286
50.14815
50.08092
50.05629
50.04831
50.09911
50.07252
50.06604
50.09816
50.08354
50.00171
50.00652
50.03358
49.9876
49.98083
49.9614
49.99102
49.96094
49.96025
49.99746
49.94873
49.9426
49.94017
50.01478
50.01204
49.96877
49.93631
49.97237
50.00871
50.00527
50.01235
49.99009
50.06355
50.04289
50.0317
50.09107
50.11596
50.05543
50.06266
50.02496
50.01862
50.0488
50.0262
50.04682
49.98926
49.91326
49.91563
49.98075
49.97561
49.91697
49.83768
49.84168
49.86168
49.83342
49.78914
49.83276
49.82093
49.85436
49.77791
49.77076
49.78296
49.80831
49.80348
49.79039
49.86707
49.87497
49.81779
49.83644
49.8687
49.88822
49.83659
49.86456
49.85073
49.87951
49.83413
49.87836
49.80568
49.82626
49.81437
49.84881
49.91526
49.90971
49.87331
49.89279
49.946
49.92604
49.98043
49.99262
50.03362
50.07325
50.02347
50.06586
50.11908
50.09715
50.03865
50.03321
49.97098
49.93916
49.93515
49.85585
49.89311
49.91932
49.88297
49.89382
49.88614
49.89414
49.93269
49.97141
49.99266
49.91832
49.92265
50.01947
49.95622
49.90489
49.98827
49.99234
49.94513
49.94621
49.96236
49.9587
49.96679
49.98044
49.96949
50.02736
49.99001
49.94357
49.99661
50.00579
49.99647
49.95761
50.04999
50.04457
50.06009
50.08049
50.05792
50.06589
50.11126
50.16691
50.16713
50.09368
50.16441
50.12537
50.17204
50.13258
50.15744
50.15288
50.15255
50.17891
50.23388
50.23447
50.18256
50.14595
50.18571
50.15136
50.13529
50.13234
50.05118
50.06559
50.08706
50.06706
50.01416
50.03774
50.07129
50.03122
50.05616
50.05224
50.09466
50.08473
50.06605
50.15047
50.10145
50.10981
50.13903
50.1396
50.15953
50.1392
50.13409
50.11176
50.17427
50.19309
50.16605
50.14588
50.16475
50.17704
50.14177
50.12431
50.08727
50.10861
50.08154
50.04454
50.0202
50.04507
50.00338
49.9307
49.91636
49.91745
49.90884
49.844
49.8128
49.88255
49.85266
49.83749
49.8032
49.85605
49.87739
49.89528
49.80094
49.87193
49.88847
49.86703
49.80682
49.80278
49.79642
49.78563
49.78998
49.8089
49.78312
49.78183
49.77945
49.80102
49.76265
49.7891
49.72162
49.70016
49.77779
49.81136
49.79913
49.79874
49.85324
49.84529
49.92355
49.8997
49.92536
49.97762
49.9539
50.02179
50.01056
49.91164
49.88996
49.90396
49.83518
49.84213
49.83102
49.80056
49.71328
49.79189
49.79565
49.74189
49.74165
49.80624
49.75713
49.75857
49.79179
49.87262
49.84269
49.84908
49.86855
49.88348
49.90919
49.8781
49.89592
49.94628
49.97158
49.97612
49.9216
49.89679
49.89002
49.94087
49.88203
49.89896
49.86303
49.86505
49.85619
49.84993
49.83697
49.85218
49.91809
49.8948
49.92836
49.92001
49.97864
49.96236
49.90601
49.93406
49.96822
49.95583
49.9356
49.94272
49.9986
49.99493
50.00178
49.98916
49.93334
49.92294
50.04055
50.0717
50.02
49.96896
49.96502
50.02562
50.01792
50.02744
49.99713
50.01583
50.00541
50.02518
49.98112
49.95613
49.90325
49.87098
49.85785
49.91811
49.84198
49.84739
49.85273
49.89371
49.9007
49.85521
49.79549
49.8628
49.83361
49.80197
49.7803
49.78603
49.84292
49.74327
49.86105
49.84954
49.86749
49.81333
49.89587
49.84174
49.89242
49.88444
49.84037
49.78398
49.78901
49.85376
49.80165
49.81179
49.81553
49.83716
49.82542
49.85295
49.85252
49.85414
49.83492
49.77191
49.82601
49.79455
49.79417
49.80655
49.81642
49.89005
49.90067
49.87531
49.85612
49.88078
49.89091
49.87114
49.85159
49.88368
49.81283
49.85194
49.87733
49.89798
49.9057
49.86489
49.9015
49.88716
49.89162
49.88149
49.82525
49.84898
49.79791
49.787
49.80882
49.7798
49.73508
49.78658
49.8031
49.82356
49.75047
49.74441
49.70433
49.74335
49.71443
49.71138
49.66021
49.70639
49.71737
49.70764
49.6452
49.61659
49.60733
49.63976
49.64247
49.63626
49.63034
49.6829
49.69165
49.75871
49.67841
49.63105
49.68518
49.70796
49.67065
49.63217
49.68432
49.69845
49.6838
49.67741
49.69266
49.68123
49.65952
49.69977
49.65815
49.66758
49.64291
49.64936
49.64424
49.62041
49.66884
49.73574
49.69333
49.6669
49.59511
49.6031
49.58394
49.58975
49.56916
49.60475
49.58642
49.55066
49.51973
49.55515
49.52458
49.53873
49.53098
49.58206
49.5661
49.6231
49.59324
49.59013
