36.82755
36.51371
36.05021
37.67617
37.90287
37.62114
38.33557
37.19708
37.60354
36.69901
36.66239
36.81609
36.78964
36.80505
37.46669
38.06245
36.99169
36.68687
37.94712
37.58207
37.21669
36.68954
37.36316
37.7013
37.08559
37.89151
37.5005
38.46493
37.36515
37.1389
37.83496
36.69998
37.23326
37.83984
37.32612
36.91085
37.3284
38.44673
37.58853
37.20776
37.96967
37.42029
36.90504
39.2559
38.90402
37.24437
37.38869
37.87064
38.60434
37.77464
37.06343
38.4408
38.62203
38.20748
37.31958
39.11919
38.62831
37.39646
38.42921
38.05531
36.18756
37.09909
37.54697
36.96865
38.44584
37.7975
38.08508
39.32788
37.69739
37.96445
37.27805
38.29517
37.55875
37.28409
37.64935
38.13712
38.77553
36.97166
38.34741
37.93873
37.34753
37.42821
37.47838
38.10004
38.57026
38.58527
37.76371
37.29301
38.47555
38.01654
36.96769
38.10653
37.57312
37.24649
37.5308
37.305
37.70118
36.84941
37.09617
37.53623
38.21107
37.21019
37.41596
36.91518
38.18343
37.96211
37.63603
36.54121
37.92648
36.77489
37.0922
38.47692
37.89494
36.89889
38.23283
37.20686
38.36585
37.36079
37.38503
37.55075
37.75404
38.40947
37.7663
37.60188
37.26339
37.42159
36.70827
37.89183
37.15963
36.66901
37.98661
37.45925
36.95191
37.20703
37.08208
37.39792
36.89563
37.69138
37.39343
37.157
37.62273
37.3844
37.18204
38.46268
37.54654
37.67668
37.46901
39.49194
37.41475
37.58172
37.56709
38.78394
38.26193
38.28542
37.15328
37.05391
36.88004
37.28873
36.92298
38.56169
36.92765
37.84514
37.5514
37.42493
37.5816
37.18791
37.54427
37.05839
37.7005
37.60793
37.38951
37.26705
37.93925
37.91284
36.91564
37.15686
38.69916
36.95822
36.91465
37.38133
37.96252
37.62518
38.10007
38.2695
37.14928
36.48542
38.66389
37.99262
36.868
37.58392
37.34924
38.09278
37.5257
37.62855
37.78218
38.17654
36.72591
38.11086
37.512
38.05883
36.87962
37.41753
37.71318
37.02993
36.99302
37.73625
38.17004
37.18673
37.48009
37.83015
37.78926
38.21209
36.96396
37.1682
37.81517
37.21568
36.90032
37.37408
36.98406
37.62078
37.33267
36.91907
36.88951
37.41565
37.05954
35.99479
37.19471
37.04523
36.36064
37.07455
36.89885
38.78374
39.78647
38.66218
37.44915
37.70677
38.03422
36.99611
37.00108
37.29235
37.90298
37.77192
37.75026
38.70123
38.76741
38.2917
38.24757
38.59087
37.9978
36.95032
38.64663
38.53558
37.5745
37.98638
36.84254
37.35467
37.57171
38.39728
36.73141
37.48002
35.94426
38.0102
36.63181
36.40758
36.16206
36.57386
37.33496
35.9657
36.75962
37.61294
37.32846
37.26131
36.92194
37.73503
37.38032
37.82246
37.30236
36.01593
36.90656
37.19616
36.46752
37.46825
37.4926
38.21894
36.3914
37.15263
36.46035
37.26384
37.69198
36.96215
37.44425
37.2206
37.7332
36.71829
37.27098
37.92173
37.5265
37.13672
37.15709
37.55133
36.76378
36.80781
37.29026
38.56792
36.94024
36.29409
37.89428
37.85507
37.21564
38.04941
37.26409
37.29294
37.53624
37.5973
37.04086
37.03838
37.00205
37.28532
36.61009
36.3765
36.73161
36.71513
37.38732
37.22276
37.33134
36.98644
37.99269
38.41656
38.14962
37.79399
38.0045
37.03002
36.64433
37.17542
37.81487
37.46025
37.56785
37.538
37.70159
36.61124
37.89531
38.41332
37.23057
37.0777
36.83971
37.41581
37.09568
36.38731
37.43747
37.14149
37.18497
37.36799
37.46327
37.10994
37.05402
37.55811
37.11238
37.87346
37.50317
36.7197
37.10576
36.87124
37.02993
38.94193
38.54031
37.83403
37.43581
37.46033
38.30522
37.65097
37.10846
37.83978
37.8873
36.97904
37.12158
36.53959
37.12868
37.55647
37.31124
37.32622
37.73787
36.93431
36.75929
36.50005
36.85815
37.15836
36.86389
37.36398
36.47787
36.97043
36.62743
36.82137
36.7803
37.25807
37.70957
36.8725
36.78804
37.95365
38.10377
37.32185
36.43672
37.3994
37.13405
36.78342
37.55713
36.8878
36.19124
37.34674
41.47626
41.01608
39.70546
37.90849
38.55384
39.49257
38.64505
38.20716
38.42035
38.94059
37.96391
37.66238
38.42807
38.69445
38.49099
38.3618
37.56739
37.64305
37.37712
37.59179
37.93058
37.03608
37.90185
36.87119
37.70987
37.9345
39.17559
40.03757
38.05029
37.20175
38.74519
38.30426
38.19546
38.31739
38.25405
38.27387
37.47703
37.55444
37.66413
38.75265
37.40216
37.84273
38.32922
37.14354
37.09571
37.67166
38.23881
37.05431
36.56827
36.71437
37.4509
37.60246
37.9355
37.37409
37.71347
36.89674
37.02545
36.99097
37.26324
37.07091
36.57483
37.66211
37.65938
37.87141
36.75134
38.21451
37.09529
38.09149
37.32949
38.40993
37.40529
38.80437
36.77973
38.66447
37.3115
38.17989
37.68708
37.29996
37.9436
37.752
38.03935
38.57325
38.07801
37.73954
38.07059
37.12983
37.00292
37.19065
37.23086
38.10626
37.4891
37.43932
37.84588
36.91236
36.48527
36.58234
37.32687
36.77511
37.88063
37.1744
38.5762
38.83442
37.04286
37.62633
38.96643
37.46806
37.70033
37.31559
37.62033
36.90904
37.27842
37.84981
38.74598
37.76477
37.52006
37.37247
37.76175
36.62991
38.08026
37.80602
37.26277
38.31883
38.16796
37.5882
37.88565
38.34686
37.82281
37.3114
37.39682
37.27556
38.23909
37.86515
37.22285
37.6983
36.68589
36.55568
37.73693
36.6615
37.46723
37.37436
36.81004
36.57183
37.20196
37.00775
36.8619
36.66119
37.76218
37.89939
36.81288
37.49632
38.08146
37.63004
37.54945
37.62217
37.12658
38.48767
36.73273
37.4066
37.38524
37.69157
38.93247
38.19278
37.43223
38.77035
38.52721
36.85513
37.23319
37.61023
37.52757
37.39999
38.30691
37.14034
36.83973
37.20762
37.99874
37.24899
37.20317
38.69385
38.13979
37.00519
38.84616
37.42524
38.43312
37.72757
37.33344
37.07297
37.62926
37.34048
37.70224
37.94232
39.68421
38.3467
37.52458
38.4608
38.40369
38.63774
38.16344
37.89973
37.61162
37.82212
38.03017
38.60484
38.69013
37.36618
38.26372
38.87272
38.62249
37.02894
38.36573
37.16692
38.91977
38.47588
36.87609
38.56347
38.51242
37.77857
36.81044
37.9965
37.49586
38.68124
37.64696
37.8456
38.35329
38.39964
38.94645
37.17964
37.71788
38.27023
38.21024
38.00784
38.53286
37.42547
38.06452
37.43212
37.38592
37.83682
36.90738
39.11294
37.61212
38.82735
37.76815
37.86185
38.58317
38.25694
37.36087
37.77955
38.6469
38.4979
37.67497
37.21733
36.73922
38.29303
38.26825
37.91556
38.8592
37.62135
36.93367
37.52184
36.87923
37.84431
37.88626
37.35042
37.66026
37.65903
37.75107
36.66536
37.29527
35.94832
38.02872
38.31432
37.85984
36.86293
37.78691
37.26985
36.28967
37.08265
37.11694
37.02402
36.85141
36.5617
36.06961
37.557
37.50644
36.69142
37.60141
36.85944
36.19322
38.02116
36.57644
37.49983
37.9943
37.27729
36.87199
37.48766
36.75301
36.86487
36.47421
35.83753
36.12162
36.94381
38.19633
37.32497
36.5045
37.98836
37.61655
38.53722
37.66124
37.84451
36.63728
37.53088
36.55988
36.86027
37.05115
36.85107
36.49039
36.79248
36.70614
37.11759
37.32073
37.19397
38.09713
36.83431
37.51879
36.50444
38.34801
38.08707
37.27393
38.83214
37.99952
38.89696
37.39851
37.85807
38.14071
36.80076
37.23358
38.60555
37.46678
37.92579
37.97349
36.88415
37.10398
38.14918
39.73204
38.67747
39.05952
38.37484
37.53299
38.37146
38.13873
38.28522
38.08901
38.04763
37.38439
38.27084
38.18873
37.77099
38.59343
37.9373
38.31853
39.07428
37.77322
38.52329
37.52769
37.44163
37.96021
38.86036
37.92223
38.25103
36.69502
38.07792
37.52459
37.35762
37.1675
37.3436
37.26718
37.4144
36.50193
37.44757
37.37493
37.47967
37.15304
37.66504
37.48225
39.52558
37.58729
37.67034
38.64092
38.9561
37.18778
38.57536
38.23325
38.2237
38.51526
38.5183
39.0629
37.42205
37.05749
37.70263
38.01139
36.79417
37.15385
38.07357
37.63946
37.71173
38.05022
39.32342
36.99533
38.06819
38.46717
38.22058
37.02902
37.99363
38.29092
38.1377
38.78219
38.3957
37.28822
37.63605
36.60221
38.15033
37.12962
37.38776
36.86424
38.31845
37.79079
37.06179
37.21848
37.55797
37.10894
36.86114
37.21539
37.94841
37.90511
37.53309
38.44456
37.35842
37.62016
38.61836
37.99598
38.23512
37.54418
38.98278
36.88504
37.54235
37.24323
38.05991
36.56911
36.7791
37.71787
37.83015
37.06271
37.6465
38.03608
37.41034
37.73326
37.61364
37.26686
37.5077
37.95301
37.02612
37.93899
38.80532
40.07925
37.79179
37.43849
38.10989
37.76338
38.06582
37.99991
40.61892
38.14644
39.83536
40.27531
37.95356
37.52427
38.96182
38.2518
37.76441
36.91412
37.14985
37.68712
37.74893
37.61165
37.37537
36.76281
37.85049
37.41824
37.1104
37.18987
36.74578
37.17029
36.67906
36.8336
38.46884
37.2226
37.64278
38.83522
36.60563
37.79939
38.74117
38.38195
37.67645
36.00899
38.27135
41.49676
39.42232
38.1137
37.47964
37.61576
38.00126
37.55422
37.29956
38.3548
36.64145
36.85363
37.00835
37.46922
37.05265
36.17664
37.72047
37.64013
37.19226
37.49958
38.39535
37.35605
37.95879
37.47616
37.60099
37.84195
38.31459
37.15269
37.75687
36.92789
37.30082
37.12792
38.64696
37.09521
36.6196
37.85546
37.95628
37.32426
37.2869
36.60816
36.70176
36.81904
38.27716
37.12132
36.39328
38.05187
36.8855
37.0578
37.58112
37.82138
37.42921
37.7297
37.02693
36.31684
37.40094
38.32844
38.02971
38.54751
37.99667
37.09518
37.82341
37.4888
38.92625
37.24696
36.64132
36.99934
37.26305
37.59336
35.5806
36.39529
37.64078
37.51486
36.52341
36.72582
39.38033
36.77898
39.09691
37.48555
37.84365
37.01752
36.69899
37.41428
35.75686
35.92683
36.30982
37.33805
37.7671
35.64503
36.60373
