40.56722
39.87281
39.89852
39.99408
39.9018
39.85749
39.90791
39.88959
39.81792
39.89347
39.94094
39.79067
39.7432
39.8466
39.89434
39.87163
39.91908
39.98201
39.92723
39.8353
39.84187
39.91729
39.94802
39.89959
39.90973
39.91989
39.89022
39.93468
39.92062
39.86272
39.85475
39.79908
39.82189
39.87336
39.87203
39.84802
39.85819
39.84696
39.86608
39.87315
39.87666
39.92015
39.91082
39.81141
39.82048
39.87754
39.87397
39.8775
39.8495
39.88581
39.89991
39.83126
39.76416
39.8135
39.8484
39.81824
39.81958
39.79329
39.79973
39.83721
39.80692
39.79714
39.81427
39.8117
39.77962
39.78051
39.86781
39.94272
39.88736
39.86027
39.92752
39.96273
39.87722
39.87127
39.91665
39.8785
39.83883
39.86835
39.87943
39.87998
39.89851
39.89202
39.90353
39.94347
39.89702
39.86546
39.91946
40.00561
40.00576
39.8938
39.90721
39.93894
39.96062
39.97166
39.92313
39.92399
39.99704
40.01211
39.91051
39.88249
39.97636
40.01421
39.99639
39.92108
39.8986
39.9813
39.97668
39.98941
40.01881
40.02959
40.01409
40.03507
40.03775
39.98417
40.00388
40.06829
40.09794
40.02287
40.02341
40.08751
40.02737
40.05943
40.06624
40.04127
40.0118
39.94299
39.97144
40.03226
39.98517
40.01581
40.01994
39.96164
39.95834
39.96684
39.98314
39.96651
39.9789
39.96441
39.91636
39.91521
39.96251
39.92858
39.89323
39.77458
39.79119
39.88455
39.93431
39.91984
39.92837
39.90158
39.85263
39.90435
39.9154
39.88547
39.90458
39.92674
39.95828
40.03046
39.89505
39.83107
39.85629
39.86985
39.91654
39.91147
39.86155
39.89858
39.94449
40.02237
40.02344
39.99382
39.97981
40.0211
40.07529
40.08841
40.0681
40.07751
40.10115
40.10591
40.03732
39.97196
39.9087
40.03887
40.10089
40.03905
40.00708
40.1005
40.06107
40.02221
40.03695
39.99937
39.93401
39.9347
40.02424
40.09963
40.06273
40.01158
39.98275
39.91705
39.96531
40.0524
40.09468
40.06551
40.06703
40.06116
40.0323
40.0168
40.04686
40.07265
40.02266
40.03067
40.04183
40.01916
39.98632
39.95291
40.00705
39.99191
39.96638
39.99808
39.96796
39.96233
39.94019
39.9875
39.91777
39.91816
39.94184
39.87831
39.82917
39.81437
39.75247
39.78711
39.8619
39.821
39.73748
39.74891
39.78336
39.82117
39.80224
39.72758
39.71956
39.73674
39.72891
39.68436
39.72152
39.7283
39.81856
39.75692
39.72573
39.74028
39.83867
39.8475
39.81408
39.85183
39.82309
39.72276
39.75949
39.79325
39.71333
39.68954
39.72842
39.71027
39.73735
39.81934
39.83037
39.78845
39.79688
39.86323
39.93021
39.95969
39.87354
39.86393
39.87111
39.8806
39.91672
39.95068
39.98812
39.95587
39.90852
39.95988
39.99087
39.93639
39.85877
39.91378
39.9677
40.00399
40.00763
39.97074
39.91536
39.99343
40.03452
39.9469
39.87511
39.92026
40.01653
39.97457
39.90473
39.86964
39.86236
39.85833
39.85163
39.82253
39.84262
39.94886
39.99307
40.01848
39.98479
39.98698
39.99209
39.98283
39.98308
39.95431
39.96806
39.97383
39.95089
40.02427
40.02822
39.98
39.98005
39.90776
39.85996
39.92548
39.92205
39.88209
39.83514
39.7695
39.86739
39.88206
39.85073
39.77689
39.73748
39.7975
39.84513
39.89281
39.81352
39.85825
39.89411
39.88944
39.88461
39.94844
39.97139
39.97095
39.9315
39.85212
39.89114
39.95967
39.87413
39.86706
39.89509
39.91943
39.9089
39.91698
39.96139
39.91877
39.82639
39.86815
39.94091
39.94688
39.93519
39.96986
39.93839
39.86103
39.89429
39.96146
39.92992
39.92516
39.86359
39.82455
39.87742
39.93385
39.87698
39.84901
39.9068
40.03657
39.92903
39.84433
39.84952
39.9392
39.95458
39.96493
40.02447
40.00192
40.00042
40.00898
40.05563
40.03704
39.98074
40.03197
40.03778
39.96684
39.97046
40.0174
40.0165
39.98464
39.98016
39.93467
39.93581
39.96166
39.94316
39.95388
39.95459
40.0085
39.97678
39.94014
39.91699
39.97751
39.86997
39.89536
39.87696
39.89774
39.89797
39.82054
39.81478
39.90551
40.00216
40.06554
40.07217
40.13855
40.14932
40.15119
40.19212
40.24064
40.17366
40.16229
40.19855
40.234
40.27335
40.28279
40.21021
40.16697
40.15284
40.11648
40.15363
40.13464
40.18504
40.20401
40.16648
40.11625
40.11673
40.1618
40.18444
40.16545
40.18146
40.1741
40.16657
40.15998
40.16866
40.19677
40.22908
40.15862
40.09501
40.1209
40.16419
40.1479
40.09574
40.07513
40.04367
40.04144
39.9698
39.98969
40.02689
40.05423
40.05565
39.93073
39.92601
39.97281
39.99801
39.97715
39.98761
39.96109
39.88086
39.89634
39.94555
39.92705
39.94237
40.02513
40.02551
39.95958
39.89592
39.95479
40.03899
40.0139
39.97935
40.00018
40.0419
40.10568
40.09968
40.04903
40.01009
40.01593
40.05851
39.95886
39.9585
40.00165
40.02069
39.94811
39.94213
40.01693
40.02056
40.03495
40.05279
40.10049
40.1058
40.08654
40.14314
40.09827
40.07583
40.0837
40.11157
40.10677
40.0924
39.98223
40.01765
40.05193
39.96545
40.00903
40.0753
40.00948
40.0132
39.99614
40.00721
40.00214
39.94466
39.91949
39.9321
39.98549
39.93635
39.87793
39.89903
39.92622
39.90233
39.82732
39.91155
39.9721
39.95147
39.8761
39.86762
39.89053
39.86302
39.87565
39.92142
39.97077
39.94225
39.83826
39.88513
39.88815
39.86261
39.84816
39.86519
39.86734
39.89135
39.93377
39.85884
39.79786
39.818
39.8857
39.83566
39.73831
39.75841
39.86681
39.88298
39.84884
39.76062
39.78941
39.81703
39.82751
39.85546
39.8497
39.862
39.87737
39.83739
39.80215
39.7858
39.84318
39.81116
39.77718
39.74969
39.81836
39.91817
39.888
39.81294
39.74849
39.75967
39.8819
39.87504
39.85174
39.80222
39.75373
39.80645
39.83004
39.88352
39.7694
39.72464
39.78436
39.84278
39.84637
39.87933
39.88452
39.85474
39.87148
39.9122
39.91328
39.87949
39.89457
39.93117
39.85263
39.73894
39.73106
39.86326
39.85626
39.88254
39.86662
39.83159
39.82385
39.91562
39.90091
39.87851
39.92221
39.87963
39.82919
39.89355
39.98585
39.92113
39.91756
39.95323
39.94756
39.90762
39.85927
39.86994
39.90198
39.92795
39.92455
39.88335
39.94048
39.92507
39.86932
39.87403
39.86872
39.85354
39.88026
39.9245
39.89666
39.86961
39.84376
39.8186
39.88938
39.97013
39.926
39.87702
39.87788
39.94247
39.90484
39.80444
39.77211
39.77377
39.84702
39.84902
39.84952
39.84973
39.91046
39.85893
39.85644
39.83892
39.82343
39.85741
39.84531
39.85942
39.8219
39.81749
39.84262
39.83843
39.87354
39.86803
39.92061
39.93498
39.84166
39.91696
40.02963
39.94761
39.90363
39.96943
39.93121
39.92761
39.97511
39.94732
39.92174
39.98851
39.9684
40.02734
40.07001
40.0181
39.96235
40.0213
39.99563
39.92159
39.88829
39.9734
39.98391
39.84113
39.84413
39.83757
39.84332
39.86397
39.83572
39.86559
39.86883
39.80162
39.77604
39.74535
39.77123
39.85348
39.86792
39.88977
39.89988
39.90251
39.91497
39.93245
39.92753
39.96068
39.96824
39.93454
39.90849
39.95858
39.96623
39.94455
39.96804
39.98566
39.92573
39.89912
39.92475
39.96567
39.91883
39.87637
39.86601
39.8826
39.91546
39.89693
39.9018
39.89536
39.92902
39.90256
39.90486
39.87588
39.90589
39.82801
39.85266
39.88166
39.84778
39.89729
39.92499
39.86454
39.84741
39.8759
39.94299
39.93643
39.96524
40.06191
40.06753
40.0348
40.05605
40.10515
40.15657
40.15809
40.09246
40.06495
40.13733
40.20246
40.14548
40.08464
40.1249
40.19132
40.19232
40.14778
40.16419
40.14875
40.03609
40.05329
40.07931
40.13012
40.12035
40.0365
40.00145
40.0059
40.00885
40.00813
40.04602
40.02706
39.99676
39.97321
40.01901
39.98188
39.96163
40.01006
40.01398
39.94412
39.91128
39.95407
39.92993
39.94484
39.95601
39.97787
39.9794
39.97999
39.97587
39.97538
39.95618
39.96074
39.95504
39.95304
39.93156
39.94853
39.92673
39.93727
39.93906
39.9242
39.8827
39.83477
39.80781
39.83355
39.8996
39.90874
39.93918
39.8904
39.92507
39.93353
39.94318
39.94273
39.88075
39.86805
39.80191
39.86076
39.918
39.92614
39.8747
39.87285
39.88615
39.8686
39.82471
39.86535
39.89955
39.9706
39.9723
39.90251
39.94365
40.03198
39.97237
39.94588
39.94463
39.94241
39.87991
39.86939
39.94786
39.94334
39.87967
39.85012
39.83172
39.8619
39.83209
39.82147
39.9089
39.89683
39.8414
39.83004
39.83844
39.83794
39.85688
39.91896
39.83653
39.81796
39.89429
39.94744
39.92759
39.85363
39.83365
39.89889
39.91841
39.86906
39.88401
39.98246
39.96265
39.92451
39.99063
40.00444
39.88709
39.87229
39.94772
40.01717
39.92334
39.89521
39.92206
39.9511
39.98544
39.98111
39.98421
39.96999
39.98079
39.93756
39.91555
39.95193
39.88878
39.90215
39.91892
39.88477
39.91508
39.93175
39.92126
40.00337
39.95984
39.95547
39.98266
39.99352
40.03927
39.93494
39.90869
39.92434
39.84243
39.84609
39.93599
40.01269
39.96709
39.96206
40.03702
40.06534
40.00679
40.02052
40.02561
40.00999
40.0423
40.05599
39.99064
39.93332
39.98119
39.90583
39.88854
39.97219
39.99198
39.99362
39.95986
39.91117
39.96185
39.92128
39.87475
39.87659
39.8807
39.89247
39.85998
39.83873
39.88305
39.9092
39.85792
39.88445
39.86228
39.86363
39.91491
39.99201
39.95304
39.87148
39.88671
39.89491
39.89464
39.84883
39.76182
39.7491
39.74683
39.80863
39.81172
39.83696
39.88267
39.88274
39.85292
39.90651
39.86105
39.85444
39.7961
39.87734
39.91743
39.95921
39.92224
39.84057
39.90551
39.90916
39.85914
39.87759
39.91698
39.83587
39.77507
39.856
39.94476
39.78003
39.72194
39.80903
39.87508
39.83815
39.81929
39.94407
39.94112
39.95061
39.88974
39.82901
39.91261
39.93059
39.85753
