41.00073
39.83674
39.855
39.9057
39.85765
39.84396
39.85829
39.84835
39.78592
39.769
39.84663
39.83712
39.80146
39.84295
39.96096
39.89862
39.89211
39.8741
39.90051
39.89151
39.88086
39.86065
39.82349
39.86096
39.92386
39.87289
39.81342
39.84359
39.87577
39.87876
39.81665
39.77703
39.82338
39.90673
39.91064
39.75906
39.73994
39.82436
39.87888
39.89875
39.84208
39.90537
39.93013
39.84189
39.82063
39.83607
39.89404
39.91648
39.92539
39.93797
39.87888
39.9098
40.02416
40.01374
39.89403
39.92016
39.96154
39.98506
40.00271
39.95838
39.90263
39.99044
39.95806
39.89542
39.90831
39.9425
39.95379
39.95507
39.88952
39.90121
39.924
39.93136
39.94514
39.90695
39.86369
39.84424
39.84388
39.80496
39.77911
39.78242
39.77809
39.77491
39.84186
39.91339
39.88415
39.81285
39.83427
39.90825
39.86325
39.8297
39.87904
39.89238
39.9395
39.8876
39.77148
39.8344
39.84974
39.82468
39.80745
39.80403
39.80806
39.89353
39.87349
39.82872
39.84206
39.90759
39.90557
39.88968
39.86441
39.79947
39.79842
39.81781
39.82133
39.84816
39.88718
39.91901
39.94026
39.86803
39.8494
39.87627
39.87193
39.90599
39.94491
39.87443
39.86604
39.85191
39.80996
39.81643
39.91753
39.91066
39.87782
39.88264
39.89744
39.88913
39.9121
39.91954
39.94926
39.91764
39.90919
39.89427
39.94914
39.91841
39.89249
39.85896
39.89252
39.91188
39.9217
39.855
39.83298
39.88473
39.93911
39.91955
39.90161
39.88332
39.88905
39.93807
39.93546
39.89829
39.84485
39.88977
39.89973
39.91793
39.94799
39.90062
39.88552
39.91177
39.91787
39.9292
39.90199
39.89778
40.00421
39.99732
39.93452
39.90879
39.91462
39.91206
39.94237
39.96217
39.91904
39.91104
39.89736
39.92378
39.93878
39.92769
39.93874
39.92586
39.90498
39.94087
39.89229
39.89188
39.84846
39.80927
39.81284
39.7924
39.75095
39.73705
39.76567
39.77856
39.82355
39.81851
39.77639
39.73305
39.74102
39.75627
39.70947
39.68269
39.69657
39.66171
39.65396
39.71017
39.7732
39.76888
39.70145
39.75097
39.74528
39.69014
39.70256
39.71992
39.65073
39.61148
39.66035
39.7044
39.66069
39.66045
39.66034
39.64883
39.64605
39.76741
39.74529
39.72859
39.70592
39.69218
39.70441
39.73789
39.76691
39.74903
39.7525
39.72858
39.73671
39.73471
39.74887
39.76046
39.72883
39.76093
39.75742
39.76735
39.7249
39.77098
39.78914
39.75568
39.74041
39.7685
39.74377
39.73331
39.74931
39.8256
39.78894
39.73409
39.75091
39.77943
39.75583
39.71
39.64614
39.64557
39.71058
39.8042
39.78041
39.70396
39.70499
39.76442
39.76295
39.75075
39.70116
39.67672
39.70524
39.73214
39.76554
39.78812
39.75237
39.75166
39.73239
39.76921
39.7464
39.78925
39.75268
39.75385
39.76389
39.79926
39.76765
39.80863
39.86672
39.85063
39.8506
39.87039
39.81332
39.74572
39.76011
39.82994
39.85465
39.78671
39.76954
39.76418
39.84126
39.85121
39.7818
39.79502
39.8407
39.79807
39.79095
39.78963
39.81331
39.8553
39.80061
39.8225
39.76286
39.8102
39.9325
39.95439
39.8498
39.86212
39.92376
39.88044
39.86019
39.86585
39.86775
39.93438
39.97227
39.93949
39.86613
39.88881
39.86226
39.86567
39.89612
39.92135
39.89621
39.95335
39.99148
39.94752
39.97571
39.93313
39.92117
39.94727
39.98097
39.94246
39.86662
39.80788
39.89673
39.91664
39.81155
39.83474
39.88792
39.87151
39.87402
39.87161
39.80986
39.79419
39.87077
39.93108
39.88581
39.90481
39.87732
39.90622
39.94535
39.91397
39.82074
39.70916
39.74905
39.82701
39.84572
39.86971
39.95975
39.91805
39.87343
39.86169
39.87033
39.9371
39.97195
39.98473
39.97235
39.98673
39.94397
39.88403
39.90477
39.90347
39.90109
39.91402
39.86819
39.86525
39.88599
39.84871
39.82938
39.87063
39.8884
39.86277
39.85843
39.85587
39.87468
39.82809
39.78818
39.84484
39.80785
39.7387
39.68375
39.70396
39.74269
39.74884
39.72887
39.70422
39.72169
39.72056
39.70235
39.78547
39.78767
39.91016
39.9612
39.99137
40.03252
40.02771
39.99275
39.95911
39.96628
40.03152
40.12274
40.1233
40.06681
40.01807
39.96965
39.96489
39.99947
40.01113
40.03829
40.04603
40.01476
39.96863
40.03964
40.0863
39.89714
39.87454
39.90363
39.93437
40.01522
40.08739
40.13018
40.11287
39.98645
40.02251
40.06066
40.07234
40.03152
40.03964
40.08314
40.11778
40.11298
40.08948
40.13312
40.06019
40.01991
40.05398
39.98437
40.0163
40.08909
40.05422
40.01997
40.03102
40.05184
40.01356
40.0099
40.05519
40.05515
40.04517
40.01677
40.0374
40.09534
40.12543
40.10797
40.16804
40.13867
40.09818
40.01852
40.04646
40.10958
40.05751
40.04561
40.05471
40.07711
40.02698
40.00736
40.02406
40.05695
40.01287
39.91649
39.89329
39.91205
39.88199
39.84322
39.84967
39.86582
39.83437
39.89219
39.85666
39.76633
39.80402
39.88885
39.95866
39.95264
39.85674
39.84784
39.97717
39.94325
39.90487
39.94981
40.02612
39.98677
39.88824
39.87846
39.905
39.93524
39.94098
39.88066
39.90867
40.01163
40.05107
40.02086
40.04276
40.00489
39.93721
40.00091
40.05462
39.93474
39.91471
39.86295
39.90876
39.94148
40.00189
39.98562
39.9107
39.91549
39.93183
40.02244
40.07348
40.02401
39.96569
39.94624
40.03292
40.14492
40.02848
39.94384
39.93579
39.95752
39.95191
39.93338
39.99433
39.94193
39.8551
39.84637
39.88399
39.97158
39.93114
39.95916
39.9601
39.91133
39.95069
39.93233
39.91784
39.87278
39.90857
39.88911
39.90529
39.97306
39.834
39.75481
39.84779
39.88304
39.87828
39.8658
39.83817
39.83253
39.83221
39.79553
39.77113
39.73054
39.71362
39.76791
39.77043
39.74953
39.77856
39.77977
39.81319
39.78961
39.80511
39.75487
39.79193
39.82204
39.82845
39.85055
39.75458
39.75038
39.79724
39.78053
39.80275
39.77278
39.76094
39.8143
39.8014
39.71794
39.78205
39.83566
39.80565
39.84513
39.86172
39.78555
39.87164
39.92837
39.93204
39.9638
39.98368
39.98515
39.94709
39.93236
39.92131
39.86167
39.85802
39.91195
39.91067
39.89885
39.87306
39.91665
39.92142
39.86055
39.87103
39.85619
39.89696
39.95751
39.92111
39.98425
39.9917
39.94988
39.9868
39.9198
39.83113
39.8749
39.9289
40.01107
39.95931
39.88678
39.87255
39.89451
39.89391
39.81134
39.85005
39.91773
39.87107
39.83202
39.82867
39.82312
39.87548
39.86324
39.77527
39.85353
39.88882
39.84282
39.84597
39.8413
39.76183
39.75954
39.79491
39.80129
39.77839
39.73299
39.77345
39.84053
39.85283
39.8741
39.83636
39.84178
39.88911
39.84363
39.8458
39.84882
39.88443
39.85144
39.76217
39.67357
39.71048
39.76898
39.81561
39.79535
39.81525
39.8658
39.87894
39.81036
39.80379
39.84887
39.87514
39.80032
39.79007
39.86986
39.9108
39.9029
39.79304
39.75229
39.76661
39.78931
39.80795
39.77164
39.76374
39.86127
39.82287
39.76665
39.8373
39.84327
39.79247
39.78137
39.80326
39.79717
39.72897
39.74246
39.73978
39.72106
39.70146
39.72015
39.76163
39.75805
39.77464
39.81212
39.84779
39.80417
39.8073
39.76509
39.73487
39.76441
39.77487
39.80725
39.82647
39.8088
39.81016
39.81371
39.87815
39.78908
39.72466
39.79819
39.83775
39.81122
39.78811
39.81981
39.87291
39.82253
39.73874
39.72723
39.80535
39.82211
39.72758
39.67469
39.76941
39.79904
39.80818
39.79402
39.79573
39.81808
39.86541
39.86888
39.84798
39.84151
39.80769
39.81084
39.84343
39.80396
39.80116
39.83662
39.85619
39.89898
39.9244
39.92176
39.90625
39.97606
39.96586
39.99021
40.01226
39.96824
39.95317
39.99649
40.06289
39.97207
39.92524
39.98913
40.05021
40.02145
40.03031
39.95419
39.89328
39.96693
39.99198
39.92227
39.94072
39.97335
40.04003
40.0257
39.91108
39.98182
40.04405
39.98426
39.97667
40.05138
40.04002
40.01631
40.02689
40.00117
39.99635
39.95556
39.98039
39.99991
40.03587
40.02177
40.02869
40.03642
39.99319
40.0205
40.0111
40.04738
40.11161
40.07948
39.98529
39.98773
39.9905
39.98436
40.02626
40.03539
40.01757
40.02806
40.07298
40.03386
39.94121
39.95364
39.98543
40.02503
40.09034
40.01475
39.99171
40.00861
40.07164
40.07406
40.03312
40.08884
40.08367
40.00692
40.01559
40.00922
40.02264
40.0327
40.03443
40.01706
39.96543
39.9926
40.07198
39.97812
39.97007
39.95702
39.94853
39.9258
39.94024
39.96248
39.96486
39.96346
39.94692
39.86259
39.83092
39.81774
39.86499
39.87414
39.76331
39.76168
39.79271
39.83927
39.94983
39.95454
39.88362
39.86679
39.90884
39.88506
39.89805
39.91573
39.91961
39.86541
39.8515
39.93218
39.96654
39.89551
39.89058
39.87963
39.85313
39.84725
39.92179
39.9277
39.8615
39.84132
39.86885
39.8408
39.84466
39.85424
39.81478
39.83552
39.86139
39.83939
39.92561
39.95149
39.90319
39.85332
39.88758
39.87889
39.89243
39.87456
39.91727
39.9674
39.9812
40.03217
40.12025
40.15276
40.19814
40.18824
40.22141
40.29518
40.29106
40.19522
40.20101
40.19566
40.19875
40.20336
40.12417
40.09999
40.13192
40.09871
40.01787
39.99381
40.0603
40.04268
39.99828
40.01238
40.06566
39.93776
39.92021
39.88217
39.8836
39.8447
39.82283
39.8134
39.77028
39.80142
39.88971
39.77221
39.77837
39.83218
39.83211
39.81297
39.81154
39.74084
39.78619
39.82425
39.79791
39.79192
39.83183
39.79079
39.71151
39.76143
39.83995
39.83624
39.83286
39.75502
39.74807
39.865
39.88643
39.88696
39.84987
39.88873
39.92459
39.95828
39.89198
39.84331
39.87633
39.99873
39.99097
39.94104
39.89484
39.88534
39.87446
39.87965
39.90894
39.89008
39.89408
39.90414
39.91901
39.93133
39.88028
39.9139
39.96899
39.96714
39.97757
39.9101
39.9168
39.91597
39.85611
