 0
0.2996651
-0.1286873
-0.08376896
0.188219
0.3981462
0.250024
0.1710089
0.2976043
-0.09914768
0.4565579
1.245573
-0.3289798
0.3150322
-0.2362751
0.2147746
-0.1947533
0.788427
1.645008
0.2826433
-0.41422
1.246498
-0.1113681
0.008387804
0.02571732
0.3780539
1.298473
0.477369
0.459244
1.142062
0.03229523
-0.04646921
0.5345502
-0.2632613
-0.4735944
0.3242995
0.6848094
0.01200837
0.04808561
1.145833
-0.2326198
0.1650795
0.9600496
-0.246776
0.2663901
1.617435
0.8911066
0.7316897
-0.4550057
-0.4614526
-0.244548
0.7814811
1.347002
0.1864801
-0.5343423
0.120923
-0.2222028
1.772017
-0.5214006
0.0155673
-0.7035787
-1.394052
-0.01084712
-0.5389657
-0.524542
-0.7071891
1.15114
0.2049443
-0.3526602
0.1405261
-0.04263264
-1.221238
-0.3763304
0.3356655
0.5738946
-0.08952165
-0.1647942
0.3980744
0.02416945
-0.1252682
0.866734
-0.05258298
-0.1005735
0.09615052
0.25401
0.4357386
-0.3304327
0.03841686
0.2184368
-0.3824149
1.448036
0.05145258
-0.8804531
0.2119876
0.02269335
0.2850663
-0.2703083
-0.679222
0.2444297
0.4890331
-0.2953837
0.6420568
0.09103501
-0.1709911
-0.2892088
0.5081098
0.8808945
-0.758849
0.1500707
-0.974718
0.05100262
0.9348894
-0.1341747
0.8395958
0.2544206
0.1754851
-0.1076621
0.3126045
-0.06658463
0.4299862
1.744181
-0.4465139
0.3966489
-0.2490883
-0.8379635
0.6871252
1.220207
0.6457141
-1.198133
0.1435847
-1.148831
0.1910487
0.02632535
0.2985773
-0.2824428
0.3024852
-0.274452
0.1518602
-0.07105436
0.8188767
-0.2056021
1.395788
-1.180655
-0.1589937
0.05937797
-0.1455112
-0.6228536
0.4087871
-0.3326038
0.09270561
0.5723428
0.2197812
-0.2990369
-0.5002052
-0.6048774
-0.1846767
-0.7087324
-0.02825451
-0.03433213
0.4283919
-0.7842869
0.4163852
-0.05515909
-0.939074
-0.8522912
-0.2286147
0.1099443
-0.8028705
-0.4952847
-0.06210983
0.976086
-0.2308827
0.4971801
-0.6460368
-0.1646489
0.371729
-0.4062918
0.05461097
-0.2720751
1.202896
0.2168349
-0.3525269
0.01544404
-0.7941011
-0.3366234
0.4057939
-0.9050435
-0.5847593
-0.1294115
0.2622901
-0.2968066
0.3774663
-0.6902868
0.7900349
0.2563791
0.3978254
0.107324
-0.7213617
0.5723186
0.3231562
0.6468349
0.9757652
-0.348502
-0.4675602
0.3664339
-0.4173422
0.671448
-0.1098121
0.3857864
-0.09973109
0.1143131
0.04641724
-0.05123055
-0.4702553
-0.2769422
0.2069935
0.05695027
-0.9794375
-0.0517357
-0.3239839
-0.06186983
-0.4710843
0.9267792
-0.5431557
0.8434751
0.3417895
-0.7805011
0.3810298
0.3712679
0.6194508
-0.243852
0.8632357
0.5121624
-0.5276947
-0.01560545
0.2014784
-0.09569305
0.06228828
-0.2837742
0.01574743
-0.1856293
-0.5908247
-0.1434882
0.5895932
-0.7448826
-0.8434848
-0.3532724
0.1132777
1.023564
-0.5784956
0.1431358
0.3402343
-0.01160622
-0.1120233
-0.1655118
0.325427
0.1020086
0.2573545
1.013287
-0.04001552
-0.07789195
-0.6295406
-0.6640163
-0.2019368
0.4458003
1.280335
-0.6492431
-0.344533
-0.7258868
-0.9821779
-0.6073716
0.3702156
0.2111087
-1.050702
0.451491
-0.2224039
0.6150987
-0.9224506
0.5940678
-0.2421715
0.483501
-0.6164052
-1.19522
0.07872796
-0.267946
0.4090233
0.8887826
-0.2771224
-1.448512
-0.02864742
-0.9802817
-0.7686943
-1.059273
-0.01600242
1.061893
0.4478937
-0.4820771
-0.2021892
-0.2835488
-0.5652161
-0.2962826
1.010597
0.2909491
0.1834309
0.9678078
-1.015567
-0.2876132
-0.2130862
0.2290086
1.686864
-0.9209403
-0.6994064
-0.5436324
-0.4449217
-0.1152045
-0.7980496
0.7684546
0.9455895
0.5366891
-0.2947308
-0.6919912
-0.8546392
0.0171888
1.141221
0.8308235
0.366768
-0.4445682
1.439226
0.4556105
-0.7583475
-0.6753837
-1.40803
0.01695704
0.1814905
0.7867022
0.06885591
-0.7394319
0.2657922
-1.143268
-0.7444347
1.121621
0.9248534
-0.06655288
0.9117097
-0.533717
-0.2733473
-1.612717
-0.5805991
0.7092572
0.7775379
-0.6947322
0.1276842
-0.1356322
-1.122637
0.7506855
-0.8625071
-1.281507
0.7107605
1.057428
0.07626641
0.06019282
-0.1453465
0.5460222
1.134388
0.5600455
-0.07629782
0.05197787
-0.3452783
-0.8607521
-0.6309711
0.3030837
-0.3003991
-0.6632339
0.099828
0.6353894
-0.3534542
-0.1815176
0.2914251
-0.1969372
0.7087526
1.878682
-0.7504852
0.02121401
0.2907209
-1.535547
-0.6447818
1.296634
1.266483
-0.5348333
0.1188097
-0.1979956
-0.8140676
0.2143662
0.5602416
-0.2965761
-0.07855666
-0.543834
0.7980664
0.01846251
-0.4497175
-1.452114
-1.637897
-0.2872645
0.3481578
-0.04969406
-0.5696596
-0.2124995
-0.6082005
2.09748
4.484627
1.637146
-0.4525808
0.411854
0.2200752
-0.4449082
0.2285557
0.3367484
0.8607534
0.439827
0.1218827
-0.6394277
-0.4324271
0.2092335
-0.5117095
-0.4653588
2.002711
0.07538283
-0.211071
-0.5695401
0.7075158
0.5395474
0.3756579
-0.1877078
-1.264696
1.353341
1.082945
1.211332
-0.5401466
-0.4531763
0.5429932
-0.6526382
-0.6917807
-0.0588603
-0.6464555
-0.4386647
1.39723
0.4276113
-0.126184
-0.8589301
-0.04062748
-0.08322924
-0.1252625
-0.3240457
-0.5796486
0.0359229
0.2770236
1.353699
-0.8037215
-0.6633469
-0.8382021
0.009122737
-0.07171965
-0.276956
-0.4284208
0.1321164
0.4374901
1.067917
-1.290848
0.1096796
-0.239908
-0.3831776
1.179644
-0.01545632
0.4472153
-1.005376
0.03629112
-0.09469771
-0.8449581
0.9392715
0.492048
0.2291098
0.2686215
0.1602595
-0.7218593
-0.173115
-0.8210281
0.09286392
0.8947483
0.1149975
-0.0487231
-0.2822771
-0.06442032
0.04578274
0.03686666
0.8134688
-0.7866326
0.04595494
0.5439998
0.7597938
0.4641845
-0.2032897
-0.2420052
-0.6501163
-0.2474873
-0.3412982
-0.4559268
0.4527875
0.8937672
-0.326362
-0.249543
-0.3376549
-1.048694
0.2166513
1.631292
-0.4459956
0.618011
0.1300467
-1.26782
-0.1273034
-0.2310561
0.05832195
1.111145
-0.6632477
-0.2236713
0.4774649
-0.3471607
-1.078642
0.662603
0.50251
0.2327425
0.8975881
-0.1191652
0.02487969
0.0009990484
0.1189392
-0.1072206
0.2913274
0.6235487
-0.5872475
-0.4141092
0.083408
0.005603611
-0.2179284
0.3864046
-0.7482522
0.5003066
0.6382899
-0.1456553
0.2195609
-0.4560302
1.176478
-0.08880037
0.005028605
-0.7631621
-0.613094
0.5635345
-0.08043703
-0.5255512
-0.1408424
-0.3958837
-0.1133407
1.928253
-0.4000084
-0.2730691
0.6527947
-0.3810315
0.4713418
0.3784577
-0.5292551
-0.099224
-0.3579247
0.05924237
0.1463712
-0.6575401
0.7994752
1.082595
-0.3846977
-0.09702528
0.6049531
-0.7424711
0.1870666
-0.6935177
-1.025216
0.5621072
-0.6349895
0.1694164
-0.2241369
0.5214113
0.5703088
-0.6307764
-0.4196943
0.3170339
-0.2095581
-0.7204994
0.4626102
0.2915092
0.1321823
-0.1855715
-0.2038324
-0.4237257
0.3606185
0.5968236
1.915315
1.310421
0.4539967
-0.4871166
-0.4146085
-0.9504877
-0.6759599
-0.3367813
0.06965411
0.9969122
-0.4546762
1.076401
-0.8331383
-0.7369864
0.6085081
0.6575123
-0.115661
-0.1330203
-1.1009
-0.9685078
-0.3655239
0.5278831
-0.8651561
-0.01768875
-0.04264212
-0.1415916
0.4018973
0.8036443
-0.1653308
0.1762888
-0.004058719
1.170144
-0.2750493
0.543928
-0.2122243
-1.081278
-0.6542268
2.050906
0.560379
-1.287243
-0.06061625
-0.5745186
-1.087199
-0.002523839
0.2791655
-0.4221544
-0.3505111
-0.1896042
-0.06153724
-0.7095413
-0.4022465
-0.1694657
-0.2392898
-0.7493072
0.8958551
-0.2695916
0.1686603
0.447172
1.138127
-0.6180229
0.2891798
-1.471228
-0.7694447
-0.7260433
0.3263581
-0.3672167
-0.2066016
-0.7466872
0.5099837
-0.2836571
-0.8166405
-0.4376736
0.2575056
0.4261677
-0.7312797
0.5129944
0.3327904
0.5701022
1.624477
-0.3708737
0.05760455
-0.7857244
-1.429935
0.8084188
0.2928266
-0.7020863
-0.09765476
-1.115557
-0.4066879
0.0577423
0.6272209
1.081646
-0.5991132
-0.2746129
-0.1752972
-0.5761275
-1.09487
0.3652019
0.1173848
0.1256521
-0.2308324
-0.4760553
0.5106618
-0.08187193
0.03738661
-0.2912285
-0.006814301
0.07559991
-0.3912458
-0.6502833
1.401225
0.07402424
-0.04451418
-0.3285198
-1.506044
-0.1891836
1.19657
-0.4786338
-1.531271
0.6380018
-0.3058487
-0.3780084
0.6849691
0.4883245
0.283601
-0.118915
-0.1968061
0.1939737
-0.1394323
1.711652
0.1014603
-0.08918619
0.1540543
-0.4203948
0.5669525
0.3643225
-0.2310572
0.656682
-1.196724
1.153859
-0.7117796
-0.4988573
0.6560283
0.5650431
0.05429578
-0.9417686
-0.5156664
-0.6633749
2.05847
-0.1402798
0.3921283
-0.1863824
-0.2371709
-0.5394092
0.0520153
0.2078907
-1.406247
0.3990152
1.489178
-0.4985012
-0.6829579
-0.572991
-0.575408
-0.6240621
0.01098955
-0.5282114
0.2575526
0.3593376
-0.3361661
-0.8122982
0.9677464
-0.8150468
0.1228392
-0.5041219
-0.3119366
0.04724383
-0.1552868
-0.3633633
-0.3430648
1.271372
0.5428851
-0.7940875
0.0217346
-0.5826951
0.09872991
0.1840332
0.7661722
1.235079
-0.5035713
1.373578
-0.05389225
-1.094954
0.3001816
0.05420642
-0.4824169
0.04438394
0.2394491
-0.1987965
0.3892008
-0.6835799
-0.08248311
0.2344917
-0.07493854
1.201236
0.06773961
-0.7129735
-0.07751566
-0.8408888
-0.9695609
-0.345065
-0.3399794
1.743088
0.0175336
-0.1004959
-0.5700216
-0.8754874
-0.04087346
-0.3206887
-0.2469149
-0.6369305
-0.2225388
1.835168
0.2952702
-0.5408301
0.4107275
-0.7467161
-0.2397482
1.355552
-0.07080953
-0.6162868
0.4410887
0.4893054
-0.8094176
0.3932087
-0.1598723
-1.077048
0.5287776
0.002104685
-0.02653462
0.1004689
-0.2621145
-0.04586744
1.190449
0.8113956
-1.12041
0.4570571
0.276369
2.205092
-0.7564499
0.730952
-0.6818467
-1.745773
-0.52284
1.766921
0.2625153
-0.6679403
-0.7204188
-1.195578
-0.2995963
-0.9580353
0.4098761
-1.027901
1.265292
0.07200638
-1.163897
0.3671305
0.04595441
1.634035
0.6806831
-0.1408961
0.3427245
-1.046113
0.8905485
0.08971202
-0.6669675
-0.8429118
-1.298931
0.7058311
0.4902594
0.7414694
0.55986
-1.577582
-0.04463112
0.03054714
-0.1884471
1.263408
0.02792811
-1.329865
0.04227161
-1.239443
-1.586641
0.809434
-0.1762416
-0.952335
-0.3465167
-0.3611643
-0.7245182
-0.307005
0.5541483
-0.2635189
-0.2694296
-0.5859997
-0.1669679
0.5397894
1.510033
-0.2328779
0.08748078
0.009347677
-1.568283
0.3976793
1.334773
1.021686
0.5302771
-0.7907836
-0.1889981
-0.7023036
0.02525198
-0.2104333
-0.3200669
0.7216785
-0.2073909
-0.2038321
0.6727221
0.4460226
-0.4425206
-0.6795737
-0.893697
-0.6469398
-1.005564
-1.007792
-0.4021959
0.1449078
-0.02438965
-0.7139558
0.003454804
-0.5928564
-0.4625334
0.5935189
0.05356991
-0.09197283
0.107011
-0.09910119
1.041283
-0.7692156
-0.2535224
-0.3326072
-0.1059467
-0.2267053
-0.5219796
0.5376539
0.1272905
0.04159895
-0.2717674
0.1575609
-0.2041653
-0.07673848
0.00373093
0.8703769
0.8309168
-0.2925722
-0.4849929
0.2331837
0.4472792
1.918582
1.585187
0.1918805
-0.05213547
-0.8069637
-1.253779
1.344052
-0.2850768
-0.07400703
-0.4236509
-1.369264
0.6776917
-1.185077
-0.6007245
-0.06315362
0.3041711
-0.7247313
-0.5821198
-0.2120159
-0.7596098
0.08248153
0.8303494
1.367471
-0.2938371
-0.166306
-0.9498639
-1.178995
-0.6789602
-0.4648921
-0.4043447
0.5871403
-0.7575819
0.1214294
-1.085879
-1.709212
