36.94367
37.10724
37.54513
36.76944
37.02806
37.23351
38.22769
38.27057
37.12863
37.15259
38.44808
37.70224
37.30546
37.83258
37.25948
37.31247
37.21851
37.05976
38.4664
37.19913
36.62812
38.02947
37.64273
37.00412
38.02678
37.64299
38.10449
37.43053
37.78773
38.61843
37.73598
37.42466
37.05344
36.77136
36.90348
37.15749
37.65788
37.60393
37.89046
37.88303
37.88643
37.05647
38.0835
37.63373
37.55661
36.60654
37.44388
37.64606
37.40597
37.7894
37.19033
38.3516
38.15067
38.25162
38.15478
38.28342
37.00713
38.51062
37.47512
37.76777
38.2888
37.54522
38.81062
37.66711
38.44684
38.03663
37.68243
36.65852
37.40793
38.32796
38.52374
37.9213
38.04388
37.82413
38.18944
37.56121
38.06429
37.61379
37.9544
38.37255
37.56166
37.17244
37.28805
38.63843
39.74218
36.62409
37.79346
37.12884
37.94486
36.62127
37.67746
37.90449
36.47503
37.60522
38.29677
37.57088
37.06577
37.79072
37.22967
37.39137
38.30581
37.69321
36.70558
37.80582
37.54602
37.10118
37.32353
36.58899
37.45952
37.26799
37.23965
38.19352
36.89629
37.33282
37.20667
38.20276
36.60946
37.98968
37.09741
37.80287
37.45207
38.14921
37.48724
38.58123
36.75505
38.54812
37.82214
37.83796
37.21827
36.67062
37.251
37.32223
37.25492
36.62521
37.78204
37.20519
37.20485
38.60068
37.05223
36.87648
37.12292
36.81873
37.01175
37.77572
38.01372
37.64061
38.42695
37.6505
36.86219
36.98267
36.45136
38.31232
38.0968
37.56295
36.44613
38.18943
37.21849
37.31496
37.21533
37.65767
37.15828
37.91327
38.34916
36.2915
36.63964
37.69978
37.15978
36.95678
37.38182
38.43334
36.64013
38.26405
37.43387
37.05161
37.44879
37.18756
37.15891
37.21607
36.73707
37.6029
37.66843
37.06984
37.7481
37.60353
37.02886
37.77962
36.78506
37.27275
37.75148
36.93356
37.85508
36.65568
37.3995
37.34555
36.84612
37.1684
37.07413
37.61701
37.34534
37.85867
37.26392
38.16192
36.43567
36.24093
37.44924
37.26165
37.31181
37.1646
38.25104
36.47837
36.76576
36.70962
37.67836
36.85806
36.77411
37.60693
37.72318
36.68587
37.74652
36.89359
37.46616
38.43412
37.70731
37.98814
38.45613
38.11416
37.06778
37.72521
37.24224
36.96799
37.3497
37.65753
38.17749
37.8966
38.43805
38.09752
37.25122
37.48038
37.77532
36.70081
38.38338
36.5312
37.63472
37.96842
36.86827
36.22843
36.7642
36.80754
38.17051
36.82783
36.70885
36.96789
36.61864
37.12288
36.97753
37.61614
36.77219
36.22504
36.7701
36.56251
36.47639
36.85939
36.37592
36.77105
37.05002
37.83775
37.2331
35.82605
36.18082
36.50801
36.65044
36.68356
37.22181
36.83257
36.26008
37.03842
37.32567
36.98946
36.89458
37.09977
37.14481
36.91921
37.24095
37.32046
36.10236
36.61844
36.9204
35.90588
36.31045
37.26617
37.31752
36.90651
37.13803
37.5392
37.32074
37.7822
37.45944
37.4161
38.32458
38.28558
37.14265
37.22206
37.53903
38.85553
38.89865
37.57115
37.33474
37.67131
38.30165
38.5174
36.90266
37.38932
38.9156
36.56316
37.78549
38.00724
38.53424
36.96462
37.73341
37.92221
36.80856
39.01252
36.40898
38.12881
38.26672
37.44733
38.49503
38.54625
38.50476
37.45894
37.26933
39.34562
38.41569
38.61374
37.62859
37.02732
36.1333
38.25715
37.04141
36.64495
37.50329
38.13139
36.566
37.16971
36.6351
37.94846
37.21364
36.86476
36.81292
37.02794
37.47151
37.35597
37.21
36.59807
38.34694
37.86831
37.4689
38.35622
37.62058
36.82109
36.75421
37.43009
37.37635
38.42245
37.90302
37.37527
37.4326
37.54194
37.5841
37.77711
36.97847
38.22439
36.65778
37.37391
37.45207
37.14682
38.07216
38.16181
37.86572
37.66137
38.94918
37.1683
36.82726
37.62991
37.27071
36.99086
37.27982
36.2332
37.17373
37.62882
37.38914
37.64138
37.44479
36.65216
37.2202
37.05918
37.28336
37.16842
37.56902
38.62012
36.03188
36.88114
37.14719
37.4845
37.26722
37.25945
37.6884
37.1712
39.74549
46.73616
39.87752
37.45264
38.65261
39.16479
39.01865
37.76829
38.05437
37.3567
37.41415
36.96175
37.75292
37.66796
37.37603
37.84673
37.1254
37.33652
38.24974
36.75986
37.42479
37.3271
37.54872
37.45727
37.17035
36.17831
37.80913
40.24355
37.86165
38.44999
38.31857
37.66162
37.10271
37.54611
37.39796
38.11175
37.01396
37.38527
37.87814
37.64203
36.94585
37.89435
38.40828
39.55423
38.70042
37.56391
38.54837
37.71935
37.94355
38.36705
37.66787
37.73382
37.47754
37.56489
38.27968
37.05034
37.3452
36.97559
38.53767
37.17614
37.30627
36.79485
38.17288
38.23595
37.31044
37.90074
36.9142
37.73717
37.97838
36.82479
37.69076
37.72672
37.86441
37.39096
37.1175
37.76789
37.21117
36.94514
37.33376
37.94838
37.26636
37.63967
36.99762
37.72581
38.21723
37.17564
38.18238
37.75229
38.61021
37.78061
37.80306
38.32217
37.50573
37.23325
38.33373
37.96898
37.58872
37.27441
37.61548
37.47378
36.51163
37.23184
37.21095
36.80022
38.1084
39.24864
37.31171
37.31072
38.41636
37.15978
36.20769
37.82556
38.12886
38.15668
36.69671
36.78641
37.98145
37.02154
36.77312
37.69109
38.19201
37.78843
37.67851
37.54561
38.00029
37.19984
36.91777
37.91203
37.7756
37.82616
36.60819
35.88538
37.69933
37.3455
37.94317
38.13028
37.80608
38.1941
37.36597
37.32613
36.8826
36.9207
37.03069
37.9567
38.41557
37.24911
37.82913
38.59504
38.27378
37.07058
38.99517
37.39817
37.38913
38.72235
37.60354
37.45138
37.68605
37.56593
37.44242
38.04037
38.2589
37.07463
36.5808
37.62939
37.92094
36.52953
36.95898
37.92062
36.76511
37.40081
36.84495
36.63313
37.09307
37.20261
37.7657
38.02464
37.44263
37.43819
38.82162
37.82194
38.54338
37.64141
37.15468
38.54454
37.61523
36.81275
37.35081
37.38923
36.58525
37.31543
37.22855
37.46298
36.37411
38.73631
38.11036
38.86796
38.1338
37.86633
38.24775
37.55995
37.41392
39.12146
38.75857
37.52656
37.86002
38.03028
37.46563
37.09251
38.77457
37.2961
37.5219
37.84497
36.91047
37.12487
36.79696
37.36178
36.7239
37.75956
38.27687
38.00396
37.80595
37.62401
38.36134
37.63301
37.46414
37.27179
37.42695
37.48565
36.65133
37.38682
37.87441
38.12115
37.20218
36.0997
38.44376
37.55613
36.79707
37.30227
37.51694
38.02915
38.06727
37.29567
37.07756
36.96774
37.12835
37.47997
37.31485
36.4991
37.68746
38.20623
36.94283
36.98637
37.5743
36.49247
37.45196
37.01099
37.45653
37.3676
38.12843
37.96885
36.98742
37.28889
38.66048
37.8259
37.14887
37.44984
38.05299
37.18969
37.41505
38.17956
37.55953
36.79787
37.10445
36.49683
37.40015
37.0151
36.23408
36.32322
36.89624
37.51759
37.68455
37.0421
36.46976
37.35117
37.46864
37.32278
37.05878
36.0601
37.4841
36.70888
36.19215
37.29182
38.4392
37.70283
37.60738
36.80904
37.04884
37.66644
36.7781
37.3114
38.10731
36.76484
37.16211
36.72631
37.05156
36.67281
36.65474
36.87286
36.60487
36.109
37.16972
37.50676
36.04618
36.69938
37.41705
37.23094
38.36166
37.13452
37.09288
38.4371
37.53714
37.91243
37.82632
37.82232
37.5201
37.10709
37.73566
38.01847
37.0442
37.99539
37.55498
37.28975
37.40583
39.07365
37.35526
37.09565
36.99879
37.1358
38.59431
38.2145
37.51667
37.46785
41.35133
38.38354
38.97866
37.93098
39.02444
37.7669
37.14306
38.25296
38.2256
37.59715
39.10774
37.27701
37.04733
38.08822
37.38375
38.18394
37.31981
37.11362
37.18459
38.35106
36.94867
37.00717
38.11234
38.06496
38.35852
37.95537
37.42775
37.61852
37.70303
37.17806
37.57765
37.82593
37.22014
37.42096
37.64016
37.11213
37.05722
38.51749
37.42766
38.80981
38.33955
39.3993
39.04942
38.86109
38.37036
38.40206
38.6357
37.8229
37.3056
38.83179
38.28366
37.21954
38.43974
37.65165
37.30911
37.70585
37.28933
37.0086
36.94857
36.74572
37.31116
36.9346
37.69918
38.23182
37.35175
38.36773
37.78165
36.42582
39.11001
37.42745
38.02979
37.44853
37.63622
37.6153
37.48721
37.41512
37.63662
37.02724
37.0571
38.76301
36.37751
37.47761
37.73457
37.54768
37.18574
37.70683
38.0097
37.75777
38.38821
37.06221
38.4455
37.77246
37.9884
36.74513
37.79234
38.04407
37.62093
38.3253
37.87939
38.5864
36.84381
38.42017
37.64782
37.37003
38.82855
37.12909
37.43118
36.46347
36.72001
36.59569
37.28943
37.16298
37.62382
36.4631
37.98892
36.89365
36.08093
37.29029
37.73737
38.66737
39.11812
37.66097
37.73781
37.29254
37.75059
37.08353
37.42944
38.17309
37.91646
37.95988
37.93751
38.09167
38.23482
37.59185
38.07013
37.73185
37.44023
36.88528
37.60287
36.98267
37.50088
36.66706
37.58369
37.14693
37.62992
36.16119
37.69505
36.82431
37.73333
37.02618
37.14647
37.15186
36.51588
37.41301
37.96025
37.56644
37.53428
38.25544
37.30596
37.52275
37.91097
38.05989
41.60283
39.98283
38.69865
38.49089
38.92052
38.04493
37.72188
38.49907
39.13953
38.51448
38.22786
39.12122
37.57624
38.43666
38.05807
37.15685
37.93784
37.92633
37.07685
37.99817
36.7312
37.53117
38.05937
37.59153
37.70876
37.49604
36.3747
38.16292
38.28703
37.02332
38.22898
37.74213
37.2093
37.84751
37.75143
36.6867
37.29037
37.11192
38.00804
38.40431
37.34228
37.71496
37.09644
38.05121
36.94334
36.8441
36.39815
37.62917
38.37435
37.72587
36.69688
38.49722
36.80326
38.35778
39.22883
37.67079
37.25324
37.18729
37.03419
37.14606
36.54748
36.8371
37.45901
37.32038
37.26854
36.8846
37.10469
36.98397
36.76749
36.67049
37.58247
37.3199
39.13002
37.50117
38.06878
37.81602
37.42259
38.09797
37.01756
36.99947
37.05512
37.70312
35.98031
37.01337
38.06059
38.64349
37.41711
36.5404
