-1.174517
0.3683269
-2.331669
-1.308005
1.453037
0.09553098
-1.165644
0.3195394
1.572895
-0.2588061
-3.29662
-0.6682415
3.607976
0.1629928
-0.2641898
0.8425314
-2.509846
0.4871044
2.669493
0.412439
0.6241343
-0.6721709
-1.572971
-3.828637
-0.5000486
3.303303
-0.617678
-0.8073721
0.8458431
1.337572
-1.371966
1.219273
0.6064534
-0.8338165
-0.3810532
-2.649737
-0.4636035
2.463483
0.7247384
0.6176693
1.414601
-1.614478
-2.785414
0.641419
1.317738
1.170237
-0.2226697
-0.03539161
0.3723207
-0.2148343
0.8895167
1.283722
0.4706325
-0.9400796
2.048907
1.466466
0.6289073
0.222678
-3.350048
0.3657865
2.688395
0.5710517
-3.486006
-0.9448442
2.282241
0.5657389
-0.9224163
-0.3474064
0.5641109
-0.5642375
-0.1842247
2.418749
0.6209018
-0.09917454
0.7392336
0.7667707
-4.210861
-1.305155
2.874579
0.8644642
-1.022528
-0.9438456
-0.1307633
2.245174
-1.044419
-1.460341
0.2347656
-0.1046628
-0.2939343
-0.1284809
0.209986
-2.65248
-0.740918
2.342693
0.8262352
-1.546395
-2.304281
-1.33115
1.521637
0.529734
-1.869774
-2.968272
-0.5411341
0.9169981
0.6480564
-3.741813
-1.322122
2.89149
0.5909088
-2.893119
-0.5538851
3.122404
-0.3028356
-0.8908285
1.917858
1.248518
1.045887
1.870937
0.8694445
0.4403512
-3.392416
0.6206706
2.721092
0.09084365
-0.7288352
-3.290469
-1.196858
3.410258
0.5648454
-1.727904
-4.434805
-1.230129
3.613055
0.5356294
-1.190023
-0.9740232
-0.5235297
1.305591
-2.804077
-0.9737476
2.298948
1.345491
-0.8291885
-0.7989329
0.8740512
2.127032
1.279447
-1.507814
-2.998142
-0.2081551
3.291598
0.2802902
-3.945374
-1.117731
3.041777
2.017939
0.1694513
0.5647594
0.9166896
1.406142
0.7513744
1.215221
0.001274708
-3.014098
0.9621326
2.134944
1.025838
-0.3329034
-2.344106
0.5383235
1.490574
0.4129186
0.3940444
0.2346996
-0.4115705
-0.5763245
0.791171
2.664802
1.073156
-1.475013
-3.943531
-0.3126879
2.463243
0.0929058
0.02377824
0.6308779
1.377782
-0.4722976
-0.6655023
2.637058
1.139194
-0.4320454
0.8305836
1.74916
1.97805
0.5402197
-0.633071
-2.774294
0.5113302
1.020975
0.4239654
-2.390285
-2.110738
-0.8436328
1.72819
0.741303
-0.7333612
0.4923313
-0.8557011
-1.568074
1.029155
2.578344
-1.382555
-0.5595458
1.902882
0.6699311
0.5648215
-2.253004
0.4007408
0.9554297
0.03054371
2.46871
-0.9206014
-1.097328
1.894243
0.06783468
-0.8336315
-0.2487868
0.6678323
-2.281548
-2.495079
0.3569289
1.575698
-1.400969
-1.656947
-0.5784802
0.6616342
-0.6815082
0.005826995
1.031953
0.8510557
0.8529693
-2.142748
-0.3731011
2.349157
-0.03487471
-2.54705
-0.1954954
2.85705
1.158651
-1.091779
0.2391889
-1.204087
-0.2067618
1.957019
0.3470916
1.290878
-0.05504053
-0.6192501
-0.7269242
-0.5708068
0.411443
0.03071643
0.1794792
0.8047986
0.2129392
0.3111133
-0.3759239
1.851955
-2.104747
-0.5593807
2.759645
0.7846411
-1.166113
1.118034
1.296479
0.8697307
-3.327785
0.1188595
3.969297
0.02186202
-1.568768
0.03829285
2.085397
-1.103454
-0.3814112
0.9860834
-0.668892
-1.382922
1.669811
2.226286
-3.496728
-0.7639192
2.75762
0.1866203
-1.783156
-2.056533
0.7222666
2.463864
-2.226798
-0.4865302
0.8901556
1.235033
-0.4179709
0.1935255
-1.237905
-1.210647
1.760335
1.727846
-0.5269538
0.3163151
2.028334
-0.08944134
1.836793
-0.1632825
-2.937476
0.4993419
2.381847
0.5029957
-1.177011
-0.852162
-0.7679409
0.03984622
1.309711
-2.237071
-1.40524
0.7235192
-1.42477
0.2522257
-0.1969151
-3.973319
-1.165545
2.283505
-0.0157745
-0.7829351
-2.411587
0.04005864
2.856886
0.5813763
-0.4421108
1.651221
1.105988
0.5331967
-0.0999932
1.818735
1.658467
-4.054969
-1.49359
2.961227
1.371258
-0.5792361
0.3789681
1.240898
0.3847657
-2.80233
0.3284692
2.162324
-0.6774174
-0.9699606
-0.717751
0.0767133
3.375347
0.9535345
0.329176
-3.56004
-1.392007
1.984554
0.4471878
-1.063813
-0.9734045
0.2122137
-4.1762
0.3123418
2.053878
0.7758078
-1.460763
1.471399
2.085557
-0.8712015
-4.547737
0.3546461
3.914513
-0.4112386
-1.037645
-4.256546
-0.568928
2.690525
0.107403
-2.615457
0.04094426
1.727549
1.295878
1.030269
0.9069679
1.183905
-1.586415
-1.933421
-0.5660595
-1.855921
-1.045907
2.228656
0.4664465
1.078185
0.1714679
0.479309
0.2236958
-1.074821
-0.7165938
1.754992
-2.200719
-2.739884
0.7332793
0.422043
0.3846053
-1.630963
-2.070724
0.2361594
0.4914977
-0.4855785
1.770248
0.131708
0.6699179
-3.602729
0.898613
1.551013
0.1651095
-0.8488027
-0.3838596
-0.1686266
-0.6114374
1.423767
2.197651
-1.771262
-3.915112
0.9415575
1.807878
-0.07256593
0.1594117
0.699995
1.658771
2.227373
0.2905509
-1.91741
-0.3943605
2.709534
0.101743
1.644126
-0.8258893
-0.5318518
-1.118073
1.317279
2.236086
0.3234071
0.9626333
2.823912
-0.8724429
-0.2381458
2.64647
0.598846
-1.404359
-1.042259
-1.83443
1.466151
1.384356
-0.909246
0.001227792
0.8578078
1.101005
-2.031852
-2.449276
-1.331319
0.1149189
0.08069176
0.04875864
0.7693104
1.42699
-0.1212724
-0.9336837
1.152616
0.3548545
1.208585
0.04779233
-2.258499
-1.487762
2.296127
1.604529
0.5409961
-0.7294781
0.7624224
0.4411234
0.1111061
-0.006800936
-3.973386
-0.6095546
1.648085
1.097904
-0.7537412
0.2741176
0.9339771
0.07695835
0.5936069
-2.180124
-0.8728898
1.97769
0.9772397
-0.2010313
-0.07415406
1.129463
1.590371
0.3942646
-2.771669
-2.107936
-0.2094078
1.974166
0.07466736
-1.743774
-0.4699991
1.606788
1.523491
-0.1741535
0.6217219
0.8491457
1.417334
0.843678
-0.1771116
0.2928202
0.5718125
1.994049
1.44797
-0.7593986
0.8365405
1.130052
-1.292429
-1.912696
0.7163737
2.011722
-0.9759508
-1.718741
-1.617401
0.9203525
0.8769695
-0.2883543
-0.3246154
-1.134885
-1.86224
-0.9575334
1.19126
0.5755801
-1.66182
-3.02387
-2.07794
-0.1052654
0.9322962
-0.6368905
-2.257456
0.7061036
3.00439
-0.6874605
-1.038801
-2.014093
-0.05820744
2.451805
-0.02391641
-0.2398074
1.129579
-0.1060736
1.126502
1.218002
1.120649
-4.10188
-0.451496
3.17816
-0.7650596
-0.2064735
0.0431938
-2.319585
-0.651875
2.854994
0.3338961
-0.4873793
-0.9435923
-1.90169
-0.06369659
2.232812
1.21966
-2.053657
0.1389764
2.5442
0.6648186
-0.07110193
-0.2302436
-0.002568572
1.507435
1.710578
-0.1943457
-1.765196
-0.533473
1.79377
0.7682472
-1.446213
0.3928379
2.160396
0.320721
-2.111098
-0.29367
-2.630333
-1.449579
1.890808
0.2004196
-1.119229
-2.122266
1.030801
0.5252416
-0.01874397
-3.398581
-1.387544
2.170695
0.9720465
-1.669781
-1.064193
0.9017621
2.442002
-0.6094369
-4.497279
0.6186737
1.104635
1.093989
-1.079772
-1.564681
-1.853903
1.266732
2.255365
-0.8222761
-3.429334
-0.9802489
2.623882
0.8529093
0.4327636
0.3442661
1.233949
1.262536
1.32602
0.9471629
-1.648244
0.4676507
3.072169
0.2442191
1.767758
-0.9319338
-2.796043
2.703295
-0.3463012
1.060612
-3.456911
-1.493243
1.805601
0.9608159
-1.171475
0.3992718
2.011381
0.5726593
0.3456737
0.08154242
0.694801
-1.640865
-0.991897
2.742026
0.3492145
-1.120713
1.221375
1.390296
1.418317
-1.212383
0.9058705
2.095873
0.6861324
0.149056
-0.7940559
-1.361205
0.511005
-3.6834
-1.217161
2.992381
0.5509225
0.4276581
-0.01402465
-1.210254
1.249446
2.568123
0.7188171
-2.934603
-1.178445
3.315803
-1.466201
-1.502724
2.044796
1.290781
-0.5580317
-0.9110051
-0.8189241
0.02795197
1.725656
0.2598457
-0.1756656
1.162279
-0.3865073
-1.726112
-0.391397
0.942651
-0.8668576
0.2009126
1.586696
-3.061282
-2.453366
0.07455131
1.883736
-0.6104367
-0.3695991
0.360457
-1.978305
-2.156601
-0.8113536
1.731701
0.1773129
-0.7136165
0.5120699
-0.7317795
-0.4640404
1.722134
1.189937
-1.837516
-2.388628
1.211529
2.514091
-1.152668
-2.558154
-1.058737
-1.235548
-1.556442
1.806077
0.2710501
0.5519733
0.3500233
0.06940395
1.44449
-0.2209298
-3.871706
0.5765176
3.866599
-1.223395
-3.310036
-1.809424
2.124124
-0.6272542
-0.4619465
-1.658224
-3.172407
-0.3479199
1.904246
0.01213063
-1.396601
0.1450931
0.7042018
0.695699
-0.7837985
-2.052233
-0.492098
1.794311
-0.2750947
0.2843983
0.5725802
0.6638461
-2.61727
-1.011872
2.396258
0.4243086
-1.925119
1.953403
1.274436
0.04096242
0.4451717
1.979158
1.456144
-0.1462282
-0.6092857
-3.14409
0.03086245
2.499452
0.1937493
0.4575665
0.5610211
0.5551648
-1.210676
2.143111
-1.433611
-0.9006445
-3.063752
0.6152843
2.220391
0.5010709
-0.2471048
-1.313684
-2.673183
0.7317076
1.436189
-1.956655
-2.443838
2.309445
-0.06510073
-0.9318487
-0.9005098
1.490367
0.9813732
1.026434
0.3056063
-3.545943
-0.7627473
1.77548
0.672582
-0.5539686
-1.091385
1.601725
2.049938
1.273952
-2.44527
-0.5533579
3.07153
-0.1441399
0.932366
0.8418194
1.39638
0.1367234
-3.344407
-0.6414451
4.445068
-1.300832
-2.482031
-0.8957071
-0.007164064
1.050729
-2.008364
0.07034568
1.551258
-0.105782
-0.8071727
-0.6812223
-1.712293
0.4226761
-0.8019064
0.4120521
0.7871754
-0.9125307
-0.9403352
-2.00596
0.7439194
0.5913417
-0.1269664
-1.437741
-0.8850948
1.582229
0.7112383
-0.8324708
-0.1174058
0.7177922
2.767647
1.377037
-1.131089
-0.04487905
2.135289
1.826482
-4.449995
-1.177757
3.018535
0.7164592
-2.406277
-1.750107
3.091726
1.209905
0.4426305
1.477521
-0.5962393
-1.948329
-1.473755
1.072795
1.418267
-0.61045
0.5908833
1.463262
-0.9828468
-0.9336067
1.527361
-0.03176104
1.214725
-0.3695922
-1.830489
-0.2384343
1.295495
0.4221613
-1.025329
-1.36798
-0.1889413
1.129277
0.4824099
-0.6336716
0.4680123
0.507371
0.2709031
-2.83766
-0.7780805
-0.7730302
-0.8789965
-1.409205
-1.098915
-1.039802
-1.582566
-1.72189
-1.946152
1.22197
1.460898
0.2671139
1.267249
2.045887
-0.7799982
-0.4171394
1.061102
0.8167975
1.833483
0.7758381
0.1327972
-1.113508
0.241211
3.125929
-2.143885
-0.04777977
1.811628
0.3312508
0.6008823
0.217835
1.38792
0.5993454
-2.35848
0.1409373
2.273508
2.191722
-2.854645
-0.07145583
3.343941
-0.5775809
-4.46427
-1.895274
2.855932
0.776531
-0.4947738
-2.58465
0.2368647
2.16974
-0.235605
-3.687763
-0.6262617
2.228243
-0.4163006
-0.3596559
-0.3317422
-1.480495
0.04449213
1.080248
0.5795714
-0.7263135
-2.023757
-2.692759
0.4313131
3.069156
0.09857608
0.4071946
0.6792018
-1.275046
-0.5568196
0.6941996
0.462668
0.809649
0.5800189
-0.4494397
-0.4882798
1.745313
1.375212
-0.1717269
-0.6259446
-0.09344272
0.240021
1.71712
-0.813648
-3.048726
0.3535603
2.02643
0.9760733
-2.056298
-3.659178
-0.1112991
2.471058
0.9272616
