37.0326
36.36902
37.21979
37.1684
37.06302
37.20931
37.6022
37.74048
37.88214
37.32169
36.94654
37.56435
37.51523
37.58077
38.34658
37.56973
37.17751
36.52289
38.43235
36.63904
37.01439
38.84532
37.11841
37.13858
37.40899
38.10804
38.26069
37.83411
37.11828
37.92474
37.21679
38.36028
38.08391
37.51678
38.32227
38.3546
37.98127
37.65269
38.39493
37.03587
39.0844
37.94917
38.08118
37.67088
37.90362
39.11662
37.81206
37.66346
37.22939
37.91215
37.81004
38.76556
38.83632
37.49814
37.04619
38.39283
38.70869
37.97073
36.81071
38.67952
40.10828
37.28452
38.21562
38.03204
36.69526
37.14996
38.40625
37.58358
37.45914
36.71865
37.07415
36.40488
37.35249
38.10862
37.36193
36.95075
37.83675
37.95971
37.32172
37.64689
36.8422
37.87534
36.73927
38.12538
39.26145
37.66377
37.24361
37.79165
38.18344
37.87536
36.44626
38.15757
37.5198
36.94472
36.90952
37.32948
37.92797
37.82901
37.18652
36.79681
37.79406
37.39397
37.90089
37.06876
39.1047
37.45424
37.17519
37.42009
38.72261
39.1783
37.15999
37.79745
38.35231
37.91715
37.79636
36.77327
37.53867
37.84729
37.21175
38.23495
39.54312
36.87415
38.35323
37.62969
37.16873
37.04713
36.58422
37.19763
36.77512
37.06718
37.35111
38.00206
37.48928
37.88163
37.63013
36.54555
36.60585
37.94421
37.79215
37.39521
37.65289
37.33604
37.35821
37.96667
37.91264
37.54795
37.83759
38.0799
38.06342
37.43929
36.93705
37.88937
37.60084
38.56169
37.34337
37.72758
38.36527
37.39996
37.08604
36.63461
37.42532
37.13518
36.85768
36.65261
37.21902
37.67034
36.45091
37.62903
36.48355
37.80187
38.77516
36.92158
39.14132
37.75351
36.96117
37.97722
38.23433
36.6955
37.28986
38.35361
38.67193
37.59041
39.31321
37.93969
37.7899
37.26102
38.15907
38.15884
37.91055
37.28279
37.31271
37.1955
37.83797
37.08308
37.57129
36.84271
37.66986
37.93243
37.28844
37.34223
37.06074
38.50549
37.87702
37.5595
36.51795
37.39293
37.6763
36.69
36.91034
38.1577
37.51387
36.37818
37.70644
38.59246
36.87077
36.14379
37.40291
36.88485
36.73008
36.77325
37.58746
36.58101
37.24354
36.95074
37.02874
37.55508
36.66908
36.741
37.26637
37.76419
36.61265
37.97353
37.25464
37.8974
37.00376
36.79784
37.11598
36.71185
36.77945
36.98038
36.81866
38.23128
37.06121
38.08733
36.82014
38.07885
38.35046
37.03266
37.19024
36.53169
37.67669
36.96577
36.96965
37.03857
36.57874
38.91825
37.26617
36.97871
36.55705
36.67345
37.99583
37.27885
37.35085
38.85809
37.29901
39.75127
36.4719
38.35063
36.03722
36.50943
36.13343
36.47985
37.04292
36.75425
36.73466
36.66088
37.3816
36.12044
36.17451
36.89041
36.71451
37.31292
36.43163
36.67465
35.98407
36.5358
36.61371
37.07973
37.46801
37.06695
36.27473
36.76981
36.60063
37.27797
37.10316
36.88993
36.5364
36.64734
37.11433
37.35582
37.89537
36.60781
37.86457
37.28308
36.77346
36.44773
38.46915
36.43489
37.78897
37.2643
36.9543
35.76126
37.35422
35.87817
37.21128
36.21134
37.09035
36.07674
37.27517
37.0667
35.8583
36.84289
36.93608
36.97881
36.95658
37.18075
37.13433
38.83033
36.78765
37.40881
37.7591
36.95897
36.88994
37.47991
37.08055
36.89513
36.69727
36.29016
37.28857
36.55676
36.159
36.86477
35.88152
37.29728
36.54467
36.5461
35.90491
37.24486
36.91975
36.10224
37.67295
37.27352
36.67083
37.44994
36.41178
37.62227
36.40966
37.06866
37.15911
36.73101
36.7633
37.32856
35.97757
39.00204
37.12368
37.03682
37.5181
37.9696
37.2425
37.06637
37.57793
37.51048
36.40458
36.98623
36.62872
36.75042
36.71547
36.35433
36.94382
37.04267
36.39056
37.25228
37.1052
37.35881
37.50591
37.88544
36.6855
36.64229
37.59645
37.1913
37.44286
37.25774
37.16716
36.26836
35.93402
36.43234
36.29827
37.98293
36.41745
36.79532
37.00393
38.14383
37.93449
36.75705
37.37648
36.86371
36.23152
36.95988
40.00892
41.74635
39.31385
38.54161
39.30367
37.8531
39.14396
39.32582
37.73709
39.37767
39.19442
37.6193
37.91927
37.55237
38.84849
38.36826
39.20953
38.26581
37.8951
38.39391
38.28351
39.52757
39.04157
38.48775
38.45929
38.03698
38.23603
38.91256
38.44231
38.14346
37.93166
37.42699
37.6107
38.35091
38.01848
37.66348
37.84948
37.96393
37.13049
38.06055
36.75705
38.6203
37.03506
38.70806
37.73173
37.21483
37.86822
37.51371
37.67831
38.48014
37.77543
38.62824
36.75927
37.74991
38.11124
37.67204
36.9576
36.55764
37.14049
37.3475
36.48539
37.13684
37.18948
36.9568
37.00837
37.29732
37.58398
38.23429
37.51668
38.10543
37.63443
37.28705
38.96368
36.89154
38.53363
37.57205
38.25501
37.42595
37.79288
38.13161
36.54633
38.23528
37.97514
39.12637
38.96999
37.53198
37.27535
37.77153
37.32586
36.98929
37.54964
37.48523
37.37794
37.88073
37.17088
37.73895
38.34172
38.85089
37.49596
37.2749
37.66809
37.60023
37.40608
37.41985
37.10968
36.88518
37.47689
36.76633
36.25962
37.03593
38.0131
37.42237
37.02346
38.22128
36.90836
36.43319
37.71553
37.47696
36.15539
36.56363
37.204
36.96024
37.59913
36.68708
37.91226
37.40928
36.56749
37.53839
37.35668
38.30455
38.11771
36.85258
37.44886
37.48452
36.68744
37.39502
37.9034
36.36434
37.50966
37.10153
37.11208
37.33045
37.88778
36.96579
36.61939
37.13633
37.14635
37.51824
37.6353
38.4694
37.47009
38.68561
38.14658
38.07215
38.04736
38.26834
38.6146
39.27445
37.84664
38.52702
38.20446
37.36946
37.59146
37.85722
38.57439
37.76642
37.74062
37.97569
38.07269
37.70375
38.08837
37.327
38.02141
37.4324
37.97047
37.17337
37.32602
38.54475
37.9466
38.32463
37.8088
38.70753
38.74861
38.27648
38.04153
37.50761
37.66833
36.79748
37.17519
37.36244
37.89571
38.3236
37.15712
37.38531
39.45005
37.97558
38.44748
38.79584
37.51362
37.89086
38.44694
38.79802
38.84075
36.67142
38.11779
37.36361
37.62143
37.93353
37.52488
37.53677
38.93615
37.73898
37.49464
38.2407
37.23856
37.96173
36.9642
37.75086
38.21093
37.59152
37.30728
37.89917
38.1037
38.23992
37.9949
37.78421
38.58129
38.23499
38.07515
38.42056
37.51406
38.63831
37.65659
37.62084
37.65314
37.80262
38.09308
38.77858
38.43615
38.67088
37.65725
38.18504
37.05938
36.5453
37.47064
36.96909
38.07914
37.13564
37.78174
36.78117
37.74894
37.94539
37.42194
37.26892
37.50015
36.5844
36.62367
36.43531
37.38013
36.65863
37.29656
37.43984
36.38281
37.21374
36.61811
37.33276
36.33918
37.28082
36.93258
37.61497
36.2742
36.92725
37.11936
37.36399
37.56345
37.19443
37.70973
36.41624
36.39027
36.62789
37.01583
37.54434
38.18209
36.31542
37.94017
36.91541
37.31551
36.86661
37.25515
37.22644
38.14646
37.56664
36.73034
37.47881
37.16056
39.09886
36.91701
36.23824
36.86987
37.25799
36.22253
36.74408
37.19664
37.55128
37.90994
37.59279
37.63895
37.7393
37.79592
37.16349
36.80657
38.16896
37.30729
37.72393
38.12075
37.5307
37.54308
37.38821
37.17871
37.5646
36.24047
37.15892
36.8077
36.15867
36.43322
36.82571
37.32679
38.58625
36.67616
36.41056
36.36164
36.38244
36.12871
36.2291
37.30524
37.79164
36.92354
36.13468
37.51696
38.04192
38.05415
35.59878
39.05908
38.65822
37.33641
37.87109
37.8586
37.77608
37.21539
38.02533
38.69896
38.08268
37.8263
37.56562
37.24656
38.10308
37.36604
38.05762
37.48402
37.58945
38.13814
37.62197
37.67479
37.80873
37.82419
37.79226
38.13033
36.79959
36.97523
37.31176
38.09775
37.71601
37.18075
37.5222
36.3979
38.50388
37.50133
37.37057
38.70195
37.38185
36.63831
37.76316
37.78351
39.382
39.80285
37.91868
38.34986
38.40593
38.00583
38.07747
37.52747
39.00579
38.08979
37.81006
36.85054
38.3617
36.83916
37.25901
36.9589
36.9785
37.92544
36.97956
37.76788
37.56119
37.76936
37.07698
37.42923
36.99552
38.57737
37.53235
37.82367
37.72356
37.75845
37.74478
38.00411
38.47491
38.8093
37.87587
39.85971
38.15914
37.47688
38.19204
37.14826
38.58626
37.58912
37.51016
38.6671
38.25909
36.89964
37.27868
37.54416
36.94005
37.47552
38.4549
37.25053
37.764
37.67765
38.03914
37.45716
37.47569
37.47369
37.97567
37.67792
37.77559
38.87511
37.89354
37.80703
37.62296
37.09689
37.8556
37.22136
37.5614
38.45481
37.13712
38.09631
37.19797
36.94238
36.65736
36.91363
37.16133
37.3946
39.09826
39.539
37.43925
37.41132
37.46652
37.32513
37.19415
36.84145
36.88129
37.19971
37.5485
37.27513
36.90951
37.23355
37.49126
37.0998
37.29388
36.61108
37.23312
36.43569
36.65808
36.47245
36.55042
37.90512
38.32731
36.45618
36.81318
37.4474
37.37954
36.55516
37.53046
37.95595
37.30425
37.60017
37.03646
36.14971
37.32345
37.39237
38.32214
36.69715
37.22309
37.46268
38.04104
42.10065
40.0627
38.50007
38.77006
37.89851
39.71043
36.94683
37.81519
38.16808
37.57849
37.48418
36.79029
36.86352
36.81318
37.12765
37.59628
37.91647
37.81449
37.14589
37.09327
36.44648
37.11347
37.14577
36.56507
37.36047
37.40884
36.82597
37.18544
37.38684
36.57958
37.73064
36.69061
37.47639
38.58817
36.85148
36.92393
37.14254
37.72894
36.70237
37.07707
37.06199
36.74902
36.80721
36.04518
37.69909
37.55295
37.81932
37.841
37.27028
38.77442
37.84134
37.37322
37.60407
38.29912
42.11171
38.95791
37.59217
37.65089
37.36052
38.17448
37.7117
38.21048
37.92007
37.66168
36.45131
36.84352
37.47293
36.84374
37.82653
37.30319
37.70525
36.84061
36.80941
38.48249
38.29592
37.1545
37.70472
37.9788
37.4433
38.23604
37.01667
36.60292
37.24468
36.09517
36.44366
36.97914
35.75838
36.89551
