 0
3.209309
4.848621
4.044216
3.742931
4.112427
3.809872
3.231236
3.652733
4.444138
3.881859
4.590038
4.810066
4.954632
4.184334
4.085331
3.103729
4.69915
4.220188
4.334053
4.638195
3.406368
5.164726
4.48978
4.481667
4.24926
4.273411
3.948418
4.765896
4.496422
3.848621
4.099724
4.426979
4.79578
4.646263
4.463684
3.225079
3.322414
4.195152
4.614742
4.815731
5.651894
4.867874
4.353691
4.360413
3.952984
3.001541
3.321606
4.416073
4.667034
4.130371
4.318981
3.089138
3.668789
4.213268
4.727993
5.232433
4.049915
3.806751
3.713234
3.443092
4.451859
4.207371
4.12133
4.546429
4.517975
4.333527
4.126846
4.403885
4.534672
3.552258
4.085716
3.647701
4.363777
4.570923
4.303509
4.656742
4.021389
4.37088
3.63887
3.577747
4.215508
4.03524
3.481647
4.483356
3.184311
4.667717
2.984924
4.090092
4.654953
3.522629
3.746365
4.744698
4.64883
3.81599
3.904091
4.817009
3.836082
5.761673
3.33849
2.793159
4.374882
4.271431
4.629177
5.403595
4.612827
4.307785
4.125744
3.797779
2.843201
4.793335
4.289959
4.595165
3.673553
4.674023
4.349869
4.776249
5.495911
4.664246
3.222683
3.346584
3.269772
4.677902
4.647743
4.887409
4.93578
4.350845
4.29739
4.936489
4.602112
4.278206
5.340611
4.638889
4.137028
4.158009
4.372318
4.046738
4.695885
4.708267
3.426819
4.155022
3.580021
4.957981
5.653332
3.356846
3.428257
3.355789
5.215534
4.388466
5.409626
4.758865
3.518909
4.637096
4.378128
3.901161
3.439037
4.595032
4.490814
3.881119
4.696117
4.871525
4.09671
4.189167
4.669727
4.557209
4.059338
3.774841
3.914043
4.752892
4.407269
4.522503
4.562366
4.851738
4.441326
3.159748
4.190208
5.136391
3.880154
4.79847
5.097179
3.929581
3.875317
3.605808
3.971748
5.249599
4.246826
3.423325
4.403072
5.159012
4.481117
5.164028
4.056602
3.525928
3.527832
5.016537
4.503868
4.624664
3.990772
4.751431
4.463875
4.380543
4.458546
3.510242
4.042961
3.89193
4.57243
4.996525
4.597965
4.627888
4.923157
4.734264
3.449093
4.582912
4.76226
4.377644
4.225559
4.674778
3.557072
3.947205
4.522598
4.6231
4.790665
4.44072
3.739857
4.500916
3.333584
4.774017
5.544136
3.812176
4.819817
4.611057
4.529598
4.677197
3.470219
4.642502
4.953842
4.884903
4.254326
3.894196
4.517349
4.515167
5.259125
5.14159
4.662212
4.4035
4.267086
4.174728
4.674709
3.921623
2.828339
5.251534
4.183201
3.480415
4.487064
5.314678
4.262299
4.717827
5.086178
4.645668
4.104897
3.31683
3.965225
4.066528
5.04649
4.699841
2.7094
4.633911
4.121571
4.869228
5.153362
4.030128
3.998421
4.064541
4.424507
4.829235
4.272743
4.517345
4.723404
4.572662
4.270584
5.345554
5.09116
4.63871
4.118076
4.803139
4.264473
3.2076
4.767471
4.439091
4.389095
5.074924
4.282436
4.195797
4.298199
4.157131
3.09333
4.425629
4.872871
4.617397
4.737698
5.283726
4.287552
3.036068
4.225163
4.163837
4.287235
4.987408
4.181595
3.195225
4.137268
4.204739
4.916298
4.596012
3.856789
2.838264
4.68774
4.671322
4.469589
4.591213
4.76413
2.98098
4.439991
4.456059
4.834557
4.135723
4.210388
3.629025
3.737537
3.620579
3.860355
4.292427
4.152637
5.118828
4.64109
4.405846
4.501968
3.998756
4.152882
4.328983
5.20433
4.053936
3.529133
5.079651
3.559662
4.968174
4.829929
3.63821
3.963978
4.182205
4.365818
5.25745
3.61488
4.578934
5.305965
4.275764
2.714527
4.660042
4.756855
4.822941
5.035355
4.208801
3.647987
3.945412
3.914509
3.204479
4.161114
4.43858
4.204372
4.704098
3.205257
4.108475
4.541054
5.361633
5.598316
4.424774
3.976582
4.394634
3.471878
3.96043
4.004482
3.404911
4.045506
4.278069
4.523827
5.539516
4.515011
4.266571
3.692532
4.235538
3.290092
4.642208
4.379345
4.436535
4.527817
4.425774
4.771847
3.487305
3.689175
4.524448
4.57373
4.266396
3.88282
4.419289
4.006287
5.584286
5.376774
4.159428
5.082134
1.091183
0.2211037
3.701145
3.603115
4.439167
4.650364
5.039284
4.767357
4.720325
3.889748
3.291988
4.572319
4.829563
5.026604
3.758244
5.303417
4.472237
2.560184
3.517288
3.967297
5.30788
4.456089
5.184143
5.516941
5.500999
3.928974
3.888798
3.215576
4.741989
4.444557
4.673618
5.229843
4.72905
4.555416
5.032063
3.868179
4.826283
4.572021
4.895824
5.166348
4.513321
3.576042
4.600903
4.196777
4.605167
4.801956
4.671551
5.340569
5.125538
4.283264
4.61282
4.21529
5.010571
5.180191
4.148689
3.730267
3.695965
3.133327
4.832138
4.070869
5.035069
5.178616
4.39286
4.585209
4.743954
4.50539
4.190968
4.073517
4.501747
4.300884
2.986267
4.844101
3.415874
4.691338
4.472775
4.012714
4.308079
4.232716
3.375492
4.995583
4.838112
4.306934
4.805035
3.499653
3.352028
4.153522
4.745155
4.267628
4.973686
4.434048
4.264324
4.324036
2.940884
4.552181
3.9697
4.452324
5.028328
2.991531
4.216873
4.620392
4.030479
4.944687
4.157249
4.132805
2.651924
3.97501
4.658379
4.789776
5.706093
4.829308
4.588791
4.14925
4.108189
4.098408
5.195206
4.277294
4.543148
5.447998
4.839844
3.862968
4.262367
4.187576
3.856567
4.546543
4.328587
4.875576
4.953033
4.35606
3.803883
3.843521
4.349178
4.361584
4.630074
5.240158
3.856895
3.031048
4.248974
4.246246
4.469921
5.020317
4.708321
4.445087
4.48661
3.520664
3.439461
4.442276
4.177254
5.005108
3.977112
4.912777
3.919014
4.978546
3.458324
4.5317
4.209042
5.173485
4.982029
2.937805
3.919003
4.211018
4.43655
4.758385
5.057339
4.446663
3.959698
4.300034
3.650162
3.592121
5.114407
4.24905
3.728283
4.608391
4.971943
3.708359
4.652008
4.668152
5.03175
4.757812
2.876629
4.162006
4.89415
5.161694
5.198807
4.998127
4.625515
3.932869
3.81879
4.730507
5.114128
4.926544
5.397003
4.042976
2.90073
5.213211
2.34671
2.448364
5.295177
4.941647
3.507233
4.725758
3.858814
4.154633
4.346607
4.374519
3.84465
4.900238
4.596813
4.781395
4.901505
3.729687
5.066765
4.614452
4.61993
3.804211
4.554348
5.103573
4.27795
4.637772
4.156311
4.010414
3.306747
4.425598
3.948185
4.36541
4.542877
4.89183
4.130161
4.252819
4.713062
5.170433
4.80418
4.883106
5.078964
4.472168
4.260307
4.130924
4.232071
5.159859
4.274162
3.52285
4.563515
4.102058
5.177631
4.587864
5.087063
4.214344
4.130611
4.475758
3.171368
5.606075
4.919788
4.370869
5.867466
5.066898
3.343781
4.764336
5.187405
4.792374
4.925678
4.074356
4.678825
4.826653
5.313763
4.423473
4.662697
4.79977
5.151569
4.297562
4.892887
4.581791
4.298901
4.971897
5.067417
4.261311
5.256046
4.692085
3.869537
4.553787
4.18261
4.26152
3.956993
4.190769
5.260448
4.526207
3.266838
3.29705
4.564106
4.576553
5.515167
5.615818
4.351635
4.418209
4.535149
4.135139
4.614243
4.405106
5.282063
3.693233
4.193703
5.059505
4.173149
4.619038
4.584045
4.615524
3.950607
3.692631
3.208519
3.494164
5.267803
4.82169
4.57827
4.455425
4.685802
4.402744
5.130985
4.6968
4.304756
4.628342
3.336643
3.555965
4.700096
4.494244
4.346458
3.777893
4.418316
4.53252
4.216255
3.54985
4.604721
4.395889
4.499718
3.739468
5.430077
3.809822
4.938522
4.27589
3.622925
5.052528
4.120422
5.40591
4.58342
4.341148
3.559368
3.073154
3.179672
5.656223
4.723927
4.78936
4.379177
4.403748
3.701294
4.093643
4.222252
4.162243
4.055351
5.02763
4.770538
4.388718
5.109146
4.028191
4.756481
3.996593
4.82016
4.43351
4.682018
3.457939
4.599674
4.737495
4.749554
5.038006
4.216255
4.560577
4.718311
4.70657
4.679256
3.967945
3.541805
4.085236
4.714245
4.508221
3.960403
3.734928
5.130199
3.814903
4.33884
4.530586
4.042286
4.30191
4.33651
4.747543
4.882889
4.76004
4.670948
5.322968
4.381851
4.492691
3.948589
4.350674
3.990887
5.144497
4.47596
5.339851
4.14473
2.980305
4.878662
4.09882
4.574646
5.564873
5.376514
4.296795
4.776928
4.155365
4.002918
4.421906
4.121902
4.389622
4.638084
4.748653
4.384762
4.264969
4.009151
5.15163
5.033344
4.687054
4.402771
3.758633
4.570133
4.903458
4.970299
5.145157
4.49147
4.131081
4.451237
4.229465
4.517914
3.212074
3.343819
4.364742
4.118462
5.143826
4.541504
5.343285
4.705215
3.693108
3.884853
4.960007
4.148312
3.687622
4.539448
5.140926
4.665913
5.460918
4.944767
3.789551
3.513283
4.288731
4.265503
5.459473
4.061256
4.964481
4.025543
4.274223
3.736526
4.496719
4.182301
4.228199
5.82996
4.257988
4.166588
4.804668
3.991684
4.29834
4.608624
4.405319
5.4618
4.903187
5.133751
4.114662
4.894932
4.721539
3.940636
3.446724
4.868298
4.566067
4.957306
4.458675
5.512318
5.366428
3.891239
3.724892
5.340679
4.283257
4.768364
5.352596
4.988632
3.709438
4.340137
4.269672
3.802704
3.762032
4.717537
4.613297
5.143841
3.780857
3.273045
4.027847
4.137836
4.712791
4.730549
3.84129
3.908638
4.740543
4.614941
5.07703
4.80172
4.156773
4.948971
4.35582
5.160126
5.014832
4.304924
2.998295
4.220577
4.284836
4.874233
5.333321
4.720955
4.182281
5.742725
4.905884
5.596069
5.83366
5.125706
5.016315
4.280704
5.003513
4.395012
5.028522
4.485394
4.978443
4.226112
4.152813
5.349571
4.732967
5.078747
4.698803
3.597702
3.725613
5.320797
4.300568
4.749527
3.68251
2.772438
4.334774
4.55658
5.183556
5.215454
2.431187
1.50375
3.816895
3.92429
5.340214
5.783337
5.850723
3.971294
5.256721
4.695908
5.543087
3.865646
5.27335
5.276585
5.125889
5.797428
4.832726
4.509094
2.84425
4.72208
4.173538
4.527538
4.125893
5.347157
3.654537
5.144791
3.455853
5.918804
5.107849
5.737492
5.47789
5.450459
4.314529
4.99609
6.024769
