 0
-0.6141466
0.4024825
1.176101
-0.4088333
0.8569024
-0.428871
-0.6556174
0.5951391
1.326922
0.1237551
0.2490456
-0.1899325
-0.6680822
-0.337273
0.9950829
-0.7090607
1.395892
0.4227813
-0.385185
1.632401
0.2860379
0.08837461
-0.1048823
0.002030611
-0.4639677
0.3606926
0.4604419
-0.001875639
0.2484756
-0.320327
-0.2070349
0.458428
-0.06414428
1.481378
1.017897
-0.1387663
-0.2313973
-0.3499276
0.4688141
1.008042
-0.01416284
0.0733254
-0.2573874
0.8531634
-0.4102096
-0.06293344
-0.06236827
0.1991997
-0.6924089
-0.18814
1.402222
0.9737476
1.275692
-1.61162
0.5310326
0.3479343
-1.397053
0.3066409
-0.4547282
-0.5770192
0.971818
-0.1721811
0.3019148
0.1984799
0.04066575
0.5936188
0.7186238
-0.2892132
1.411593
-0.6388831
-0.6870169
0.7111204
0.7293923
-0.3115038
0.4057335
0.7978429
-0.1683273
-0.375345
-0.01495397
-1.1846
-0.1988204
-0.1351503
-0.5117209
0.3135234
0.5811059
0.1726236
0.7852722
0.6598065
-0.3675863
0.882753
0.2776123
-0.4501464
0.9676709
1.756462
-0.8397147
0.2021103
-0.5106205
-0.505188
0.3823904
0.2966235
-0.3263903
-0.9117114
-0.7805637
0.4155449
0.4025156
0.5156027
1.746988
-0.6666199
0.01168621
0.1252491
-0.2493038
-0.08954692
0.2645183
-0.02344191
0.2827278
-0.03474522
-0.2172674
1.950553
0.3293898
-0.7006015
0.447673
-1.096343
-1.359441
0.3390689
1.252503
-0.06172568
0.4702711
-0.7881355
-1.016789
-0.331629
0.1472098
-0.3485892
0.05249083
-0.5707245
-0.1975518
0.992368
0.3289602
-0.4245588
0.3159317
0.1856987
0.1335187
-0.1320851
-1.097567
-0.720264
-0.5144217
0.9388363
-0.008568287
-0.326492
0.5532682
-0.4542958
0.1412344
1.406284
0.6505255
-0.5529037
0.1700895
-0.3856612
0.5944912
0.005784363
-0.752795
-0.3107797
-1.073532
-0.6447095
0.5559571
0.1105849
-0.009981796
0.07596469
-0.05044264
-0.2570127
1.106542
-0.7628319
0.01497436
0.46488
-0.7721618
-0.2749789
-0.1928139
-0.3987923
-0.5489702
-0.2280927
0.4599143
0.4148471
0.18641
-0.3890415
-0.3981561
-0.1160787
-0.3823403
0.06192482
-0.7919495
1.402654
0.175056
0.06597495
-0.5784776
-0.3847257
1.005859
-0.5000384
-0.1537004
-0.2135591
-0.7263896
1.173288
-0.9639243
0.3776705
-0.2313418
-0.2032734
-0.1266823
0.0974195
-0.314245
-0.7504821
1.163831
0.3482094
0.4135347
-0.3722864
0.7009084
-0.2858927
-0.576052
0.4431752
-0.8407071
0.1705499
-0.4015131
0.2703338
-0.509277
-0.008696735
0.2455196
0.5111881
-0.02006787
-0.92133
0.4321289
-0.140797
-0.1916579
0.103147
0.3515835
0.493159
-0.6040832
0.2743635
0.8150194
-0.5300649
0.06179637
-0.08399434
-0.6545326
-0.1269632
0.2198569
-0.03070199
0.3510867
0.318337
-0.3531116
0.2052041
0.5740035
-0.3012886
-0.6537453
0.3247803
-0.2690239
-0.8733959
0.1761845
0.9875372
0.140393
-1.012157
-0.2694454
0.5603729
0.09735721
-0.427918
0.2457837
-0.1071692
0.6690693
-0.2954129
-0.6183832
-0.2357684
-0.4356733
0.3914647
0.1834329
0.212791
0.1049294
-0.761693
-0.3462275
0.08704758
-0.670472
0.1587837
0.1732606
0.9409361
0.1511223
0.1761076
-0.7449212
-1.481614
0.23949
1.209477
0.4887316
-0.7589639
-0.2164907
-0.7405947
-0.7021167
-0.1574425
-0.3939696
0.1429954
0.6641353
1.765501
-0.2087141
-1.01412
-0.3056542
0.02155173
-1.193633
0.1210707
0.02725565
0.1347804
0.07489347
0.6185045
0.9282508
0.09454091
-0.450361
-0.3845689
0.1157594
0.1210725
-0.07345569
-0.1265532
-0.04824233
-0.661049
0.3439167
-1.056182
-0.6282276
0.7026594
0.1152402
0.3756459
-0.6030723
0.4016539
0.02522582
0.1119329
-0.005058721
-0.1552311
1.530303
-0.09519491
0.858283
0.4925595
-0.6688364
0.2666169
1.604956
0.1236767
-0.5383886
-0.8205056
0.02239496
0.1348159
0.05593872
0.7912042
0.1076133
-0.4298635
-0.2670045
-0.08368772
-0.3386955
0.009685814
0.9955892
-0.3634053
0.3325379
-0.08614437
0.05263364
-0.4020123
-0.5504225
-0.2145433
0.02734649
0.4001789
-0.2768637
-0.3047725
-0.3040392
-0.03086764
0.02755058
1.127489
-0.1522779
-0.3581747
0.401473
0.9437265
-0.3566493
0.1899326
0.854065
-1.319926
-0.3753983
-0.2298092
0.2360718
-0.169734
-0.9995112
0.4568528
-0.4790905
0.2525601
-0.462834
-0.5389016
0.8457065
0.3055768
-0.6289281
0.4359839
0.01983777
-0.809378
0.3401054
0.1820362
0.3833724
-0.472065
-0.6706775
-0.633538
-0.2461679
1.323377
0.08838391
-0.9388055
0.8682381
0.07966208
0.1080084
-0.1745634
-0.2791136
-0.4559696
0.578335
-0.2855511
0.4029732
0.6167899
-0.5891346
-0.09337616
0.4829993
1.598169
4.165255
2.357776
-0.1745986
0.5425748
-0.8511367
-0.7097016
-1.124524
-0.4657722
-0.7148294
1.07464
0.02970982
-0.2586401
0.1222379
-0.6066614
-0.9713405
1.415833
0.7258757
0.8991165
-1.407617
-0.4501476
-0.3006058
0.3664385
-0.1142752
0.5672394
-0.6354408
0.873013
0.2781157
-0.4491385
1.796442
-0.009124756
-0.3159363
-0.7132576
-1.574146
-0.1798778
0.9586298
-0.3946123
-1.305328
-0.355469
-0.151772
0.6288077
0.3498068
-0.2034321
-0.6483879
-0.2729926
-0.7554716
-0.6731336
-0.08962631
-0.731692
0.09764004
0.2127205
-0.6102308
-0.2675653
-0.8138965
-0.6405367
-0.3433711
0.5229439
0.3112112
0.2336853
-0.02764249
-0.3850362
-0.2018906
-0.3799386
-0.1947386
0.4054343
-0.1365406
-0.09588194
-0.1496875
-0.9827478
0.6949711
-0.01877716
0.6855067
0.8632858
-1.075936
0.02149773
0.2884484
0.04646122
0.4412627
1.603255
-0.5539139
-1.076746
-0.001863539
-0.7893686
1.211326
0.5461535
0.721905
0.05345082
0.5400498
1.675261
0.1975018
0.1501002
-0.2418531
-0.9960787
0.8714844
1.173659
-0.5046395
-0.2386488
-0.1954049
-0.5869004
-0.2289588
-0.01039994
0.4168646
0.6384823
0.231768
-0.03478217
-0.3184332
-1.203905
-0.5654393
-0.2635413
0.3731281
0.4814131
0.29373
-0.4546882
0.5509958
-0.530147
0.464596
-0.02680707
0.02004147
-0.01383781
-1.156492
-0.5766384
0.4563128
1.162297
1.81795
-0.597564
-0.8500918
-0.7097303
-0.5483643
0.3964532
0.0343715
-0.4272406
0.4620987
-0.6785381
-0.5409095
0.5378432
0.5459354
-0.3366673
0.2394706
0.2775364
-0.2197233
-0.4958925
0.5051429
0.1512509
1.378158
-0.4007727
0.3176548
0.5263761
-1.069422
-0.1601368
1.658779
-0.1165617
0.2162733
-0.2260308
-0.1905922
0.2384441
-0.009897083
0.2758911
-0.03034854
-0.60777
0.09682441
0.03189635
-0.02004695
-1.066161
-0.6003903
0.6808919
0.8846477
-0.5052795
-0.7770447
-0.3534434
1.663732
-0.7777733
-0.2433441
-0.193064
-0.5855238
0.5290047
-0.0402748
-0.5147347
-0.2641654
0.3710768
0.371004
0.1337786
0.5986505
-0.2213981
-0.6295576
-0.3015962
-0.3141189
-0.6902586
0.1281156
0.2730322
0.0971272
-0.1319336
-0.468824
-0.2373153
0.1778654
1.663056
2.59954
0.7714723
0.0549264
-0.016221
-1.203263
0.2161153
0.6091025
-0.1092154
1.881303
0.51421
-0.401914
0.2122416
-0.3829162
-1.065161
0.7292584
1.178921
0.9801483
-1.08796
0.1392436
-0.6237618
-1.034217
1.408569
-0.0431509
-0.5470736
0.6365709
-0.8770537
-0.9272015
0.4423848
-0.319622
-0.9113731
-0.004731178
-0.09996492
0.296023
-0.1712074
0.5701684
-0.4125814
0.2482893
0.8092284
-0.7318761
0.549165
-0.07404649
-0.956485
-0.09922421
-0.08708733
0.2875552
-1.213652
0.5042243
-0.1328658
-0.1059216
-1.257527
1.340646
-0.03233749
-0.9295187
0.8134075
-1.684778
-1.515452
0.3468043
0.3447244
0.4283576
-0.3123168
0.0356369
-0.6384344
-0.5440555
0.4792265
-0.209067
-0.8785765
-0.4760264
-0.5223927
0.9318302
-0.9667923
-0.06546569
-0.4024472
-0.9447234
1.048681
0.6882415
-0.9995394
-0.8408122
-0.7717754
-0.2356379
-0.2823121
0.5377359
0.2429659
-0.5302495
-0.3237119
-0.504082
-0.8528151
-0.1700537
0.2604636
0.08961746
-0.1939749
-0.006140441
-0.1724396
-0.2077175
0.4540074
0.6278893
-0.520106
1.071519
0.2891616
-0.7256457
0.1307373
-0.5892545
-1.3392
0.1471996
1.36728
0.1757178
0.5442631
-0.2169317
-0.5023674
0.7355016
-0.9503193
-1.026917
-0.5156151
1.277231
0.6879275
-0.6179382
-0.5936902
-0.1486864
-0.1601211
0.9595183
-0.4860388
0.06089556
-0.8601523
-1.192835
-0.228992
0.197708
-0.1825766
0.003711075
-0.1381884
0.1995355
-0.6815202
0.4380507
1.437041
0.5530839
-0.678445
-0.4340153
-0.3271475
0.5759847
0.2540572
-0.0141826
0.654179
0.4756219
0.03637969
0.1383646
-0.6592993
-0.4857848
0.142206
0.9874792
2.157293
0.1184759
-0.2825174
-0.1844457
-0.2826737
-0.3801376
0.1136562
0.7268285
1.159492
-0.3051721
-0.1962363
-0.2073581
0.08115172
-0.5465219
-0.4436964
0.9694078
-0.8167881
0.8950922
-0.3499
0.895225
0.07444513
-1.149122
-0.5874491
0.3141296
0.3781381
1.028408
0.03803575
-0.5087399
-0.9409434
0.08603311
-0.1605058
0.1431861
-0.547852
-0.5045919
-0.7253019
0.4629333
0.03791761
0.1751926
-0.5901452
-1.290974
-0.9056256
0.8693092
1.521526
0.04904479
-0.7563932
0.7200972
0.4182532
-0.9031583
0.4716427
-1.030381
-0.7621197
-0.01685648
-0.6581864
-0.2681428
0.1762747
0.1336684
-0.687261
0.5168501
0.1268134
0.5142632
-0.423642
-0.08293211
-0.9361134
-0.6331816
0.9525957
0.3574999
0.6271112
0.6690334
-0.8697889
-0.3437067
-0.5402827
-0.4300569
-0.5518533
0.5768222
0.07130063
0.3572379
1.170863
-0.1569331
0.6700445
-0.4801472
-0.4444551
-0.3913051
-0.740653
1.020131
-0.306591
0.04523993
-0.2018978
-0.9205463
0.2348708
0.4416115
-0.2763605
-1.297149
-0.07809988
0.5144401
1.316269
-0.3779054
0.02083254
0.3300239
-0.2267343
0.04854345
-0.379314
-0.2458268
-0.2094382
-0.2931284
0.4533532
0.1263292
0.4600598
1.411447
0.7540073
-0.8480818
-0.345303
-0.1948388
0.6359665
0.02924706
0.09362316
-1.007136
-1.568134
-0.3236934
0.1186023
0.2017474
1.914849
0.3116612
-1.394065
-0.6034287
-0.6276431
0.2263515
-0.5949948
-0.2410957
-0.4641517
1.724437
-0.3203182
-0.6148335
-0.2355732
-0.239207
-0.7150707
0.2177447
0.02235501
-0.4320678
-0.332593
0.967416
-1.129794
-0.143584
-0.2121136
-1.05576
-0.3372461
-0.5177833
-0.848623
-0.5381734
0.1312728
1.256666
0.3396225
-1.334496
-0.3736975
-0.3824182
-0.01104023
-0.7593536
-0.003875971
-0.07600131
-0.1623
-0.169793
1.187463
0.6065608
0.764774
1.420483
0.07627463
0.3297104
0.305868
-0.3374357
0.04933652
-0.01208875
-0.1882855
1.417557
-0.1356549
-0.7374722
0.1498199
-0.6037945
-1.148557
-0.2318258
0.6746552
1.281769
-0.7087201
-0.3259245
-0.7054822
-0.7761999
0.3694594
0.5236673
-0.7369859
1.072525
-0.9030268
-1.014429
0.5017099
0.7337387
-1.085428
-0.8051649
-1.194707
-1.087274
0.07552767
-0.2486256
-0.4990254
-0.5334271
0.7547623
0.1462408
-0.6802753
-0.6122088
-0.08335814
-0.08031529
-0.5666912
0.2068434
-0.9584653
-0.1066521
0.8699594
0.2950189
0.3412828
0.01025832
0.2547091
1.084439
1.445951
0.2887559
0.651116
-0.3075162
-0.9687302
-0.1698868
0.6027625
-0.140074
-0.389134
-0.6671794
-0.7405622
-1.023689
-0.3202348
-0.8273672
-0.2721691
-0.5511023
-0.0773266
1.424035
-0.2873124
0.9145756
-0.280012
-0.8329399
-0.4492921
0.02943353
-0.5976872
-0.7507277
0.9815675
-0.2300236
-0.3757033
-0.6497353
0.7414854
-1.255335
-0.09111691
-0.383078
