54.26065
55.02718
57.2706
58.54766
56.707
55.40182
55.88036
58.25874
55.75278
56.8808
57.41888
57.26951
55.38296
57.18875
58.72538
57.63168
54.96152
56.45057
58.99689
57.25506
55.76055
53.97524
57.26869
58.72124
56.59811
55.69427
56.88681
58.35411
56.58405
55.42817
56.17959
57.64341
58.41351
57.74455
56.848
58.07996
56.31533
56.14545
58.64357
58.65504
56.05865
54.59091
57.51833
58.65952
56.62817
53.67972
55.98454
59.03727
57.43542
55.21762
56.03866
58.49778
57.98768
56.04214
57.18108
58.73696
56.27023
56.59322
57.99341
57.25297
54.91292
56.1102
57.78466
57.99279
56.54873
56.08166
54.74416
54.74537
57.82892
58.63758
55.54664
55.48347
54.4081
57.44182
59.80439
56.82882
55.72545
56.52958
57.42701
56.88409
56.20296
57.55263
58.40418
56.89148
55.5369
56.33362
55.31831
57.52986
58.72075
56.26807
55.97195
55.29471
56.9123
58.41077
59.1991
57.30133
55.28678
57.53257
59.93691
57.57176
55.00053
56.14218
59.18242
57.30574
54.43922
55.88227
58.69985
56.57274
53.55793
57.35291
58.89407
56.0703
55.46528
57.75424
58.36757
56.68373
57.70338
58.12205
56.11681
57.92096
59.02449
56.43507
56.59558
55.6653
57.88356
58.08438
56.58454
55.94916
56.49062
58.06723
58.69927
57.06456
54.60839
57.34415
59.82916
58.15036
53.49743
56.77116
56.9387
58.71571
56.60349
56.41657
58.21419
58.18887
57.81845
57.10101
58.67425
57.07132
56.78924
56.49407
56.77467
58.22063
58.84652
56.73937
55.59694
55.8012
57.68618
58.20794
57.52699
57.25851
56.82132
57.28312
59.23212
56.22478
56.78004
57.43156
58.971
58.22914
57.2499
56.15718
56.52771
57.44379
58.06367
57.38148
55.05337
56.69631
59.57775
56.97287
53.3983
56.45472
58.62331
56.76997
55.81608
53.77594
55.02378
59.28047
58.86877
55.29831
56.16476
57.05671
58.2944
58.81203
56.09222
56.8474
58.4199
58.37405
56.80567
57.93104
57.99156
57.04008
57.88633
58.74928
55.59668
56.23378
59.03186
58.59077
56.21733
56.64938
56.69069
59.12741
58.42835
56.62207
56.96104
56.56156
57.64732
56.79001
58.61388
57.28327
55.15757
56.37132
58.83992
57.23479
55.45659
56.44657
56.21658
56.88945
57.27645
57.50103
56.95148
54.635
57.16665
59.33261
56.82694
54.80853
55.46586
57.79404
59.21014
56.95728
57.97376
57.89583
58.47949
57.8691
57.14346
56.78947
57.96833
57.59592
57.6007
56.64069
57.57572
58.0359
57.34805
56.73999
57.90924
55.33258
57.78935
59.11008
56.97773
56.70828
55.79965
55.93243
57.58168
60.31334
56.95316
56.50195
57.77504
59.32245
58.54055
58.12619
55.18792
58.54947
59.71327
56.74543
57.27084
58.4847
57.11372
56.01315
57.19154
58.20788
59.4137
56.16149
55.66739
57.87771
58.93071
57.83257
56.69264
58.68446
57.64254
58.02984
56.22949
57.03905
60.07859
57.33472
56.26712
55.83424
56.55795
57.75159
59.40918
56.53825
56.1296
57.01686
56.77911
57.36755
59.21317
58.30799
55.97781
57.24897
58.74637
58.272
56.91711
56.95899
57.61603
58.66998
57.32519
56.69263
55.32236
56.04811
56.55349
57.69884
58.63747
56.13763
57.70751
58.06834
59.07354
57.15762
57.87701
58.89643
57.99811
57.44543
57.49918
57.07216
57.01614
56.93817
55.48482
58.64162
59.92503
56.47442
56.13622
58.89514
56.69588
55.41262
57.79427
58.2691
55.87177
56.20674
56.97324
56.79534
57.27486
59.11744
57.85511
56.42738
56.38445
56.56141
57.05472
58.2328
57.87605
57.07943
57.7496
54.96408
57.0102
60.6396
57.26141
55.99675
58.81133
57.98415
54.69161
57.05884
58.80191
58.77546
56.63538
57.03199
57.394
58.53156
56.68972
56.71815
57.04549
58.81888
58.96482
56.86426
56.61418
57.68504
58.81779
55.88073
56.34406
57.96097
58.14534
57.76466
57.069
58.52718
57.98948
54.98948
58.28506
60.1903
57.74727
56.24153
56.79824
57.10619
58.56096
59.15501
56.09954
56.56953
56.66517
59.11359
58.9355
56.76291
56.06797
57.2628
58.29413
59.14058
58.15198
52.41322
54.28394
58.70926
56.28008
56.76323
54.5841
56.2761
59.17857
58.44876
56.51745
56.53471
57.70173
57.13844
58.18972
57.5266
56.13591
56.38799
58.36465
57.14521
57.43502
56.88253
57.47734
57.05899
57.6215
58.62454
55.84478
54.98072
59.03389
56.92875
56.80041
56.8109
57.97731
56.80505
56.79668
58.89461
58.33106
57.49917
56.67903
57.46519
57.23109
57.87247
59.85061
56.6137
56.11663
57.98785
59.05297
56.26363
56.94775
59.62481
58.07408
57.10487
58.40741
58.30652
57.3709
56.31205
57.22202
59.18068
58.10892
54.87772
56.45163
60.6242
57.94551
56.09633
54.96643
57.00562
59.565
57.59154
54.7584
56.53223
58.5214
56.53796
56.11684
58.51706
57.71733
57.75322
57.34858
58.00726
56.19684
57.00426
59.82976
58.75364
57.2724
56.45531
57.69515
56.01464
57.05961
60.46939
57.21424
57.1232
56.42365
55.66684
57.66995
60.11364
55.07785
56.22083
59.17662
56.53406
57.47478
58.62746
59.00925
57.6602
58.67122
57.75322
56.38627
57.22778
58.33177
58.96582
57.61659
56.24942
59.14092
60.00502
56.53117
53.7967
57.13091
57.98417
59.56812
56.39148
57.32925
57.30534
57.97842
57.79343
57.87371
58.19553
58.11081
57.42778
55.65758
57.50281
58.91082
58.37959
56.55909
55.8075
56.44955
58.44203
59.18223
56.80018
55.57388
55.76614
58.97136
57.22252
56.46549
57.91647
58.35821
57.41082
56.19326
57.34679
59.82152
58.72327
56.67266
56.41887
58.4886
58.89223
57.18902
57.31824
59.22991
58.28056
58.4593
57.94214
57.31599
56.58755
59.63435
57.74871
58.01599
57.91314
58.50155
57.18298
56.51262
58.11306
58.89405
58.13569
57.85381
57.27827
54.784
58.33535
60.66107
55.58712
57.39205
58.77846
56.854
57.56036
58.24952
58.40824
58.07915
56.07296
56.07785
59.59029
58.459
56.60659
57.2282
58.15423
58.58529
56.48168
58.65424
57.74202
57.84707
54.2898
56.21165
58.79401
57.33852
56.34464
57.48434
59.01075
58.06466
57.36535
56.94667
56.24047
58.46651
59.82214
57.424
56.39484
57.99937
58.60571
58.07273
57.6449
58.28473
58.28136
57.00354
56.75519
57.85367
59.24501
57.57818
56.21346
56.61142
58.15848
57.72994
57.46616
57.36309
57.0968
56.81329
58.06266
59.10163
56.72894
55.88031
56.5742
58.02641
58.76558
58.42505
56.9348
57.94705
58.3932
57.62313
56.03783
58.31882
59.40597
56.61758
57.11729
58.14496
57.48848
54.63912
57.52309
60.13417
58.00167
55.91124
56.98271
57.57631
57.20012
58.57707
57.1485
57.85086
57.95716
57.52201
58.36034
59.15971
55.58063
57.72503
59.96735
58.68673
57.88441
57.69189
58.61063
57.80698
58.38074
59.67101
56.2094
54.81722
58.2879
59.6798
57.82367
57.01597
57.72977
56.26741
58.68736
60.0723
56.75134
56.16723
57.06203
59.48447
58.94385
56.45871
57.636
57.81706
56.71613
55.42187
58.96852
60.10632
56.22081
53.38987
58.56768
59.43762
57.76215
56.64149
57.72615
57.70224
57.51534
59.03921
57.83579
54.82213
57.27665
58.8572
59.63519
56.6648
56.50425
56.31036
57.72015
59.96861
58.70572
55.73698
55.64252
57.94526
60.55865
57.86843
56.05953
56.9466
56.83689
57.1279
58.37066
58.64605
57.13355
55.90934
57.31475
58.89777
57.98236
57.31392
57.70064
57.92227
57.28877
58.08592
58.50321
57.45051
56.97482
57.87577
57.91088
57.90067
54.07014
56.7331
58.89195
56.67242
55.77599
57.33984
56.80965
56.12244
55.55168
57.82047
59.51504
56.99298
56.22177
57.55449
59.15521
58.02301
55.90968
57.56822
58.50835
55.72434
56.48933
58.94712
59.02379
56.4792
55.32315
58.0484
59.32366
57.3868
55.80261
57.40412
59.00009
57.72879
56.88113
57.36047
59.25734
58.15026
58.0032
56.72328
57.94305
58.14611
56.68856
54.75262
57.21074
58.25723
56.61748
55.986
57.6176
55.98375
57.29896
59.78614
58.07788
57.099
56.252
58.48678
59.14954
57.1897
57.46235
56.99752
58.25106
57.71038
58.0258
57.76107
58.21498
58.91021
55.86987
57.14804
59.95565
57.66239
57.66721
57.56205
57.14331
58.82507
58.66306
55.0257
57.08323
60.15984
57.39249
56.59932
56.86861
58.04802
58.32126
55.60791
55.40102
58.08168
59.66993
55.12975
55.91701
58.96301
57.98605
56.78837
56.73013
57.89968
56.8443
57.37174
58.01883
57.04676
56.49724
57.64195
60.41743
57.19548
56.24506
57.46472
56.30382
57.68826
59.05765
58.51487
57.542
56.7784
57.96777
57.65169
58.03527
56.40944
56.9177
59.00214
59.22
57.32553
57.27945
55.47332
58.2252
58.41201
57.09641
57.47237
57.55936
56.29138
57.78978
58.86045
57.52632
56.78279
58.02678
56.96761
58.93154
59.24961
58.94928
56.12004
55.3216
59.53399
59.52874
56.73657
56.15185
57.76687
57.4938
55.8662
57.66481
59.16659
56.44276
54.90062
57.43652
59.3571
57.02243
57.03732
57.06265
56.53845
58.44805
58.99079
54.23717
56.72062
59.46768
58.50026
55.5403
56.77344
59.9213
56.66689
54.63321
56.21494
58.4281
57.65073
56.58781
57.65938
59.3476
58.96114
56.79223
56.01811
57.79607
61.11045
57.58085
56.21861
56.96839
59.81552
58.00441
57.8133
56.89514
57.91944
56.61039
57.13166
59.65903
58.22643
57.16496
57.14327
54.99014
58.17132
60.29191
58.32691
56.06393
56.77311
59.70068
58.30182
56.48978
57.99796
58.83727
55.96741
57.55008
58.66654
57.55464
55.60318
56.68674
58.65345
57.80467
56.62563
58.65132
56.50789
56.08088
58.9547
57.83187
56.88876
56.31896
55.47275
57.73261
59.07837
55.65685
57.32875
58.65652
57.64931
56.44887
56.56068
59.31265
57.17595
57.45544
59.11608
57.52968
56.99531
56.92739
57.34803
59.47022
57.57578
56.49609
56.4911
56.34886
56.39044
58.28504
58.03806
57.22416
57.05166
59.79004
56.42412
58.70882
59.34771
58.53923
57.75178
57.5234
