39.76879
39.89958
39.88423
39.94659
39.93966
39.86709
39.78467
39.8455
39.93483
39.85141
39.79792
39.88055
39.90247
39.85208
39.82144
39.86764
39.92405
39.9083
39.85344
39.82361
39.81852
39.74862
39.78138
39.78889
39.76517
39.81063
39.86557
39.87866
39.78237
39.73193
39.83982
39.87076
39.88947
39.95628
39.96376
39.91252
39.89103
39.89414
39.81247
39.85002
39.83846
39.87814
39.91045
39.88957
39.87819
39.89883
39.94254
39.91723
40.02468
39.88815
39.89639
39.92986
39.94598
39.88601
39.90236
39.95131
40.01729
39.98413
39.91714
39.93023
39.93491
39.99987
39.98241
39.97306
39.94798
40.00475
40.02487
40.03365
40.07568
40.03669
40.10711
40.06524
39.99513
40.02579
40.13159
40.12599
40.11985
40.07202
40.09081
40.07547
40.04653
39.95498
40.03414
40.10979
39.96891
39.89959
39.91961
39.98011
39.99619
39.96685
39.94538
39.97365
40.04244
40.04274
39.93213
39.97514
40.01289
40.008
39.98543
39.95286
39.99326
39.93935
39.90684
39.94064
40.00286
39.96165
39.93556
39.99788
40.0243
40.07501
40.10049
40.11029
40.035
39.96735
40.01981
40.1101
40.13165
40.13115
40.09846
40.08421
40.05336
40.08753
40.14043
40.1207
40.08693
40.08565
40.09838
40.09026
40.15105
40.07372
40.00737
40.04084
40.08194
40.09283
40.14657
40.16673
40.07423
40.08205
40.10015
40.07858
40.05002
40.0354
40.02052
39.9771
39.99509
40.05899
40.06205
40.0083
40.01885
39.92777
39.97165
40.03677
39.94543
39.90979
39.89604
39.90541
39.88734
39.99625
39.99085
39.9333
39.95221
39.92195
39.88143
39.85588
39.79633
39.79442
39.84233
39.82025
39.82323
39.8578
39.88894
39.91885
39.93123
39.85924
39.90595
39.97383
39.93704
39.88307
39.95582
39.92607
39.81912
39.76097
39.83948
39.90546
39.89222
39.84835
39.77418
39.81933
39.84805
39.81244
39.81723
39.79283
39.7575
39.71433
39.70559
39.80009
39.80526
39.78026
39.8048
39.85831
39.83814
39.8122
39.83499
39.84057
39.81973
39.85504
39.97953
39.94287
39.89974
39.8681
39.90786
39.99445
39.9651
39.92781
39.8411
39.8326
39.86181
39.87541
39.8777
39.94006
39.93875
39.92289
39.97183
39.92005
39.86757
39.90411
39.91288
39.90493
39.84915
39.906
39.95406
39.97435
39.97408
39.86369
39.83764
39.86126
39.84392
39.85684
39.88397
39.8928
39.84834
39.75388
39.78144
39.92816
39.95308
39.88118
39.83118
39.88107
39.85419
39.84657
39.88316
39.89892
39.83036
39.84692
39.86805
39.88543
39.88576
39.82638
39.8153
39.82658
39.8524
39.81347
39.78104
39.79216
39.84205
39.78688
39.74583
39.77111
39.78947
39.79411
39.83317
39.92211
39.94444
39.79978
39.75521
39.78907
39.79401
39.88427
39.93466
39.88122
39.8685
39.8539
39.86829
39.87321
39.84206
39.80781
39.76529
39.82249
39.83026
39.72665
39.771
39.81957
39.84291
39.8037
39.8053
39.77851
39.81007
39.86083
39.86435
39.81689
39.80686
39.73798
39.75253
39.85094
39.79445
39.71473
39.68936
39.75113
39.81297
39.81096
39.83205
39.85295
39.79173
39.79557
39.81909
39.84611
39.85954
39.85783
39.84258
39.75885
39.82642
39.81894
39.84521
39.8116
39.78844
39.82553
39.91253
39.93482
39.79236
39.80188
39.87081
39.92522
39.94225
39.95723
39.98266
40.02603
39.99696
39.96082
39.98711
39.97882
39.94208
39.96482
39.95467
39.93089
39.92413
39.9318
39.9276
39.98787
40.01644
40.03571
40.04168
39.97144
39.92315
39.95533
40.05584
39.9745
39.90166
39.88835
39.91504
39.88735
39.81372
39.82675
39.76327
39.79333
39.84596
39.77092
39.80586
39.78304
39.80883
39.85396
39.83424
39.8322
39.87951
39.95516
39.93156
39.86236
39.87587
39.8489
39.83236
39.88726
39.95443
39.95742
39.8843
39.88634
39.86248
39.90133
40.00244
39.95834
39.88269
39.90364
39.95147
39.94644
39.93057
39.93668
39.93925
39.90169
39.89756
39.93016
39.96766
40.05118
40.01641
39.90033
39.90062
39.97948
39.96893
39.97385
40.02492
39.95967
39.91926
39.89572
39.91814
40.01993
39.97224
40.04359
40.03804
40.035
40.08582
40.16526
40.05788
39.99759
40.0532
40.06391
40.07312
40.15988
40.13787
40.10819
40.05907
40.08327
40.15202
40.01176
40.01117
39.96154
39.99339
40.07893
40.0955
40.07829
40.06494
40.1141
40.17023
40.16789
40.12638
40.1138
40.13489
40.16073
40.19566
40.27311
40.13461
40.07677
40.12383
40.19014
40.21717
40.14373
40.15585
40.16156
40.1481
40.0787
40.10158
40.13768
40.0984
40.09883
40.10149
40.07928
40.04637
40.10737
40.05109
40.00712
40.07298
40.07817
40.04505
40.01852
40.04204
40.07573
40.10102
40.02917
39.97355
39.95089
39.96207
39.99673
39.97305
39.92329
39.89746
39.95729
39.96534
40.01114
40.01094
39.93971
39.97979
39.9785
39.98793
39.96745
39.95788
39.9651
39.96118
39.91384
39.89145
39.8857
39.90882
39.90604
39.81395
39.83251
39.96893
39.9439
39.88593
39.90563
39.92789
40.00761
39.96484
39.92206
39.89443
39.94033
39.92421
39.9459
39.9464
39.8996
39.87047
39.98827
39.99897
39.93932
39.95144
39.98074
40.03761
40.03526
40.02043
40.0738
40.10556
40.01925
40.05331
40.15255
40.15865
40.13879
40.13195
40.05083
40.00374
40.01595
40.06593
40.02097
39.99321
40.00713
40.06038
40.00619
40.00237
40.06998
40.0838
40.06594
40.00431
39.95951
39.98852
40.08545
40.07137
39.94323
39.92509
39.95019
39.96632
40.00322
40.06054
40.01353
39.94371
39.92696
39.93546
39.91626
39.87152
39.82439
39.91478
39.95205
39.95239
39.92054
39.95851
39.98526
39.97891
39.96688
39.93389
40.02177
40.05219
40.08898
40.01586
39.98165
40.04391
40.1018
40.06492
40.02437
40.09082
40.14316
40.11707
40.06569
40.0183
40.05532
40.05347
40.1035
40.07954
40.07236
40.12406
40.07116
40.02262
40.0199
40.05965
40.08186
40.02741
40.04906
40.12987
40.11732
40.13637
40.11818
40.06744
40.02785
39.98396
40.0202
40.01031
39.99547
39.99765
40.03024
40.08791
40.04883
40.01957
40.08562
40.16036
40.10706
40.07888
40.03829
40.08783
40.17444
40.20823
40.17058
40.18012
40.18998
40.2056
40.17533
40.25809
40.13258
40.10944
40.21842
40.28356
40.26149
40.2065
40.21927
40.2593
40.20065
40.16156
40.18589
40.20424
40.18012
40.13449
40.15775
40.10458
40.06964
40.07629
40.068
40.06894
40.1139
40.0998
40.01516
40.05814
40.05286
40.02294
40.02265
40.10944
40.11177
40.02369
40.03269
40.03294
39.96234
39.96697
39.99007
39.97545
39.97106
40.00236
39.98171
39.88917
39.87753
39.85696
39.90959
39.96142
39.89111
39.84655
39.84578
39.93214
39.94132
39.94115
39.88444
39.88328
39.90871
39.94025
39.89954
39.92168
39.89246
39.89481
39.88104
39.84925
39.83215
39.82346
39.77963
39.82157
39.82473
39.82884
39.80531
39.80352
39.8721
39.89411
39.9109
39.81807
39.87376
39.93283
39.85976
39.78667
39.82804
39.90696
39.96654
39.92936
39.93304
39.88344
39.87221
39.84745
39.86197
39.9062
39.88477
39.9182
39.99516
39.98774
39.95832
39.9761
39.91164
39.87303
39.90142
39.91895
39.91255
39.88023
39.81085
39.79206
39.84159
39.86058
39.84539
39.88027
39.82163
39.8347
39.88742
39.82495
39.75385
39.74858
39.8435
39.88941
39.80535
39.75851
39.79543
39.83027
39.85249
39.84662
39.85728
39.798
39.73846
39.74971
39.79841
39.78318
39.72198
39.75623
39.90456
39.94129
39.98716
39.97244
39.99217
39.99127
39.98117
39.95724
39.96616
39.97421
40.00222
40.03923
40.05517
39.98747
39.9538
40.0093
40.01898
39.90926
39.87363
39.89576
39.88871
39.88268
39.90578
39.8983
39.88579
39.98116
39.95058
39.91325
39.91925
39.89431
39.95497
40.04782
39.93515
39.9223
39.94484
39.93416
39.91537
39.95743
39.98457
39.92569
39.9809
40.11002
40.0571
40.02347
40.07193
40.06741
40.16769
40.121
40.0718
40.13181
40.19526
40.10937
40.05499
40.08831
40.11531
39.98635
39.96453
40.03714
40.07447
40.01056
39.98531
39.99422
39.99312
40.00382
39.9834
39.95245
40.00095
39.98566
40.00801
39.96594
39.9744
39.91584
39.9346
39.97672
39.99176
39.9532
39.94257
39.91032
39.86867
39.89703
39.92099
39.94453
39.87681
39.81672
39.88552
39.94585
39.99559
39.90731
39.8604
39.88562
39.96088
39.97984
39.99266
39.92719
39.88656
39.83346
39.87447
39.90856
39.96087
39.94806
39.95682
39.98717
39.97178
39.95835
39.94341
39.92842
39.91285
39.89227
39.89333
39.92105
39.89179
39.83603
39.8355
39.89967
39.84221
39.78347
39.82266
39.86649
39.85471
39.84461
39.87719
39.88624
39.937
39.88085
39.87121
39.91895
39.94628
39.95165
39.91508
39.95627
39.98728
39.96968
40.01881
40.00746
40.0166
40.04672
40.05322
40.01131
39.96968
39.9141
39.86623
39.91381
39.92732
39.89056
39.88077
39.86438
39.89632
39.81937
39.77352
39.88401
39.91678
39.85132
39.85106
39.7767
39.80169
39.72859
39.75908
39.80465
39.7174
39.71063
39.66598
39.75534
39.79481
39.80725
39.78804
39.82723
39.86588
39.87233
39.8174
39.7728
39.82944
39.87932
39.85256
39.85546
39.8098
39.87963
39.90735
39.88075
39.83984
39.83887
39.93711
39.92632
39.85633
39.7981
39.75649
39.8119
39.81976
39.80252
39.83286
39.83133
39.78167
39.74821
39.78629
39.84174
39.85632
39.83324
39.76556
39.79824
39.78778
39.72486
39.76629
39.82743
39.84352
39.71666
39.72223
39.8622
39.80076
39.75872
39.76259
39.74382
39.796
39.85763
39.86308
39.71807
39.68402
39.83763
39.91339
39.90667
39.86401
39.86297
39.90921
39.92423
39.89841
39.92571
39.97683
39.94953
39.81501
39.80167
39.81431
39.79119
39.68248
39.70708
39.77043
39.82564
39.87413
39.85653
39.78684
39.79579
39.82179
39.78095
39.79
39.83596
39.77331
39.74493
39.84059
39.8628
39.82979
