54.66385
55.62944
57.11112
58.59679
56.56134
56.52798
57.32702
57.59816
57.09102
58.49312
57.82766
54.51882
57.13518
59.25628
57.97959
56.03945
57.34386
57.22368
56.52443
55.03196
58.11991
58.67819
55.40423
55.64835
57.51524
57.53163
55.83839
56.56595
58.76557
57.26613
52.75423
56.47641
59.41864
56.72654
54.64067
55.88523
58.80522
56.77661
56.87763
56.23994
56.98025
58.50563
56.15565
56.32343
56.55035
56.30858
55.03717
55.50857
57.97799
57.11948
55.77631
57.72702
54.92282
55.88433
58.21267
57.16567
55.92451
54.88845
56.34502
59.49866
56.3496
55.50667
57.2619
59.08191
57.8311
57.24394
56.19224
55.85923
58.4359
58.96832
57.02439
56.33942
56.99955
58.26456
57.52846
57.8619
58.00075
56.5859
58.73865
57.74553
55.42892
56.88915
59.86304
57.57801
55.12245
55.60553
57.70129
58.74812
55.43387
56.06007
57.05468
57.34558
58.18857
56.72075
57.27875
57.55962
58.34446
56.5075
56.67794
57.23493
57.95754
57.3363
57.68759
57.92628
55.85884
56.51355
56.44883
58.31839
59.17585
56.14658
56.10546
57.05538
57.77993
58.35364
55.35886
55.41076
57.69907
57.94773
56.95311
56.06304
55.05598
56.93532
58.64639
56.90995
55.68218
54.98369
56.42178
56.73542
56.97928
57.4244
57.72373
58.13277
57.29831
55.40415
56.35456
59.79611
55.94844
55.44384
57.16291
59.16188
56.24822
53.8197
56.48072
59.31444
57.43316
55.08378
55.95642
57.69874
56.60537
56.25162
56.99278
57.52824
56.95562
56.89506
57.81282
57.46307
57.16991
58.04605
57.02806
56.68385
56.71732
59.31837
57.64657
55.71034
57.63805
58.23122
58.77284
57.12533
57.88113
58.37901
55.65507
57.30513
57.313
57.84032
57.74837
56.34193
56.69673
59.11094
57.75884
54.6609
55.99293
59.63296
57.93325
55.38428
55.84232
58.71337
57.3049
58.43025
58.7214
57.72432
57.28571
58.51114
58.31168
57.04359
55.72184
58.10818
57.89206
58.09653
57.98726
56.48251
56.14208
56.00135
57.54846
58.13778
57.10907
56.43679
55.99507
58.11208
57.81794
56.11253
55.31884
57.2563
58.94031
57.18406
56.72253
57.05666
57.61144
58.73324
58.07411
58.58719
57.07473
57.53912
57.8613
58.06865
59.59311
55.49407
55.24735
59.77131
57.95216
54.69778
56.70545
59.93518
56.76937
54.94368
55.31054
58.22374
57.87567
56.55953
57.63648
58.31989
57.52047
56.46646
57.73075
59.99825
58.44577
57.38771
56.92476
57.25763
57.28826
57.43263
58.47611
57.03188
56.01106
57.84867
57.44439
56.62096
56.3538
56.35246
55.64774
57.4322
58.83841
56.10823
56.77645
56.61221
58.27031
56.14872
55.88037
59.82974
57.05961
57.12024
57.50026
57.5672
57.96928
57.90804
56.02568
57.92382
59.738
56.76078
54.13843
57.96437
59.39225
57.37218
56.35563
56.08086
56.68412
58.50752
56.9449
56.16697
57.70365
59.56686
56.63634
57.40793
57.63485
59.65153
57.38076
55.77978
57.88831
59.05378
57.86006
56.66887
57.60322
56.38194
56.07504
59.5154
58.51103
56.47576
56.67135
56.64909
58.88638
56.08042
56.75
60.00855
58.22858
57.62112
57.33413
58.5159
58.83849
54.96841
58.26677
59.33401
58.14318
56.43072
57.08318
54.31124
58.81881
58.95421
57.24913
54.02125
56.1803
59.707
58.1786
56.35993
58.40747
57.47836
54.80638
58.23272
60.52258
58.01377
56.22191
58.29112
57.64767
56.50159
55.03164
57.74802
59.31623
58.02364
56.81633
57.0438
56.64553
57.10465
59.79943
58.20959
56.31649
56.776
60.16598
57.60706
57.38274
58.12259
55.56321
56.13091
59.94531
58.18554
54.82957
56.29957
55.22583
58.2431
58.36509
56.11568
55.62413
58.91613
59.98846
57.52717
56.72374
57.73039
58.61847
58.26202
57.23627
56.9469
57.97915
57.82178
55.69125
56.81483
60.82541
57.85349
55.23884
57.696
57.8273
55.16477
58.31157
59.07246
57.24447
56.02434
54.28923
57.41162
59.04147
58.77721
55.66295
55.43081
57.89082
60.47175
57.4305
57.15282
58.735
58.51086
58.57563
59.24473
59.0127
57.18125
59.24729
54.60822
53.78102
56.78728
57.97035
56.36999
58.0943
56.72923
55.23179
56.67213
57.53123
57.9523
56.80813
57.93217
57.47612
56.87637
57.93854
59.69358
55.80093
55.83006
57.89759
58.82745
56.38936
57.4465
56.85232
57.61406
58.57361
56.30658
54.82331
55.62028
59.50106
58.30499
55.16474
57.23713
59.87537
57.48433
55.86134
55.69752
57.52435
59.83987
55.97085
56.50183
57.08611
59.71135
58.06881
57.50853
57.15411
54.97752
58.12643
59.25114
58.07437
56.89362
57.26498
59.08818
58.32051
58.46068
57.31427
56.89983
57.36309
58.59995
58.46464
56.54725
57.14026
56.88337
57.07161
59.35391
58.13793
55.96716
56.60983
58.71725
59.63357
55.03763
55.12817
58.46208
58.07594
57.52477
56.64319
57.91643
58.57693
56.72177
56.65612
58.97151
59.39141
57.1461
56.57127
57.37665
57.15023
57.45348
59.59818
58.5083
55.57013
55.1352
57.79792
59.25209
57.34176
57.79367
57.93701
58.38301
58.14426
55.82812
58.05719
60.68917
57.22361
57.65089
57.74939
56.1596
57.61023
60.35061
57.9312
56.4074
56.43799
58.76878
59.79776
55.44839
56.39342
59.6823
59.34506
56.16281
56.54707
56.68488
57.69038
58.84571
56.83183
57.03593
58.42343
57.40962
56.02091
58.50298
57.90455
55.47374
57.0549
59.09457
58.19915
57.15939
56.98104
56.19898
57.06996
59.4946
57.12622
55.846
57.94915
57.42266
56.36697
57.04415
58.68468
57.37618
57.83549
56.57209
57.84184
58.78234
58.8235
59.05603
56.13966
55.86662
57.85995
59.87188
56.76946
55.24483
57.32768
57.1722
57.78047
57.78923
57.28554
58.47351
57.04058
56.55184
56.59111
57.50131
59.24812
58.15573
54.33491
56.87502
59.88082
57.99802
55.52369
56.55921
58.616
59.3237
56.33833
56.60473
57.97436
57.79315
57.88978
57.92144
56.61679
58.02045
58.80452
57.61834
56.90011
57.52267
59.13245
57.2146
56.24931
57.67982
56.86641
55.61335
57.08919
57.11705
57.14981
57.68974
58.36899
60.04272
58.01091
55.98671
58.12738
60.53079
56.55298
56.46849
56.31131
56.25598
58.20189
58.7786
58.3493
57.24635
56.9453
57.96717
58.55925
59.25147
57.39228
57.25782
58.98012
56.48396
56.93338
57.92669
57.9722
55.47188
57.25429
59.35723
57.55898
55.68339
56.21814
56.59091
57.18427
58.54752
58.94531
56.67266
55.85537
58.3597
59.29139
58.11676
57.76404
58.8479
57.72666
57.63459
58.98624
58.07876
58.43863
57.11953
58.10284
57.91607
58.89685
55.93413
54.47288
58.58116
59.89794
56.62922
55.81134
57.34929
59.25694
57.60495
57.69795
57.34233
59.3485
58.95753
57.92232
58.64756
57.88188
57.9421
59.1687
59.27481
56.63155
55.35224
56.28251
57.16242
59.71583
57.17698
56.39441
55.54767
58.13699
59.34574
58.23449
56.45947
57.98893
56.81289
58.65231
56.04147
55.45466
60.07527
58.29698
57.78344
56.89546
57.67947
58.35221
59.57993
57.36071
56.13515
58.9758
57.98873
57.96658
58.57946
56.73157
57.17922
58.95088
58.11187
55.98785
58.27163
58.87453
57.07527
55.82196
58.18561
56.9388
57.57469
58.59451
59.21851
56.42682
56.9231
56.92246
57.51198
58.05032
58.3879
57.13729
57.46376
57.33967
56.01168
57.50673
58.71729
58.32817
55.64303
55.2715
57.63622
58.81429
55.07979
57.35309
60.09083
56.95449
54.88693
54.48264
58.293
59.95256
56.49958
57.11234
56.57535
56.08339
56.26039
58.53184
57.23763
55.34391
57.54512
59.42554
56.51112
56.41338
59.16275
55.8601
56.88418
58.96422
58.29388
56.38207
57.79048
58.39033
56.13148
57.73157
58.67225
57.17128
56.51126
58.039
58.29293
57.90708
56.68629
58.60479
58.93531
57.45289
56.39565
57.75788
56.91319
55.64052
58.87905
57.84374
56.36417
56.78486
57.92794
56.1905
55.46397
58.03391
60.43071
55.06459
55.72545
56.98554
57.36937
57.55828
58.08035
58.0615
58.20693
58.41433
56.06952
57.15372
57.74562
58.54615
55.70859
56.99302
58.64088
58.20637
57.19127
57.0596
58.22759
58.39145
55.50698
57.97676
59.18369
57.24878
57.504
57.18585
58.81543
58.27475
58.08804
58.44449
57.25556
55.37863
58.52785
59.13408
55.94455
56.67017
57.21317
57.49562
57.64419
58.78894
55.70291
57.03054
59.71057
57.29108
56.21862
57.82577
57.45403
58.23453
59.08148
57.00754
56.06831
59.44737
58.48146
56.86911
56.85409
56.61082
54.82658
57.91394
60.23202
56.22248
56.19186
58.08479
55.99323
56.61971
58.64896
58.88291
56.63763
58.21183
58.51663
56.64756
58.23529
59.46749
57.58223
57.49589
59.084
57.92211
55.33842
56.19374
59.42044
58.03231
54.78619
54.22802
58.9584
58.89554
56.93943
56.93875
57.35144
55.34496
57.38933
59.38414
56.66842
56.15644
56.05866
57.51713
56.35002
56.06747
58.27112
58.49043
57.42557
57.42663
56.57356
57.6704
59.55203
58.64429
58.6547
57.38029
56.53851
58.11349
58.43426
57.61232
58.04828
58.27717
55.53954
55.55065
57.48889
58.60899
55.81121
56.67712
59.08876
57.04506
54.15038
56.45547
58.18836
57.35579
56.99116
58.44385
57.07338
57.40114
57.43056
56.5832
58.83269
56.53718
55.87964
57.73338
59.52289
58.17049
57.07375
58.24172
58.06512
59.39968
57.76025
57.72137
58.85716
58.65334
57.42398
58.57999
56.70145
58.24603
58.31996
58.02652
56.72392
56.49939
58.78665
58.64975
57.0933
57.55727
57.34649
58.44855
57.19233
58.61377
58.00869
56.8519
57.71636
58.58834
57.62272
57.95041
58.2863
56.81157
56.5607
56.93318
58.09298
57.3125
55.77433
55.37388
58.3661
57.59155
57.06833
56.77184
54.0081
57.64185
60.30682
57.94036
56.77355
54.92427
57.39465
59.94837
58.44302
55.70129
56.44286
59.3308
58.82019
57.09855
57.49091
54.63885
55.6526
57.29589
60.01382
55.33391
55.9491
58.38992
58.64046
57.82896
55.67176
57.89348
60.73324
57.48483
56.5801
