53.46362
49.58953
49.58954
49.56673
49.61021
49.62713
49.61438
49.63856
49.60847
49.6139
49.58204
49.55441
49.57926
49.59301
49.60227
49.55537
49.59597
49.60455
49.60038
49.59309
49.58099
49.62945
49.60292
49.59338
49.54349
49.54719
49.54508
49.53938
49.56029
49.50773
49.53627
49.60196
49.61452
49.59701
49.6193
49.63994
49.57983
49.57761
49.58812
49.65145
49.60283
49.52402
49.57342
49.561
49.5884
49.59711
49.62421
49.59743
49.58533
49.62205
49.60128
49.54607
49.56831
49.64496
49.61147
49.51234
49.47486
49.54299
49.50545
49.51616
49.55662
49.53339
49.55308
49.55438
49.54883
49.55952
49.583
49.60019
49.56961
49.47548
49.46483
49.57083
49.49688
49.47845
49.51115
49.51767
49.49939
49.50443
49.50984
49.53594
49.54297
49.55494
49.57121
49.62857
49.63396
49.61259
49.68567
49.70563
49.73156
49.7366
49.65263
49.64276
49.66784
49.71129
49.6923
49.68917
49.66599
49.6226
49.68176
49.6386
49.64667
49.60645
49.63707
49.65046
49.64108
49.63753
49.65405
49.63285
49.6519
49.68348
49.67041
49.67979
49.70999
49.69449
49.61477
49.61531
49.61813
49.62921
49.59182
49.59031
49.56301
49.54042
49.52888
49.58466
49.54922
49.56236
49.53967
49.44802
49.50046
49.49208
49.48808
49.41366
49.37506
49.35998
49.43996
49.45094
49.41813
49.37934
49.43592
49.4324
49.43622
49.44852
49.39252
49.40617
49.47443
49.48849
49.51058
49.52334
49.51275
49.50034
49.52888
49.52783
49.52331
49.53893
49.53054
49.46798
49.4679
49.50631
49.46205
49.4318
49.46634
49.4939
49.49332
49.49256
49.48889
49.52026
49.55368
49.48722
49.48796
49.53437
49.55181
49.53471
49.49678
49.51618
49.49611
49.4822
49.53486
49.54632
49.53606
49.55571
49.55029
49.58094
49.60407
49.55497
49.56169
49.5332
49.61269
49.59752
49.66347
49.62252
49.65783
49.71418
49.72592
49.70951
49.74258
49.75561
49.73128
49.76889
49.80938
49.79696
49.76879
49.78005
49.80021
49.78419
49.76773
49.74496
49.76165
49.74006
49.74388
49.78038
49.70044
49.74432
49.77445
49.73479
49.71014
49.71616
49.83372
49.79751
49.7663
49.72469
49.73321
49.70432
49.73113
49.72557
49.71407
49.65342
49.6979
49.73798
49.7629
49.70026
49.72935
49.7787
49.80749
49.72891
49.80141
49.8004
49.80052
49.80254
49.81602
49.8293
49.8427
49.83851
49.86583
49.82278
49.83163
49.85562
49.89642
49.82886
49.94273
49.92408
49.95245
49.94846
49.88646
49.86793
49.86494
49.82179
49.83286
49.84229
49.80659
49.76776
49.78471
49.79861
49.8259
49.77435
49.78837
49.80047
49.82156
49.83623
49.84032
49.75232
49.81213
49.8137
49.81831
49.76923
49.79452
49.83021
49.86574
49.84534
49.78259
49.82675
49.85988
49.87329
49.8323
49.8099
49.80408
49.80351
49.80527
49.8771
49.89314
49.87881
49.91728
49.9171
49.86136
49.89096
49.89071
49.8422
49.8725
49.92836
49.91903
49.89568
49.90831
49.96375
49.9078
49.91671
49.85651
49.83977
49.87229
49.87982
49.91082
49.8225
49.87021
49.83456
49.91243
49.8716
49.8371
49.84531
49.87358
49.83553
49.80048
49.80994
49.86779
49.88123
49.8759
49.82836
49.82628
49.86212
49.88081
49.84228
49.87497
49.94382
49.89046
49.81047
49.839
49.84085
49.82158
49.80438
49.80415
49.82016
49.86671
49.82646
49.80689
49.79325
49.83617
49.84718
49.83664
49.83962
49.82735
49.79443
49.7486
49.76981
49.78114
49.74063
49.72808
49.74308
49.74898
49.74232
49.74532
49.74527
49.77086
49.73312
49.69461
49.71704
49.75409
49.74562
49.77112
49.84407
49.7778
49.83791
49.7994
49.87596
49.82039
49.77804
49.73442
49.8133
49.83735
49.87468
49.83506
49.82141
49.85846
49.90993
49.91576
49.92032
49.84132
49.8492
49.89627
49.89176
49.88115
49.87462
49.84597
49.87434
49.90399
49.93157
49.95551
49.98745
49.98651
49.9536
49.97418
50.00328
49.9527
49.99556
49.98028
50.00411
49.94199
49.92344
49.92482
49.96571
49.91587
49.83972
49.88684
49.88823
49.87174
49.83538
49.76117
49.69099
49.69045
49.65834
49.67151
49.66729
49.69458
49.69051
49.715
49.65545
49.61925
49.69221
49.72945
49.73113
49.70351
49.66273
49.68169
49.66404
49.61675
49.61663
49.64764
49.59241
49.62152
49.63531
49.64977
49.6614
49.65723
49.59112
49.57723
49.66341
49.62267
49.57224
49.5956
49.6347
49.63526
49.67662
49.69178
49.71999
49.70111
49.69924
49.73493
49.8228
49.82112
49.81562
49.81374
49.90216
49.8899
49.87056
49.85642
49.8732
49.90773
49.91131
49.92243
49.94407
49.95562
49.90305
49.92794
49.95636
49.96323
49.99232
50.01056
50.01766
50.00443
50.06221
50.11761
50.13136
50.11374
50.08321
50.04798
50.06885
50.09794
50.05444
50.11888
50.11444
50.08655
50.07436
50.06699
50.08452
50.07161
50.10337
50.09588
50.13623
50.13847
50.06792
50.04561
50.11673
50.07771
50.12836
50.13894
50.10381
50.05587
50.01675
50.00249
49.96463
49.98299
49.90044
49.87572
49.89649
49.92788
49.91329
49.85328
49.85072
49.87524
49.8819
49.83921
49.88462
49.92982
49.90038
49.88306
49.86697
49.8858
49.91831
49.84136
49.88639
49.84914
49.92581
49.88746
49.93943
49.93921
49.91901
49.87047
49.86076
49.86352
49.87301
49.88195
49.90561
49.90638
49.90693
49.91008
49.92002
49.87547
49.93583
49.96852
49.99083
49.9501
49.99195
50.00124
50.00963
50.04123
50.1131
50.08455
50.02972
50.02323
50.106
50.10696
50.05781
50.0783
50.04
50.00582
50.05694
50.07106
50.05089
49.98247
50.05391
50.10394
50.08462
50.0122
49.9587
50.01996
50.03492
50.01907
50.01379
49.97522
49.95934
49.9625
49.9557
49.97683
49.96531
49.97421
49.91584
49.95148
49.92781
49.91069
49.92117
49.91678
49.93017
49.90251
49.8983
49.93995
49.92066
49.8728
49.84681
49.86362
49.87674
49.88059
49.87803
49.89861
49.94118
50.00279
49.98896
50.01511
50.02758
50.08234
50.04112
50.0412
49.99192
50.01538
50.00757
50.04035
50.00356
49.9769
49.97336
49.92657
49.91897
49.95148
49.88622
49.89714
49.88472
49.86098
49.77649
49.78149
49.83102
49.82709
49.79288
49.75207
49.6924
49.74342
49.8005
49.78555
49.75483
49.84184
49.81064
49.81186
49.85688
49.90181
49.91888
49.94189
49.95452
49.98179
49.97779
49.94598
49.88449
49.99557
50.01212
49.9873
49.99841
50.03353
50.07902
50.05349
49.92563
50.02835
50.01858
50.00545
49.97643
50.04835
50.00554
50.03935
49.9581
49.96214
49.96841
49.95838
49.90961
49.88593
49.9249
49.87279
49.91414
49.8978
49.90134
49.89116
49.89322
49.86186
49.85817
49.82881
49.91301
49.91813
49.89041
49.89071
49.86911
49.89751
49.92879
49.95587
49.97926
50.00992
49.98013
50.01631
50.05281
50.11991
50.12534
50.07335
50.1114
50.12152
50.12958
50.17737
50.18959
50.13366
50.19571
50.24089
50.19387
50.17241
50.16861
50.14828
50.16582
50.21673
50.20114
50.19217
50.2563
50.2192
50.19995
50.20108
50.11216
50.12986
50.17663
50.15631
50.12905
50.12708
50.0924
50.12149
50.14092
50.11082
50.09077
50.08165
50.08656
50.04266
50.08627
50.0905
50.10857
50.11911
50.13276
50.1416
50.12111
50.10997
50.1557
50.16276
50.19147
50.21926
50.19417
50.11769
50.13999
50.1194
50.08947
50.11551
50.07597
50.09121
50.07814
50.08487
50.07141
50.05836
49.9917
50.051
50.07654
50.05867
50.03645
50.02486
50.10343
50.07077
50.07683
50.08744
50.03378
50.01064
49.9972
50.0424
50.02847
50.00511
49.97035
49.98804
50.05249
50.03713
49.9913
50.00668
50.09292
50.05696
50.04224
50.03481
49.96191
49.9282
49.96626
49.9129
49.89561
49.8471
49.84232
49.80511
49.83158
49.83885
49.77526
49.73408
49.71016
49.66903
49.71862
49.69544
49.70818
49.75778
49.75301
49.75914
49.77833
49.79414
49.83487
49.74884
49.80492
49.84881
49.88165
49.86612
49.91555
49.8913
49.90614
49.94112
49.94411
49.974
49.9981
49.98027
49.96511
49.95627
49.97965
49.93215
49.91808
49.99839
49.9282
49.94658
49.89647
49.86987
49.87193
49.85795
49.85357
49.85514
49.88669
49.84787
49.79535
49.83463
49.80121
49.75351
49.7278
49.74274
49.7534
49.78666
49.76564
49.75753
49.81451
49.84715
49.78439
49.79052
49.8582
49.82096
49.84366
49.88066
49.84141
49.79673
49.78381
49.86409
49.84737
49.85094
49.87219
49.87378
49.87591
49.89884
49.86617
49.93087
49.92384
49.91021
49.85635
49.87486
49.84459
49.85212
49.83678
49.78297
49.80397
49.83136
49.77753
49.75776
49.73452
49.74004
49.85188
49.76144
49.81811
49.7495
49.79896
49.74222
49.75005
49.70903
49.71542
49.73322
49.74046
49.71175
49.69509
49.76513
49.71692
49.66072
49.65242
49.63288
49.67847
49.66441
49.63264
49.6376
49.67604
49.66861
49.658
49.69263
49.69911
49.65415
49.7216
49.71169
49.75919
49.82722
49.81001
49.84584
49.84169
49.87186
49.85527
49.90252
49.8987
49.91351
49.90382
49.94823
49.9534
49.97238
49.9399
49.89339
49.86508
49.87824
49.86041
49.84587
49.84822
49.85053
49.83986
49.8609
49.8692
49.87922
49.81528
49.78849
49.74885
49.802
49.76389
49.77816
49.75244
49.78582
49.77697
49.76807
49.74498
49.75007
49.81764
49.79336
49.72429
49.6515
49.69992
49.70321
49.68913
49.68066
49.68571
49.77232
49.78499
49.80332
49.74373
49.83806
49.78808
49.80164
49.79176
49.81502
49.80961
49.78061
49.82682
49.8164
49.87616
49.84367
49.83094
49.83723
49.90111
49.88324
49.92851
49.84075
49.81332
49.81512
49.8384
49.77014
49.76401
49.77418
49.73269
49.74791
49.72676
49.7128
49.75448
49.81433
49.8814
49.86404
49.84457
49.86135
49.8202
49.85783
49.87975
49.9494
49.86759
49.87998
49.84743
49.89624
49.90421
49.93372
49.91029
49.93447
49.99129
49.9542
49.88746
