52.92949
49.55331
49.55332
49.50422
49.54279
49.50056
49.41111
49.40459
49.41353
49.40141
49.41375
49.2948
49.32269
49.33219
49.36332
49.2888
49.25914
49.27839
49.28617
49.30502
49.32954
49.35022
49.38289
49.44083
49.41183
49.40297
49.40772
49.41669
49.48623
49.51793
49.48238
49.46288
49.51107
49.54592
49.55309
49.47401
49.57355
49.57663
49.54221
49.58242
49.54235
49.51985
49.56556
49.57356
49.59451
49.58209
49.60721
49.63641
49.64957
49.65385
49.62737
49.71893
49.76811
49.69185
49.69138
49.66381
49.67766
49.67563
49.65378
49.59595
49.59678
49.62074
49.58315
49.53717
49.48245
49.5391
49.49015
49.48631
49.43092
49.44153
49.56643
49.52364
49.45833
49.45999
49.51131
49.53375
49.50751
49.52478
49.52341
49.51968
49.51163
49.55012
49.53948
49.55413
49.49719
49.50956
49.53824
49.48502
49.41819
49.44601
49.45929
49.43844
49.45859
49.47374
49.49087
49.49269
49.55176
49.55931
49.54224
49.52745
49.53726
49.57764
49.58142
49.54126
49.48383
49.48809
49.56345
49.51968
49.49121
49.43626
49.38464
49.31883
49.33503
49.36624
49.28353
49.28687
49.29417
49.28647
49.28128
49.31136
49.33156
49.35825
49.32738
49.36296
49.40041
49.42588
49.38699
49.31801
49.40353
49.41021
49.36728
49.34444
49.38855
49.3917
49.42998
49.43998
49.41649
49.46012
49.43661
49.50702
49.51112
49.49765
49.49426
49.49234
49.4735
49.50129
49.47704
49.38225
49.42766
49.46002
49.44961
49.39923
49.3929
49.41976
49.42468
49.39221
49.39493
49.4008
49.43749
49.44771
49.41879
49.43017
49.47515
49.51423
49.47046
49.525
49.52553
49.5344
49.56871
49.67587
49.67775
49.68805
49.72676
49.70807
49.77403
49.80145
49.76149
49.84971
49.84949
49.8343
49.86233
49.90398
49.89221
49.85751
49.85748
49.88406
49.82684
49.78798
49.79649
49.79003
49.79987
49.85075
49.79678
49.82147
49.87067
49.82146
49.79682
49.82047
49.79059
49.75084
49.74694
49.76995
49.77267
49.79798
49.75292
49.75179
49.77599
49.82332
49.80159
49.72632
49.71609
49.74086
49.73109
49.67289
49.70173
49.70867
49.66431
49.72482
49.69341
49.66716
49.62532
49.69905
49.72812
49.6801
49.64764
49.66373
49.65508
49.64597
49.61222
49.59589
49.55025
49.5568
49.52094
49.51388
49.4776
49.51702
49.5151
49.46503
49.49062
49.49035
49.4776
49.55919
49.52757
49.53651
49.51403
49.52139
49.50371
49.53933
49.60481
49.58466
49.53053
49.59599
49.65283
49.6607
49.6077
49.64544
49.58018
49.62376
49.65528
49.59029
49.57587
49.63353
49.6201
49.60587
49.61151
49.65627
49.64241
49.55367
49.57575
49.65526
49.58734
49.59336
49.53749
49.58363
49.55537
49.54733
49.5289
49.48716
49.46549
49.47369
49.49423
49.48508
49.49998
49.53026
49.50033
49.54646
49.55687
49.55932
49.6572
49.69113
49.69703
49.73568
49.78643
49.70409
49.75968
49.85087
49.80603
49.80053
49.79912
49.83931
49.87636
49.89095
49.89191
49.86026
49.85883
49.87426
49.93565
49.90721
49.91043
49.84702
49.83366
49.76123
49.75784
49.68451
49.71323
49.68529
49.7192
49.69971
49.6395
49.6488
49.70698
49.76379
49.73944
49.67136
49.70833
49.70785
49.74013
49.69279
49.71436
49.72711
49.66623
49.69239
49.64076
49.66109
49.68861
49.68304
49.63993
49.66151
49.7116
49.75046
49.70353
49.74832
49.72177
49.72019
49.66714
49.67641
49.67257
49.67964
49.68202
49.69713
49.65994
49.68946
49.72131
49.80178
49.78542
49.81126
49.81178
49.82272
49.84867
49.85569
49.87848
49.92858
49.91585
49.90982
49.89524
49.94921
49.87313
49.9295
49.91203
49.89856
49.87835
49.91557
49.94584
49.97857
49.93752
49.96049
50.04171
50.09038
50.03711
50.05647
50.04913
50.09328
50.07722
50.00063
50.10218
50.06021
50.02607
50.05434
50.07747
50.09884
50.08813
50.07227
50.07102
49.98886
49.94078
49.91603
49.86906
49.86471
49.85827
49.85468
49.81183
49.79151
49.79901
49.83528
49.88117
49.83311
49.82857
49.8358
49.82891
49.89295
49.86285
49.80712
49.75862
49.76263
49.76804
49.72526
49.71459
49.68218
49.6368
49.73152
49.70187
49.6263
49.57878
49.60231
49.59835
49.62164
49.58661
49.54768
49.60036
49.55128
49.54803
49.61682
49.62309
49.61432
49.6352
49.65023
49.64133
49.59476
49.58011
49.62331
49.65276
49.62314
49.62395
49.69795
49.6683
49.65111
49.70807
49.69817
49.70582
49.69913
49.6872
49.71237
49.71065
49.72661
49.72563
49.75244
49.77499
49.76889
49.80003
49.81952
49.77182
49.74691
49.75593
49.85457
49.84441
49.86187
49.87223
49.87604
49.95131
49.90467
49.9432
49.97048
50.00195
50.00816
49.97519
50.01744
50.06944
50.03213
50.04132
50.05459
50.07534
50.07193
50.06965
50.05746
50.06261
50.08423
50.04716
50.09547
50.06968
50.07642
50.08615
50.08557
50.05261
50.10002
50.10876
50.088
50.08937
50.11036
50.10896
50.05552
50.05898
50.00194
50.06601
50.02985
49.97183
49.93193
49.89975
49.95638
49.92871
49.87317
49.91092
49.93126
49.96453
49.92179
49.88211
49.923
49.98978
49.93528
49.93238
49.93271
49.93806
49.88168
49.91648
49.9685
49.93055
49.89595
49.95798
49.88483
49.84799
49.83979
49.92496
49.88595
49.8528
49.82785
49.76342
49.78679
49.81351
49.82411
49.8418
49.83208
49.8501
49.91774
49.90203
49.9519
49.95288
49.99868
49.91965
49.89325
49.95684
49.95531
49.93187
49.98075
50.01624
50.02804
50.04882
50.05295
50.03408
50.08426
50.13521
50.15378
50.11868
50.12523
50.14668
50.11504
50.12354
50.09704
50.13125
50.13935
50.09885
50.1365
50.13604
50.14173
50.10433
50.17296
50.13519
50.12389
50.12532
50.14351
50.07496
50.1137
50.10962
50.09397
50.11992
50.11506
50.14172
50.11324
50.16381
50.21689
50.15394
50.14658
50.20232
50.15992
50.05499
50.11314
50.09248
50.02768
50.00902
50.02393
50.03057
50.08904
49.99317
50.02439
50.07822
50.0516
50.01253
49.96556
49.95639
50.01084
49.92189
49.93981
49.94938
49.95285
49.89639
49.86876
49.83481
49.81821
49.80943
49.81432
49.8616
49.8772
49.94869
49.87762
49.87863
49.92342
49.95854
50.00113
49.94376
49.98233
50.02799
50.03248
49.98209
49.95225
50.06662
50.05342
50.01797
50.00773
50.0011
50.02099
50.08331
50.02309
49.99212
49.98915
49.99188
49.97519
49.96172
49.95908
49.97594
49.98875
49.98405
49.96552
49.95216
49.95483
49.92376
49.88508
49.86407
49.9105
49.93858
49.89051
49.90053
49.91601
49.91616
49.8877
49.90479
49.90499
49.82645
49.84982
49.84219
49.85553
49.83003
49.88408
49.93237
49.93656
49.88781
49.96229
49.93251
49.91135
49.87749
49.91714
49.96066
49.97355
49.90836
49.89021
49.92754
50.01648
49.99826
49.93311
49.9416
49.94093
49.90189
49.9362
49.90791
49.93774
49.96239
50.01694
50.02113
50.03329
50.0552
50.05303
50.0616
50.12844
50.15195
50.1605
50.06089
50.13519
50.12329
50.1813
50.10761
50.10346
50.04538
50.09697
50.075
50.09265
50.08132
50.12667
50.08495
50.15201
50.14183
50.1517
50.21796
50.16455
50.15692
50.24327
50.20213
50.22259
50.17495
50.23637
50.26095
50.27283
50.26979
50.27392
50.19326
50.17542
50.24234
50.20177
50.1677
50.1519
50.13193
50.17311
50.11044
50.08806
50.07111
50.12257
50.0571
50.06014
50.06788
50.09713
50.03214
50.0511
50.03838
50.071
50.03229
50.0273
50.04346
50.03792
50.02015
50.00973
50.00563
49.94983
49.9361
49.94558
49.95145
49.9489
49.83946
49.7634
49.7968
49.72692
49.71359
49.67239
49.72831
49.64446
49.63797
49.68993
49.71845
49.67568
49.61934
49.62543
49.61105
49.63959
49.67764
49.7127
49.70215
49.73169
49.72022
49.76706
49.82523
49.86449
49.84383
49.86717
49.86698
49.87512
49.86855
49.92245
49.98296
49.97604
49.91707
49.87444
49.90358
49.88617
49.94746
49.91882
49.8803
49.88985
49.9109
49.92465
49.90812
49.93981
49.92828
49.86866
49.88369
49.83827
49.85939
49.88948
49.92753
49.94169
49.95371
49.9073
49.96683
49.95623
49.99548
49.98137
50.0327
49.96476
49.89889
49.96197
49.99676
49.97194
49.95783
49.93901
49.94686
49.92802
49.91883
49.91398
49.84444
49.78655
49.76543
49.81214
49.78436
49.80121
49.7939
49.76262
49.78497
49.75408
49.81385
49.83338
49.78067
49.77113
49.75988
49.77274
49.80047
49.78419
49.7256
49.73804
49.70226
49.70516
49.63121
49.63317
49.62947
49.67813
49.6616
49.67781
49.69544
49.73454
49.74791
49.75472
49.76583
49.84404
49.79869
49.79012
49.86299
49.83949
49.86266
49.93455
49.91758
49.90501
49.85761
49.86002
49.88635
49.92551
49.8889
49.92815
49.96208
49.97758
49.97413
49.91718
49.94876
49.94167
49.95962
49.94315
49.8883
49.87297
49.86562
49.89933
49.88877
49.8366
49.89271
49.89138
49.93045
49.88854
49.96223
49.91724
49.88337
49.91863
49.93237
49.8891
49.93114
49.86946
49.91468
49.909
49.93649
49.94158
49.95313
49.98063
49.97598
50.00314
50.04131
49.96609
49.98382
49.94362
49.88831
49.83152
49.79705
49.73523
49.742
49.7643
49.73116
49.68876
49.67609
49.69327
49.71561
49.71064
49.68153
49.70332
49.73517
49.74793
49.75841
49.77093
49.81833
49.79348
49.86131
49.86414
49.84961
49.8959
49.88205
49.8945
49.85179
49.83119
49.81294
49.89491
49.86353
49.81997
49.82353
49.79847
49.82693
49.78619
49.76618
49.80822
49.75219
49.78469
49.78757
49.78885
49.77123
49.76225
49.74932
49.75005
49.76431
49.73854
49.73672
49.73197
49.77238
49.73032
49.66835
49.65273
49.68299
49.66651
49.72388
49.67187
49.6762
49.6569
49.64081
49.61435
49.66343
49.65327
49.68654
49.71391
49.69038
49.71585
49.71313
49.74916
49.74459
49.71364
49.71928
49.75879
49.79647
49.73598
49.71818
49.77329
49.74991
49.74799
49.8027
49.75522
