-2.589531
-2.686106
-0.9492463
0.5229301
0.962684
-0.5115982
0.7445866
1.494722
-0.7502921
0.4947176
1.394768
1.067388
1.608015
0.9554571
2.484242
0.319445
0.760099
-4.059236
0.6365526
3.50408
-0.5153016
-1.733176
-1.737991
-0.005373469
-0.6314508
-2.292163
-2.177952
0.6761221
2.484593
0.1011579
-1.951302
-2.032225
0.2842326
2.244881
1.098639
0.1133385
0.6475182
1.716794
0.542695
-0.4715138
1.151876
2.192863
-1.91225
0.5414799
2.031795
0.2881145
-1.49054
0.2552728
2.535151
-0.136589
-2.389835
0.0004978713
0.822099
-2.237128
0.464324
1.144262
-0.04969541
-0.6516923
-2.334675
-0.7612219
0.206093
0.6582092
-1.194538
-1.195093
2.129189
0.5705484
0.4800192
-3.474147
-1.052421
2.294723
0.181939
0.1949332
0.6141896
0.8799136
0.5349221
1.657122
0.4387763
-1.781178
-1.594447
1.244262
-0.9674792
-3.793086
-0.2496318
2.721611
-0.3059966
-4.045777
-1.379895
2.622078
0.0918211
-3.203988
-2.10126
0.4079285
2.255412
0.6124048
-0.5366235
-0.9490031
-1.311244
0.7703183
2.52511
0.8453909
0.8909046
0.1294734
1.885483
0.04706766
-2.292562
0.6530779
2.865498
-0.9748288
-0.843518
-2.47438
0.8814283
2.865674
1.163511
-0.7543367
0.3473602
1.503479
-1.348814
-4.070164
-2.33491
-0.9018001
1.805051
-0.08821006
-0.5279682
1.098379
1.126389
0.4693289
0.718188
-0.2552997
-3.163754
0.07077864
2.299591
1.175851
0.06945409
-0.01524605
2.818371
-2.605879
-2.468008
1.026182
2.243816
-2.590049
-1.23147
2.188443
0.3827038
0.5389169
-0.4329014
-0.2844281
1.217041
0.9937481
1.480803
-3.49053
-0.04208965
2.817413
0.8485371
-1.391138
-2.890039
-1.627843
1.34149
2.300545
-0.2281242
-2.648872
-1.292865
2.782691
1.006242
-0.9740835
-2.12548
-1.074561
0.1970783
0.892342
1.966685
0.4405236
0.3297622
-3.258098
-0.582905
2.093353
0.9944727
-0.3356598
-1.278389
-2.947955
0.6800236
2.504878
0.3928484
-1.3492
1.60451
1.349581
0.8872941
-2.307973
-3.38408
1.266912
1.941312
-1.568274
0.963329
-0.3291503
-1.096156
-0.2647379
-2.407868
-2.024888
1.399221
1.74324
-0.3301421
-1.431906
-1.827841
0.6047463
1.493875
1.853187
-2.895436
-0.7486994
2.561352
1.510589
-1.346048
1.403082
3.399617
0.09218065
-2.529995
0.4360097
3.085474
1.446508
0.2400358
0.4271304
0.1682833
1.993408
0.1150225
-1.293661
1.712426
2.765579
-0.8781316
0.4209
2.369449
-0.5929053
-1.443474
1.336892
0.4538361
0.5653192
1.721877
0.4120103
1.095431
1.535924
-0.4668755
-3.76124
-0.08082234
1.734992
1.77439
-2.603103
-3.447303
-1.054922
2.802321
0.9110038
-1.15599
-1.15143
1.493505
1.230034
0.5999737
-1.256318
0.09795185
1.702718
-1.083641
-0.8728299
1.257329
2.290625
-0.1025118
0.5525161
-0.1001382
-3.624834
-1.547953
2.207226
0.3570295
-1.486072
-1.552006
0.8613784
0.3611491
-3.746941
0.09536583
1.234955
-0.1773996
-0.9713017
-1.070697
-0.104852
1.453842
0.02502923
0.7871267
-0.8977667
0.1921232
1.34061
-0.02179254
-3.451426
0.05629499
3.55415
0.6322826
-0.6178139
-2.738075
-0.1942605
3.268784
0.01353982
-2.859457
-0.7875169
3.313393
2.479658
-0.5480303
0.01163504
2.227612
-0.3172548
-0.650234
-3.112806
-0.6644772
2.197022
0.6246912
0.2371512
0.1140131
-0.7298558
0.1674338
0.1490386
-0.6705212
-0.2377999
-0.03531275
-2.323779
0.3199943
3.12679
2.013115
-2.187916
-2.098212
-0.6396575
1.519421
0.4735273
-2.850765
-0.09640899
2.361104
-0.3111478
0.6814175
-1.417809
0.999252
0.7782275
0.5707081
-1.242696
-2.719562
0.3120685
-0.7432325
-2.156033
-0.8861559
1.731317
2.302673
0.3479399
0.987633
1.02178
1.04823
-0.8340833
-0.01906594
1.854344
-0.07208853
-0.8513328
-3.256644
-0.3238099
2.824521
1.300026
-0.6173646
-0.1233196
1.879933
-1.022762
0.480717
1.622975
-0.4907059
-0.4011281
0.04749509
0.4453701
0.6728005
2.029465
-4.001082
-0.5698158
1.899598
-1.150272
-1.433701
-2.462071
-3.042242
-0.9302385
1.933063
0.002828151
-0.8916919
1.911707
1.953028
1.048158
1.854728
0.5843887
0.9515437
-0.2099308
1.15353
-1.199696
-1.40938
1.27243
2.527089
0.8322842
-0.708244
-3.229101
-0.1701425
2.363612
0.990393
-1.075409
-0.6041272
1.903849
-2.72173
-0.7484068
2.899475
1.116406
-0.0305305
0.7552709
0.8800797
1.906742
0.4106364
-0.9884786
-0.3824103
0.9631328
1.357705
-4.438285
-3.76857
0.07558296
0.2300134
-1.154784
-1.447357
0.03678036
0.2553632
-0.3399255
1.603398
-0.188012
-1.199832
0.5020648
0.6766443
1.956413
-2.241173
-2.546859
-2.053332
-0.05299278
0.9511591
-0.3955119
-0.2259496
1.056658
1.268795
-2.443505
-3.203221
-0.6487129
0.5719929
-0.6587271
-2.493363
-1.383587
0.664807
2.537793
0.7795402
1.053863
-0.5616619
-0.8054286
-1.066903
1.203398
1.070813
-0.4807009
0.5574272
1.862496
-0.5039223
1.335822
0.8357862
2.347919
1.241148
0.2424471
1.385288
0.3324604
-0.2425258
1.856278
2.393874
-1.002685
-1.012702
2.222597
2.5725
-1.059855
-0.7082309
-1.185194
0.3970769
1.470486
-2.288059
-4.026766
-0.4418985
2.003939
0.1338468
-0.7792683
1.120029
-2.56754
-2.384013
0.1656214
0.07386515
-1.049608
-2.435105
-1.234867
1.485982
2.146568
-0.7744331
1.285145
0.1483102
-3.756414
-0.5628105
3.148854
1.312227
-0.751053
-4.867661
0.7572471
3.896992
-1.315836
-1.05898
0.2191807
1.085997
2.079192
-1.116985
1.002432
1.261289
-0.04006024
0.1669188
-0.08681674
1.745846
-1.26266
-0.6633847
-0.8781654
1.23481
1.790277
-0.4658365
-3.149804
-0.3487943
2.995358
1.027337
-0.662294
-0.6837065
-1.58453
0.2337846
2.012925
1.685747
-1.301283
-3.119431
-0.07317553
2.964396
1.013663
-0.4383272
-0.4439277
0.1409595
1.938371
-3.328961
-0.7572841
3.114845
-0.1172175
-0.7102267
-0.09061188
-1.174429
-0.5992897
2.125624
1.289699
-3.349011
0.4289196
2.809687
1.895194
-2.224184
-2.245564
0.1150707
1.225647
1.419739
-0.6249552
-0.3652136
-2.319947
-0.04182621
1.469059
1.180409
0.3120888
-2.98904
-0.3586735
3.054273
0.02770587
0.2106298
-1.643832
-2.597514
1.251184
2.825245
-0.2509133
0.05495675
1.634155
2.872607
0.7271972
0.2041399
0.75849
-0.4031458
-2.900376
0.2766511
2.562684
0.5184206
0.1848157
0.3014729
-1.360486
0.0007650158
1.025829
-1.777436
-1.695806
2.112296
1.052059
-0.7553776
0.7360191
1.383255
-2.301095
-1.327941
2.924319
0.2611559
-2.255739
-1.871913
-0.5181019
1.704891
-1.502931
-2.89079
-0.3534429
0.2063904
0.4913011
1.685714
2.587194
-3.957483
-0.07952011
2.305025
0.3771638
-0.09614854
-0.260832
-1.899367
-1.906697
2.070849
1.343047
-0.9473912
-0.5694938
2.321213
-0.4771037
0.5916136
0.4120078
0.6418562
0.6228357
1.000062
-2.518516
-0.8063975
1.558776
-0.2770775
-0.2553909
0.8034768
-2.658653
-0.07520511
3.367903
-0.18695
-3.423505
-1.29129
2.464194
0.8796605
-1.455526
0.06202913
0.7919977
-3.143333
-2.178294
1.337031
-2.368122
-2.211811
-1.33066
1.897203
0.4381591
-1.557758
0.007059509
-1.485624
0.1142295
0.8255643
1.764781
0.162467
1.05427
-1.228672
0.659859
1.608208
-2.20923
-4.550863
1.618742
2.437423
-0.09414122
-2.09853
-2.83473
0.296779
2.197017
0.2401164
0.154527
1.423762
2.085051
2.316243
-0.1494401
0.02819588
-0.4188789
0.1561975
1.013091
-0.9428152
2.054837
0.9379303
0.4130864
1.694409
-1.108896
-0.8227316
1.989551
-1.304088
-4.32034
-0.5289874
2.670212
0.1703076
-0.1648317
-3.254083
0.1491629
3.594056
1.694173
-1.957189
0.01819744
0.6375115
0.9185108
1.316764
-1.382898
-0.8374117
2.366011
-0.2316454
-0.5311517
2.351631
-0.7249684
-0.0925047
1.312783
0.4567863
-2.413663
0.9385382
2.923711
-0.1000374
-3.741581
-0.4419883
2.871073
1.904034
0.728842
-1.484993
0.3057863
2.844514
-0.6543868
-0.4236338
0.6353605
-1.391632
0.7192332
1.246029
-1.07225
-2.893675
-1.758155
1.820995
1.895283
-2.310366
-1.30382
1.916739
0.6636744
0.09335156
-1.292597
-0.5847176
2.210243
1.364399
-0.8786013
-1.635298
-3.206315
0.07441721
1.012093
-0.7041888
-1.724115
-2.528681
0.3829676
1.127531
-1.501178
-0.9537833
0.03084903
-1.114353
-0.3744652
-0.8710975
0.3139333
-1.481546
-0.09785824
1.017084
1.12752
-0.4219759
-2.504127
-2.6375
0.6866052
2.689303
-1.270128
-1.222177
0.2679073
0.6384872
0.1069787
-1.040885
0.3212164
-0.5706485
1.750376
1.538631
-0.318975
-0.005480763
1.891321
-0.4291353
1.309543
-3.59297
-0.4426796
0.3724854
-0.1931238
-0.756896
-1.569917
-3.013753
1.814885
2.601991
-1.65683
-0.3182522
2.168746
0.03944158
-2.384026
-0.009879513
3.690397
1.0925
-0.9406765
-0.3305564
0.6327661
-1.436063
-0.895681
0.7802482
3.035822
0.8741727
-0.4734859
-3.328496
0.02890833
1.743291
1.202209
-0.1419784
0.05891902
-0.9557186
1.342861
2.413711
0.1418344
0.3052769
2.282316
-3.366901
-0.5716906
3.120471
1.086394
-2.893582
-3.788438
0.09876852
3.126755
0.9248406
-1.961025
1.467378
1.790563
-0.1082103
-0.001141099
0.4698249
0.7279174
0.8427864
-1.734566
0.2469732
2.886066
0.6410504
-1.213356
-3.473982
-1.885299
2.867619
-0.2960543
-2.283678
0.4435308
-0.6756925
0.4253296
-0.3431244
-0.7911986
0.3642204
-0.2500335
-0.01861485
-1.506067
-1.535642
1.384727
1.761846
-3.060228
-0.5993098
3.123769
-1.369469
-1.219419
-0.8861462
-1.480355
-0.6660369
1.740141
1.190425
-1.717864
-0.2035637
2.175121
-1.270543
-1.891871
0.5338629
1.769208
-1.22499
-0.03154018
2.258132
1.128433
-0.133582
-2.717319
-1.96743
3.392236
0.02706753
0.1554611
-0.4694818
0.3337614
1.322332
-0.4160066
-2.815225
-0.6967496
2.546095
1.772699
-0.6036626
-0.4421442
1.565221
0.2277525
-1.355633
0.6284215
-0.0741361
-3.256165
-1.281956
2.315858
0.7943649
-2.858096
-1.878227
0.08865941
0.8162576
-0.1787824
0.5049526
0.2112455
0.5460928
-0.3882291
-1.771896
-0.9795468
1.462994
-0.320438
0.7535077
-2.069096
-1.079623
2.395528
1.644311
0.04726046
0.6702548
-0.2589354
-2.343268
-0.1183796
2.490248
-0.5786402
-2.973226
-1.088568
2.576609
1.440302
-1.812982
1.717555
1.226088
0.01697724
0.02908819
1.676013
-0.04409382
1.494263
0.5551649
-1.727144
0.6577284
2.070396
0.2808325
-0.2726058
-0.2417727
0.4786173
-1.502611
0.6553832
-0.1477183
0.5576442
0.1114065
-0.2443684
1.703241
0.6729767
-3.319075
-3.433506
-0.4096504
1.11511
0.1820224
-0.9704798
1.365359
-1.176967
0.4152186
2.631943
1.011049
-2.786683
0.2062973
2.178434
-0.819786
-0.3565908
0.5116281
1.390382
0.8192521
-4.006729
-2.156054
3.125929
0.1675353
0.3934399
-1.45135
-0.8233141
0.9817391
1.48498
-0.2925013
-4.671259
-0.3690388
3.229931
1.635358
-1.018366
