 0
1.05739
0.1824329
0.4855957
-0.1367551
-0.1139697
0.7897537
0.0410856
-0.5807891
-0.1549289
-1.548585
-0.5269723
-0.1042105
0.5236368
1.093336
1.400495
-0.8958077
0.6847551
-0.8550419
-0.3136544
-0.2473713
0.8032203
0.3707864
0.1430528
1.098623
2.003672
-1.276303
-0.486568
-0.1841466
0.154696
-0.5499707
0.6584234
0.911195
-0.2034678
0.8926121
-0.4289199
-0.9416459
-1.066806
-0.2782836
1.00335
0.8447189
-0.3519465
-0.2809641
0.05820608
-1.185544
0.6163013
-0.3191977
0.2784717
0.2796471
-1.075287
-0.2241057
1.812841
-0.2541981
-0.2552066
0.05505836
0.2031475
-0.7890346
-0.588712
-0.1424976
-0.3492
0.5205382
0.07722342
-0.2203265
0.08070457
0.5394543
0.4243243
-0.2124782
-0.1377532
0.3545998
0.06912249
0.5067744
0.484211
-0.8941808
0.3024604
0.4523017
-0.2638304
0.4038248
0.2529569
0.2041559
0.05447805
1.647776
0.7133479
-0.06113195
1.030068
-0.3593782
0.4479606
-0.4213445
0.03554034
0.3551751
-0.007011771
1.280691
0.06034815
-0.2237384
0.2823789
0.3938346
0.03634147
0.4458389
-0.9571772
-0.6608064
-0.7897592
-0.1592721
0.2857536
0.4178093
0.3299749
0.806444
-0.3863038
-0.02693228
0.2088705
-0.6541246
1.762171
-0.360171
-0.1262548
-0.05265047
-1.035063
0.1605774
-0.5255538
-0.08836707
-0.01319119
0.1703713
-0.3354154
-0.1001412
0.7071254
0.4618954
-0.5964304
0.8535597
-1.036952
0.7267418
0.09509474
-0.7282677
-0.338323
-0.05676734
0.06367096
0.4417925
-0.1742173
0.630195
-0.1806359
0.3149364
0.9205947
0.3909903
-0.2420585
-0.04916513
-0.9476316
-0.6858973
0.130204
0.2086923
1.131555
-0.6993756
0.5279139
0.2877019
1.192776
0.3792843
0.207443
0.1628609
-1.861318
-0.7625631
-0.06798232
0.7938952
0.1811068
-0.5050402
-0.1183894
-0.9112228
-0.2114116
-0.3196469
0.8021266
0.4135706
-0.8748971
1.253583
1.418429
0.2935445
-0.1590006
-0.6788149
-0.3124871
-0.1597883
0.2632058
0.1393734
-0.1665846
0.08729196
1.138097
-0.05733758
-0.5594616
-0.1777794
-0.3110178
-0.02991331
1.350096
-1.193672
0.4867997
-0.3854358
-0.07211828
0.7277815
-0.6453778
-0.09019136
-0.1038144
-0.4853192
-0.7420532
-0.1626634
0.08200479
-0.4122674
-0.3638119
-0.5855949
-0.1717271
-1.170275
0.5525961
0.01810461
0.3194181
0.6119882
-0.3467062
0.09504676
-0.7686068
-0.2340413
1.144905
-0.2116475
-0.004678726
-0.4930851
0.02194881
-0.1077306
0.4765918
0.09612564
0.04814625
1.55943
-0.2940727
-0.6690307
0.8838201
0.4354858
-1.01797
-0.05931354
-0.01008683
-0.9800117
-0.311655
0.2957762
0.4965538
1.345965
0.4142603
0.4910786
-0.6843242
-0.9569924
-0.1451063
0.7699134
0.7456565
-0.5122274
0.2636461
-0.612273
0.3332254
0.2829858
0.06936675
0.1691763
-0.8557492
-0.4549806
-0.3358128
0.8118221
-0.5328628
0.02112889
0.3636041
-0.3169472
-0.2922345
0.8904244
-0.283341
-0.1079053
-0.4197365
-0.3655165
0.7688468
0.137512
-1.189137
1.838456
0.1863488
0.156081
-1.273851
-0.6385456
-0.5277973
0.005385518
0.9766233
1.12163
-1.259696
-0.5753447
-0.3936003
-0.608791
-0.2382816
0.1710093
-0.4140633
0.3432837
-0.6264524
0.0746603
-0.4025398
-0.03312898
-0.09621882
0.01289576
1.117612
-0.03804362
0.1504639
0.1872506
-0.0667454
-0.6103367
-0.03359365
0.2430255
-0.3032611
-0.3929299
0.09604162
1.083775
-0.5715933
0.01436162
-0.3470927
-0.8397232
0.9685395
0.2668591
-0.8952237
-0.1997664
-0.4234059
-0.9022327
0.05701163
0.8612631
1.049294
-0.2629377
-0.7505766
0.348958
-0.03012443
0.1120727
0.449388
0.121475
-0.1267043
-0.2392654
-0.7121119
0.2526256
0.4316621
0.1678734
-0.04550833
0.05138898
0.2649187
0.5463147
0.8681989
-0.000612855
-0.7829436
-0.01758
0.1118353
1.061416
-0.2201048
0.6280929
-0.1164738
0.5659516
-0.4621955
-0.17958
0.06855595
-0.7721449
-0.3881058
0.497911
-0.3134192
0.02690461
0.03265087
0.1383464
-0.1155578
-0.4441418
-0.10755
-0.8390329
0.2149931
-0.4272978
-0.1544945
-0.1461334
0.3443191
0.9320097
0.2384418
0.03993821
-0.9090947
-0.6054685
1.149732
0.8536432
0.317497
1.163899
0.3058458
-0.3797166
0.06763411
-0.2424842
0.1204593
-0.2024131
1.724404
-0.4134609
0.61059
-0.8626922
-0.9485406
0.1840826
-0.2107397
0.3385518
-0.04309773
-0.8449632
0.2484732
0.05392343
-0.648092
-0.3020465
0.8042958
-0.6284403
0.8884565
1.057856
0.1466149
-0.2667458
-0.6635516
-0.09837651
-0.1039112
0.07378078
-0.6524248
-0.3599588
1.121723
-0.1429892
-0.07049489
-0.6584263
-0.45662
-0.6167161
0.9136227
0.5659974
-0.9571328
0.1227205
-0.2560122
2.627223
2.937412
1.623588
-0.05980143
-0.9519061
-0.4188353
-0.06336096
1.182189
-0.8572693
-0.05201483
0.7211682
-1.14339
-0.2934831
-0.1540755
0.3584051
-0.1652387
-0.4478295
1.52823
1.900708
-0.005579203
-0.5644103
-0.7188941
-1.013953
-0.2348239
-0.7552705
-0.1467774
1.129
0.09562415
-0.08249319
0.4188244
-0.3941474
-0.416804
-0.4560491
-0.167832
-0.38886
1.455168
-0.06551087
-0.1378472
-0.2418904
-2.154056
0.490989
-0.03633412
-0.4207709
-1.042827
-0.9186159
-0.2358492
-0.5596683
1.219899
0.1704693
-0.7268469
-0.3719142
-0.5856343
-0.3883965
0.5934168
0.3735431
-0.9584926
-0.1603351
0.1830868
0.1388904
-0.2064447
0.2686571
0.7999961
0.4038292
-0.2578862
-0.3557057
-0.394258
-0.3014951
1.155841
0.5537977
0.3882723
-0.133563
0.1112686
-0.5578191
0.3035743
0.4532059
-0.2871239
-0.6437113
-0.3516155
0.6840699
0.2273687
0.1816204
1.306384
-0.2860591
0.1763341
0.6487846
-0.09767121
0.2279112
-0.2970888
0.4844823
-0.8324222
-0.4499694
1.079826
-0.1083395
-0.3641546
-0.08203512
0.8141022
-0.127544
-0.5249949
0.3177955
-1.209758
-0.69659
2.184506
0.7014335
-0.865322
-0.58841
-0.3285813
-1.30388
1.002474
-0.3746417
-0.4433759
-0.1600915
1.05654
-0.1371864
0.2226617
0.264024
0.7760997
-0.3186111
-1.004858
-0.07172781
0.810727
1.240678
-0.02062063
0.5971045
0.2215525
-1.469612
-0.8708802
0.01474298
0.06341201
-0.02388608
-0.8120741
0.2112178
-0.09328872
-0.09764135
-0.3567152
-0.007713616
1.066828
0.263726
-0.3994986
0.1548699
-0.6873596
-0.8519335
-0.04922998
0.1829346
1.146284
1.030975
-0.07505953
-0.4994186
-0.4616055
0.6545792
1.350035
-0.02498575
-0.7325872
-0.07479328
-0.6087002
-0.4195167
-0.02018452
-0.09076911
-0.6271822
0.03197932
-0.850389
1.073976
-0.0675555
-0.004672289
0.09450579
0.03613448
-0.01134643
0.7672287
1.046647
-0.4713728
0.2408732
-0.5434768
-0.3478354
0.556757
1.021898
-0.3236742
-0.1960057
0.04404783
0.7978027
-0.6151333
0.7056644
-0.5667881
-0.9290413
-0.3366361
-0.2415473
-1.006016
1.177931
-0.2281883
-0.3401014
-0.2226569
0.01206362
-0.3878829
1.209741
0.384804
0.07322478
1.876062
1.58186
0.2718093
-0.2494602
0.2746245
-0.9472927
0.4188857
0.1660666
0.4578131
0.1454128
-0.4109843
0.1279108
0.7112194
0.6207753
0.1282711
0.8851296
-0.7284353
0.06721997
-0.7619327
-0.03018168
-0.8489354
0.4069743
-0.2539686
-1.093826
0.736316
0.6037669
-0.2184753
0.4115355
-0.1070683
0.4164914
0.2798903
0.1667404
-0.6541715
0.4624701
-0.132463
-0.2384566
-0.9403935
-0.07336026
-1.241573
-0.2139736
-0.9012052
0.0670011
-0.5960994
0.07287788
-0.716894
0.9993243
0.4826767
-0.6977005
0.2640576
-0.6264653
-0.70189
0.1726164
0.06201005
-0.2073329
-0.7776854
0.414691
0.3333781
0.214756
-0.5252002
-1.017051
-0.5174525
0.3659427
-0.4072511
-0.6621962
0.2360725
-0.3676564
1.618379
-0.4166406
-1.127431
-0.472606
-0.1781893
-0.8051825
0.7343129
-0.2624066
0.4533104
-0.8112419
-0.7937509
0.03576881
0.2493534
0.3875127
-1.386528
-1.067663
0.4381027
0.2913151
-0.4414061
-0.7675442
-0.04920971
-0.3671373
-0.9809804
0.3883549
-0.2706214
-0.001710892
0.3864162
-1.057615
0.3226643
1.369073
0.2077538
-1.195716
0.0599165
-1.039879
-0.7207065
0.08407782
-0.1333002
-0.2405614
1.220514
-0.1362941
-0.8113701
0.2369453
-0.9818773
-0.7017814
0.4651444
-0.08593631
-0.1885897
0.09417057
1.385303
-0.3902836
-0.3044319
-0.5358106
-0.9921063
0.3417652
-0.04089099
0.2911561
0.001542389
-0.8572838
-0.3970433
1.340996
-0.03272921
-0.1534708
0.3201331
0.5849023
0.02608854
0.4653823
0.7536768
-1.23137
1.098985
-0.05382686
-0.3768542
-1.131881
-0.9375676
0.6653617
0.09499943
0.3590505
-0.8318079
-0.2296389
1.041019
1.446378
-0.7499413
-0.1974955
0.7241529
0.1575562
0.926044
-0.4221009
-0.07824683
0.326216
0.1826711
-1.087603
0.7702732
-0.4174205
-0.5618526
-0.4044006
-0.02806607
1.04361
0.3440193
-0.951497
0.3365257
0.6490507
-0.1362824
0.1317416
-0.6614704
0.08081651
-0.377286
-0.2564554
-0.3423347
-0.9751558
-0.2769714
0.422374
-0.4506289
0.2200394
-0.8982186
-0.5483092
1.105338
0.9093652
-0.1536931
-0.3786736
0.02491903
-0.1502822
0.0743407
-0.39494
0.1498055
1.74033
1.118198
-0.5418924
0.3823062
0.2576077
-0.7563648
0.2096492
0.2160251
-0.5386806
0.5796306
0.4483888
0.5253599
-0.2094382
0.113819
-0.03214169
-0.5184646
0.0514977
-0.5764878
0.6333523
-0.1021849
0.0424614
-0.8164405
-1.162763
0.03617942
0.06178555
-0.4173083
-0.06355827
-0.1619329
-0.3291248
0.5403528
-0.3464962
-0.1417061
0.05984718
-0.6852396
0.9598701
0.6491628
0.3460727
-0.06859872
-0.5091724
-0.6683159
-0.7916003
0.8583617
1.407491
-0.4151545
-0.2439493
-0.34528
0.8630033
-0.5278819
0.560431
-0.6788771
-1.208534
0.3028526
2.291588
0.7532033
0.04036126
-0.5980996
-0.9106363
-0.1102
0.03245252
-0.8091896
-0.9586579
-0.03715527
-0.2591184
0.1449642
-0.3725188
0.7631823
-0.8681329
0.776664
-0.01790184
0.1931837
-0.05064148
-0.8208948
0.4779267
0.1788336
-0.3128794
0.2396353
1.392522
-1.445539
0.6345472
-0.06016606
-0.1962025
-0.410201
0.8122217
-0.2130219
-0.2543295
0.3856176
-0.1956632
-0.03907573
-0.5438172
1.285876
-0.1810885
0.5348961
-0.2569928
-0.4484061
-0.476036
-0.6537969
-0.1103986
-0.2294074
0.6753836
-0.1236281
-0.4683532
-0.01069832
-0.7421481
-0.7406855
0.7236676
0.3259091
-0.2878343
-0.7134731
-0.2218771
0.332762
-1.641944
0.279757
-0.2786755
-0.8700136
-0.253899
1.940028
-0.3689803
-1.032736
0.9681494
-0.899393
-0.841262
1.75736
1.604314
0.4926251
0.3509486
0.09484887
-0.7329756
-0.1821401
-0.1468433
-0.3717005
-0.6125043
0.3743354
-0.1666106
-0.1351561
-1.508328
-0.2267303
-0.4860582
-0.1688092
-0.1595601
-0.546715
0.2358871
0.08820665
-0.9140029
-0.9363796
-0.5705311
-0.5914068
-0.3693343
-0.6051409
0.005951241
0.5963699
-0.7189918
0.3238475
-0.2352688
-0.693612
-0.5127789
-0.3306398
0.5792876
1.309582
-1.133067
-0.4058583
0.03589451
-0.7530938
-1.004313
0.7170911
-0.3337148
0.0307169
0.3723238
0.2638383
0.6094482
0.3866091
1.00309
0.2341066
-0.3467693
-0.6030929
1.436783
2.2691
0.1660519
-0.7284544
0.2481885
-0.7052581
-1.301645
-0.6616866
-0.5118464
0.2768526
0.5933139
-0.7197878
-0.04466581
-0.06965029
-0.6283069
-0.4567685
0.1396446
0.2477229
-0.3250562
-1.104227
2.255767
-0.1633104
-0.05180025
-0.42791
-0.4362881
-0.9075667
-0.2951823
-0.4470612
-0.5045355
-0.4746554
-1.347509
-0.8440946
-0.2263761
0.1842691
-0.280297
