-1.89108
-4.050592
-2.24282
4.656562
0.05959254
-1.649047
-4.390974
-1.63429
3.117114
1.984333
-0.2090538
0.9959673
1.153116
-0.2570586
-0.3663881
-2.200036
0.2988057
2.494366
1.117886
-0.6379774
0.7853399
0.8216239
-0.8081314
-2.546987
-1.276436
-1.42025
-0.4669811
1.56291
-0.7833543
0.06845116
0.7936152
-0.9197648
-3.042621
-0.2065791
1.162392
0.629279
-0.4798585
-1.198548
2.751757
1.256006
-5.184638
0.6075873
3.201832
2.314225
-0.7253662
-2.55423
0.3488962
3.010471
2.423271
-1.462072
-1.067066
-0.2484716
0.5337287
1.380557
-1.607571
1.160892
2.410846
0.2800986
-0.1198669
2.104183
0.8000501
1.548705
1.569545
1.070204
-0.8208203
0.07682136
0.3632902
1.387331
-0.8750077
-0.536145
2.887134
-2.422799
-0.2134594
2.811092
-0.5709415
-1.443975
-0.4023752
-0.3640438
0.8014801
1.813437
-2.061933
-5.118283
1.807658
2.194295
-0.8851972
-2.736876
-2.074547
1.901948
-0.9779901
-0.5441216
-2.310658
-1.124305
1.837561
0.4585892
-4.074241
0.07996167
1.291035
0.6082269
-0.2785514
0.7558494
0.8724606
-0.752654
-0.716761
0.9374663
-1.039089
-1.154988
0.04103689
0.3091869
-0.05440725
-2.554545
-0.5726374
3.274001
0.1025104
0.1637959
0.3433069
1.767453
0.2736285
0.4200193
2.075739
0.2818336
-0.3637639
0.1732603
-0.395679
2.51685
-2.42192
-1.15315
2.246696
0.6162569
-1.085145
-0.2737223
1.459277
-0.4697496
-0.4195587
0.2334486
0.9462202
0.416005
0.414278
-2.498128
-0.3766243
3.740455
1.507434
-1.037502
0.1726274
0.2177969
-0.2903421
1.069488
-0.6612368
1.588218
-0.7754273
-5.07427
-1.006663
2.358367
-0.1177513
-0.8295652
0.7329206
0.8599872
-3.213501
-1.360596
2.735751
2.028259
-0.009594262
-1.356814
0.7207509
2.059204
-0.0655691
-0.7650107
-1.599522
-3.203083
-0.05464627
2.40743
-1.225852
0.1503025
-0.7506645
0.242475
0.7842541
1.920863
-0.9805059
-3.142013
-0.6134346
2.702203
0.1254584
-0.2628912
-1.828523
-3.487559
0.5506929
2.764505
-0.2188819
-2.111358
-4.085422
-1.082642
2.265874
1.407912
-0.3786815
-1.58809
-0.3904853
2.50689
1.967613
0.9351468
1.318631
2.08531
0.4242789
2.132194
0.08318986
1.152907
-1.353074
1.024809
1.119685
1.126223
1.512084
-2.30795
-0.4903309
3.457714
0.4044372
-1.255943
-1.777392
1.914504
-0.008595688
-0.7356343
-2.870129
-0.8170515
1.044958
0.2540157
-1.046507
-0.9367341
2.217307
0.8463112
0.02323862
0.69
1.123438
-0.9991512
-3.403466
0.4194891
2.612523
-0.6252159
-1.777156
0.9058987
0.363934
-1.994221
-0.7693174
1.232716
1.152036
-1.238659
-2.054173
0.7549991
2.126355
0.8712913
-0.4011013
1.006581
-0.02701595
0.264353
0.9743075
-0.2048895
-0.2716762
0.6366684
-1.240983
0.4372693
1.187684
-1.030396
0.1719844
2.172139
0.2001461
-1.093798
-3.729484
-0.3188652
3.39295
-0.0404373
-1.984826
-0.5224546
1.2883
1.09946
-3.679883
-0.4069532
2.244947
1.111467
-0.05133215
-0.2574692
-1.908355
1.232314
2.485152
0.3610314
1.055709
-0.1430152
1.407662
1.264291
-0.8274464
-1.023458
-0.8320769
1.058465
-1.356746
-1.346236
0.8882592
0.8374812
0.2444881
-0.3010614
-0.4067994
0.4232967
-1.678733
-1.014558
2.807287
1.298054
-0.2539824
-4.18614
-0.2318709
2.869389
1.408366
-0.3672236
1.194655
-0.5113579
-0.7708619
0.7216635
1.559664
0.1435628
1.569819
-0.5323448
-3.213451
-1.549219
2.736788
1.985957
-1.546493
-1.049681
0.9657402
-0.07027137
1.821031
0.9992607
-2.128613
-1.823002
2.011172
2.141329
-1.093846
-0.9540913
0.3161947
0.2745117
-0.09455149
-1.607356
0.6037445
0.6973247
-0.4607594
-1.767763
1.966264
1.136471
0.6649499
0.1610719
-1.560567
-0.9455314
0.1435108
-0.1590589
-0.4448638
1.476533
0.5286004
-0.3371227
2.009123
1.082888
-1.343873
2.35536
2.793689
-2.379506
-4.437449
-0.0892722
3.123287
-0.4943751
-1.389374
-0.6823266
-4.178976
1.071169
1.24859
-0.3412504
-2.353373
-1.294238
1.805851
0.4222653
-1.128082
-3.168184
-0.685784
2.653085
-1.029688
-0.5234769
0.1203499
-0.8185862
-0.4011546
0.4818848
1.92909
1.217021
-0.5967584
0.1860014
1.195182
1.031005
-0.6110994
-1.013426
-1.459365
0.9364551
1.641425
-0.434217
-0.9153521
0.06580824
1.830268
0.8663959
0.7719877
-2.553246
-1.024976
4.054278
0.8472856
-1.598602
-0.2981215
1.02829
-2.802511
-0.1329048
3.057219
0.04915906
-1.618796
-5.543247
-2.14159
0.3739548
0.06100866
0.04436893
0.548548
-5.128153
1.201602
4.080266
0.5565525
-0.64252
1.086854
0.1931649
-1.487177
0.7506213
2.135828
-1.422561
-4.902569
-0.4376994
1.129138
0.8468034
0.1942348
-0.8954712
0.09418096
2.328774
1.422785
-0.6122028
-1.9429
1.121007
2.44692
0.3891963
1.683055
0.2003284
-0.3809712
-2.79491
1.53012
3.339792
0.6929498
-0.7890366
-2.50168
0.01839906
4.120495
0.8207823
-0.2068545
0.6931453
0.439496
-0.813799
1.174938
2.014453
1.337003
-0.1538526
0.05607396
0.03391861
0.8070082
1.226496
0.2138347
0.4927147
0.3083922
0.4131333
-0.006555683
-0.5026206
-1.555682
1.648673
0.9884454
0.1451399
0.3661462
-1.402658
-2.32915
0.1425465
2.674541
-0.7810799
-1.593774
1.735861
0.6849496
1.586829
-0.2000144
-1.191322
-1.058708
1.079616
2.803882
-2.945304
-2.774809
2.144011
0.1940052
-0.5814212
-2.889323
0.5595698
3.776042
-0.2364516
-0.2216416
-2.857348
0.4723084
2.712984
-0.6752206
-3.97754
-1.948665
2.67149
1.486679
-0.4909085
0.06200663
-3.448704
-0.626384
2.501817
1.375501
-2.141986
-0.1855629
2.768042
0.5221544
0.8995818
0.390612
1.914212
-0.5795764
-2.504067
0.7703885
2.094069
0.1137943
-0.9612516
0.9313513
-0.5210111
-4.752104
-0.02042483
2.475583
-0.6449871
-1.003493
-0.4458841
-0.1155428
0.9951778
0.9098915
1.341577
1.285538
-0.4024639
0.6840641
1.797766
-0.1802293
-3.516757
-1.191218
1.727594
1.375369
-1.029383
0.2054176
1.71973
-0.2868051
-3.271313
-2.526234
1.872693
0.1786119
0.3282305
-2.240711
-3.294985
-0.01720461
1.98746
-0.3289957
-0.6194392
0.721252
2.014163
-0.860288
1.923591
1.518784
0.3114286
1.132119
0.03079175
1.338348
1.601346
-0.7490537
-0.377717
-0.8759276
-2.685921
0.8085221
1.876395
0.02119014
-1.946056
-0.5052294
-1.477044
-0.3449947
1.717247
-1.574211
-2.433816
-0.4047211
2.306116
-0.5540926
-0.733766
1.646575
0.9118827
1.051051
-0.01890676
1.792344
1.752056
0.4023395
1.987385
-0.2850584
-2.221926
-0.2842785
2.570787
0.9798674
-5.011994
-4.090226
2.061638
0.9896713
-1.334744
-1.643013
0.9481558
1.487954
-0.282164
-2.728498
0.4669297
1.477074
-2.453987
-1.477525
-0.8293124
-0.490725
1.32784
0.1946422
-0.2542135
0.4010851
2.145166
-0.9552778
1.402018
2.558867
-1.085074
-2.00772
0.5748183
2.619606
-0.6659873
-2.633197
-0.4593365
1.595005
-0.1980757
-3.654262
-0.1025526
1.684912
0.5938569
0.01628882
1.9339
-0.284024
1.452334
1.577903
0.6671812
-0.2930956
-0.2082822
-2.534908
-2.145325
3.120371
-1.142089
-3.280979
-0.5691055
2.533348
0.7331313
-2.72604
-4.304028
0.3341539
2.834672
-1.239911
-0.222417
-0.6752242
-0.6519877
1.849127
1.028772
0.002432624
-1.014758
-3.183894
1.047108
2.117016
0.9439951
-1.712056
-1.921908
-0.9517661
0.6425791
1.486151
-0.1038161
0.02553833
0.6960834
-0.2817894
-1.298699
-0.2568252
2.517542
2.274029
-2.018486
-1.857275
1.468551
1.46898
0.1706759
0.5935602
1.434946
0.6033028
1.168293
-1.488567
-0.1300187
2.574553
-2.802136
-1.98876
2.037305
2.131787
0.02420234
0.5475033
-0.2576447
-0.3058205
1.827506
-1.32371
-1.142484
2.403635
1.181318
-1.331905
0.5325142
1.351314
-1.04421
-0.7371044
1.393299
-2.250995
-0.8617305
2.319741
0.726986
-0.9478034
-3.021046
0.3943224
2.901099
0.9615695
-1.556282
-1.469063
-1.602319
-0.4987187
2.838166
-0.1972685
-6.360612
-0.8090565
2.369977
-0.5964157
-1.694235
-3.464555
-0.04177005
2.432058
0.175148
-0.6562947
-0.6324345
1.232655
1.487687
1.342206
-0.800958
-0.8060442
-3.542319
-0.4334633
2.863444
1.315512
-0.9281744
-3.093488
-0.7771533
2.847703
1.111949
-2.968214
0.7076441
2.136487
-0.8604388
-0.4579998
1.069595
-0.3041353
-2.382455
-0.07897024
2.598094
-2.436689
-3.082168
0.7915132
1.849858
-0.7120947
-3.248299
0.08966129
3.073979
0.187604
-0.7309956
0.1096313
0.6530434
1.850419
1.553767
-0.5308116
0.7724245
-1.551198
-0.691572
1.709812
1.397256
-3.015256
0.02337815
0.3741663
-0.02612682
0.346796
0.0009166454
-1.486079
0.5947701
0.3791938
-0.516741
0.4830549
-0.1960611
1.675002
1.056244
-0.4353075
-3.040165
-0.044538
1.706552
0.09759185
-2.849085
1.490299
2.301823
-1.371646
-3.355048
-0.4018275
2.355045
0.08071042
-0.690605
1.039551
0.4658092
0.9975095
0.2628768
1.392396
-0.263865
-1.147792
1.473843
1.508825
0.8673368
0.9341639
-3.029713
-3.024214
0.8018259
0.2226325
1.210232
-0.1849681
0.424011
-1.530236
-2.468413
0.1246752
1.825907
-0.143925
-4.375883
0.03092379
2.555818
-0.01701373
-0.8907632
-1.275602
-2.397081
-1.368528
0.196451
-0.4148819
0.4281395
0.8320979
0.3511471
0.6350114
2.174019
1.196416
0.349517
1.091994
0.9195491
1.861312
0.1641089
-1.010204
0.006761801
2.098325
-0.6388792
0.8500513
-0.01880505
0.2486347
-0.02494008
1.392811
-2.907096
-1.154879
4.49519
-0.5578764
-1.035239
0.6404447
-1.486273
-0.2209708
1.062984
-1.869426
1.426787
1.483489
0.4450395
-2.071846
-0.9502243
-0.7814188
-1.536103
0.1244514
1.086208
1.533898
-0.924929
-0.8593583
-0.5904182
-1.181208
0.7917454
1.698234
-0.9321232
0.5695332
2.59924
-3.961914
-0.4197671
1.507236
1.948717
-2.376386
-0.506994
2.919502
0.7908493
0.3100586
1.377267
-2.935225
-1.978522
0.7665479
2.786866
-0.665761
-1.179157
-2.089085
-2.877867
-0.8570898
1.152966
-2.383268
-1.565616
-0.5823252
1.867993
1.288374
-0.4309159
-2.145686
0.3792145
0.394706
1.08106
0.009533387
-1.30759
1.780961
2.000731
0.2197749
-2.283133
-0.3701421
3.830909
1.667972
-1.739058
1.565685
0.5376446
1.382829
0.1611539
-0.832482
0.8457539
2.922616
-0.00280929
-0.9988961
-0.0525686
0.7318765
1.071376
-1.82803
-1.265726
3.160991
1.347177
-1.587751
-0.5286146
2.609211
-0.7384912
-3.529508
-0.3890277
2.126849
-1.471748
-2.300413
0.2172103
0.1496411
-0.5817478
-1.400572
3.071367
-2.604041
-4.205013
0.7756699
2.484279
-0.5906298
-0.2472165
0.5119142
1.23583
0.9906255
-2.422563
-0.568697
4.116028
-1.195618
-4.365908
-0.09069198
2.729294
0.2606199
-1.761822
-2.607351
-1.729555
-1.085467
2.422943
-1.354139
-2.507884
0.4807573
1.352872
0.08903423
0.1918463
0.8439364
0.5518116
0.9987141
1.871922
-0.7336594
-2.792833
