40.82024
39.85065
39.8776
39.8672
39.8004
39.831
39.81024
39.80944
39.78568
39.79956
39.85309
39.90637
39.86049
39.8327
39.82263
39.84665
39.96606
39.95263
39.91183
39.95613
39.89542
39.91002
39.96285
39.922
39.95835
39.94629
39.92327
39.89241
39.944
40.01479
39.97676
39.9097
39.89123
39.95906
39.90818
39.85252
39.89305
39.90062
39.80705
39.76342
39.85833
39.90265
39.82831
39.80397
39.77047
39.84641
39.83305
39.79852
39.78878
39.769
39.86116
39.90541
39.79359
39.73513
39.79595
39.85629
39.8109
39.78664
39.80604
39.82941
39.81339
39.78033
39.81665
39.83621
39.80611
39.83484
39.84203
39.80614
39.81827
39.95444
39.94904
39.87059
39.88535
39.96444
39.97343
39.87253
39.91966
39.97515
39.92771
39.89626
39.91465
39.96535
39.89016
39.83253
39.85066
39.85976
39.87929
39.90497
39.8844
39.86699
39.98883
39.97823
39.95107
39.96468
40.00235
39.99319
40.02588
39.97956
39.8985
39.94295
39.94838
39.99641
39.941
39.85963
39.87766
39.9417
39.98949
39.92451
39.92749
39.86494
39.82485
39.81756
39.75859
39.74878
39.82729
39.844
39.82061
39.77531
39.80338
39.84262
39.85227
39.78604
39.76035
39.78552
39.78042
39.74658
39.81744
39.90952
39.87902
39.8288
39.80889
39.90209
39.91173
39.9049
39.82376
39.81371
39.85677
39.87423
39.88074
39.84921
39.82344
39.85813
39.87233
39.84266
39.82638
39.85094
39.80394
39.79774
39.86024
39.87214
39.8204
39.81335
39.81179
39.78741
39.78316
39.84745
39.84281
39.81976
39.86858
39.92582
39.85215
39.8287
39.87592
39.89204
39.88694
39.88158
39.8479
39.90093
39.87513
39.86068
39.85788
39.8938
39.90504
39.85178
39.89067
39.9017
39.83832
39.84868
39.86872
39.91501
39.96425
39.9464
39.91041
39.90786
39.91086
39.94948
39.90526
39.90837
39.87488
39.92744
39.96043
39.87949
39.86366
39.8652
39.91001
39.92957
39.90955
39.82533
39.82047
39.85949
39.90843
39.89299
39.86229
39.8321
39.86083
39.83559
39.84007
39.85564
39.87148
39.83821
39.82893
39.85192
39.87013
39.90566
39.8233
39.76468
39.73862
39.7537
39.75578
39.80704
39.80573
39.843
39.83752
39.77957
39.81199
39.87167
39.86087
39.82008
39.81213
39.8842
39.9217
39.84166
39.78
39.83746
39.83901
39.84146
39.8221
39.80278
39.81347
39.82913
39.81221
39.81463
39.83348
39.93827
39.89317
39.83355
39.84399
39.89955
39.73162
39.67166
39.7042
39.70474
39.70889
39.71622
39.74462
39.79922
39.74927
39.74541
39.80224
39.78985
39.75078
39.72749
39.74474
39.76958
39.81395
39.84698
39.7883
39.74874
39.77771
39.8184
39.8493
39.85718
39.82912
39.83305
39.85602
39.79803
39.7423
39.80481
39.87587
39.81364
39.81594
39.81723
39.7877
39.7514
39.77564
39.83897
39.77415
39.66593
39.67476
39.7477
39.73822
39.72263
39.75977
39.72835
39.71405
39.70873
39.70389
39.70454
39.7534
39.75052
39.67371
39.65012
39.70559
39.77002
39.7988
39.77564
39.74016
39.69598
39.74634
39.8274
39.73718
39.73863
39.72268
39.76025
39.77333
39.75047
39.7644
39.81625
39.81373
39.82352
39.79042
39.75729
39.802
39.83421
39.84131
39.81471
39.79416
39.76783
39.71714
39.70613
39.82709
39.86685
39.8357
39.83523
39.81499
39.82344
39.86042
39.8627
39.84869
39.85619
39.88634
39.9357
39.9315
40.00553
39.99854
39.91356
39.84174
39.87536
39.9418
39.90497
39.85443
39.90673
39.87033
39.83328
39.84975
39.88652
39.93042
39.94867
39.90695
40.0013
40.0544
40.07529
40.05341
40.05812
40.01871
39.96218
39.96347
39.96557
40.08959
40.03475
39.96838
40.07792
40.13223
40.06214
39.96549
39.95547
40.05257
40.06888
40.01771
40.02171
40.04265
40.00895
40.02951
40.04844
40.02133
39.98393
39.96289
39.98885
40.0479
40.03448
40.0483
40.0555
40.03357
40.04757
40.05934
40.06194
40.02902
40.02348
39.99332
39.92895
39.94557
39.96821
40.01271
40.03059
40.03877
39.98668
39.97806
39.99841
39.9631
39.8572
39.80774
39.91488
40.00785
40.00856
39.92178
39.96414
39.98717
40.01752
40.04323
40.05411
40.00338
40.02405
40.07232
40.01139
40.02578
40.07436
40.08672
40.01021
39.95985
39.92778
39.9725
40.041
40.08262
40.08239
40.03603
39.95691
39.96201
40.00258
40.06207
40.05765
39.98601
39.94053
39.97043
40.04842
40.03494
40.03972
39.96391
39.92089
39.97068
40.00254
40.05019
40.02687
39.96023
39.96551
39.97102
39.89476
39.8842
39.84553
39.90898
39.91957
39.93261
39.86588
39.86536
39.88725
39.89398
39.9662
39.9651
39.94154
39.91222
39.9061
39.93566
39.95483
39.90438
39.88525
39.94636
39.90014
39.90675
39.87922
39.8506
39.85268
39.86721
39.87445
39.88921
39.87598
39.80319
39.79048
39.85749
39.89388
39.90228
39.82561
39.91132
39.88761
39.83685
39.82641
39.89555
40.00004
40.02298
39.99112
40.05761
39.93425
39.88165
39.90849
39.98027
39.97952
39.8861
39.87005
39.86878
39.93973
39.94755
39.91311
39.90479
39.91212
39.8551
39.79844
39.84598
39.87963
39.88873
39.85398
39.8126
39.86144
39.93302
39.90791
39.88464
39.83355
39.86286
39.89458
39.94034
39.92947
39.99744
40.01681
39.95284
39.99678
40.04359
39.98401
39.87302
39.84945
39.89358
39.91899
39.99228
39.98007
39.97271
39.90899
39.88306
39.94584
39.94279
39.91594
39.90528
39.83327
39.85763
39.88057
39.80907
39.77029
39.8655
39.92606
39.8932
39.87369
39.87186
39.85873
39.84516
39.85423
39.89822
39.90791
39.89595
39.97005
40.00474
39.96135
39.96106
39.95843
39.96328
40.00077
40.02637
40.07495
40.0494
39.98701
40.03124
40.01632
39.97792
39.97249
40.01048
39.97139
39.85428
39.8514
39.8282
39.88502
39.94511
39.86715
39.82716
39.86531
39.92461
39.89386
39.86871
39.88441
39.87034
39.88665
39.81202
39.78957
39.82187
39.91858
39.90866
39.8826
39.85958
39.85729
39.87023
39.88349
39.86608
39.95467
39.88704
39.86385
39.88686
39.94273
39.93515
39.97222
40.05101
40.04763
40.05863
40.05439
40.04657
40.1642
40.12035
40.0988
40.1348
40.21781
40.16274
40.12134
40.16782
40.22567
40.19141
40.18668
40.0717
40.05127
40.14051
40.11832
40.01951
40.04884
40.09996
40.13809
40.14275
40.1046
40.10596
40.08191
40.02342
40.02516
40.0593
40.06598
40.08326
40.10635
40.04017
40.01087
39.99964
39.91912
39.98028
40.03964
39.94589
39.98324
40.0349
39.94116
39.77886
39.80879
39.89056
39.91859
39.89656
39.86635
39.8728
39.92211
39.89202
39.85935
39.82724
39.77938
39.80567
39.78331
39.79345
39.74984
39.76854
39.78995
39.80009
39.7482
39.73096
39.80359
39.82158
39.78481
39.78325
39.78055
39.76527
39.73938
39.76713
39.81523
39.8426
39.7672
39.73066
39.77997
39.86803
39.88709
39.8649
39.82414
39.79757
39.77468
39.85715
39.81865
39.79103
39.85336
39.82037
39.77546
39.81976
39.78614
39.7201
39.80718
39.74487
39.6947
39.75626
39.72729
39.70565
39.75197
39.64772
39.60671
39.67619
39.66243
39.65292
39.67766
39.63326
39.58058
39.62924
39.58509
39.55966
39.59653
39.65926
39.61692
39.64156
39.65916
39.73877
39.7326
39.70251
39.73957
39.77355
39.77367
39.8379
39.78608
39.71716
39.7442
39.76172
39.74934
39.77032
39.77917
39.73437
39.74911
39.76352
39.77205
39.77042
39.8084
39.81499
39.82941
39.77962
39.80534
39.82356
39.84464
39.8154
39.80253
39.92877
39.93245
39.90375
39.97503
40.00758
39.94493
39.94481
40.01829
39.97221
39.92976
39.95174
39.92542
39.94822
39.98184
39.9129
39.87796
39.9375
39.93501
39.96447
40.01591
39.98634
39.96079
39.96733
39.98088
39.97493
40.00835
39.99531
39.93031
39.91295
39.94054
39.98834
40.00487
39.96957
39.91542
39.94468
39.97201
39.93575
39.95047
39.98315
39.98225
39.91685
39.94995
40.02864
40.03
40.02027
39.99762
40.01748
39.98076
39.99896
39.99268
39.93642
39.96422
40.05393
40.03113
39.9925
40.01474
39.99435
40.03571
40.03152
40.00235
39.95926
39.9413
39.93559
40.00234
40.01134
40.01086
39.97695
39.93283
40.0015
39.96075
39.94669
39.97561
39.95237
39.9618
39.95064
39.9263
39.92323
39.98802
40.01338
40.05389
39.98182
39.90099
39.91404
40.00087
39.98635
39.95383
39.974
39.99191
39.97019
40.00534
40.11245
40.14596
40.02883
40.05717
40.12307
40.14653
40.0444
40.05086
40.07264
40.07365
40.04336
40.02341
40.01437
40.01432
39.96957
39.99451
39.94009
39.96486
40.02435
39.88597
39.85593
39.8955
39.91746
39.95111
39.95667
39.97647
40.03044
39.98094
40.01301
40.00713
40.10586
40.11742
40.05113
40.03878
40.09478
40.07011
40.02562
39.98867
39.93495
39.9326
40.02002
40.03637
39.93431
39.78904
39.85115
39.9307
39.79722
39.77066
39.78534
39.75286
39.74347
39.8047
39.79413
39.73129
39.77249
39.77456
39.70258
39.67251
39.71863
39.78041
39.7874
39.79541
39.77119
39.77909
39.8227
39.87255
39.80635
39.68701
39.69276
39.82116
39.8819
39.86741
39.87811
39.90207
39.93498
39.93934
39.9017
39.87827
39.84494
39.84655
39.7963
39.83364
39.87891
39.88065
39.94841
39.98585
39.93161
39.94326
39.87185
39.89079
39.88622
39.87026
39.79993
39.79994
39.82301
39.86346
39.89788
39.85673
39.83615
39.81461
39.87029
39.87056
39.85165
39.85155
39.87535
39.89203
39.76519
39.71619
39.76688
39.76785
39.7914
39.76484
39.80683
39.8076
39.80001
39.72163
39.78354
39.88815
39.86787
39.82744
39.81627
39.78273
39.8253
39.85215
39.79355
39.75614
39.85015
39.85989
39.85773
39.85461
39.83418
39.83157
39.8493
39.86979
39.88058
39.83842
39.91385
39.90584
39.89962
39.94736
39.91109
39.89681
39.8461
39.8764
39.91261
39.94664
39.84221
39.83101
39.82737
39.8395
39.8324
39.79164
39.75885
39.78149
