53.36613
49.52138
49.52135
49.43645
49.4837
49.51072
49.46193
49.43846
49.47333
49.45765
49.33522
49.42355
49.42332
49.39705
49.35233
49.35683
49.36796
49.39631
49.35464
49.35282
49.36597
49.37778
49.36234
49.30158
49.28223
49.34505
49.3829
49.30292
49.32161
49.34824
49.38688
49.39663
49.35799
49.33294
49.32442
49.39193
49.39446
49.40688
49.40065
49.37444
49.38953
49.41557
49.34979
49.3972
49.46571
49.47154
49.46829
49.46544
49.46572
49.48903
49.46635
49.49588
49.5588
49.52867
49.51535
49.51746
49.54535
49.54348
49.57181
49.58738
49.57957
49.53415
49.52806
49.53335
49.4756
49.48026
49.49594
49.46712
49.56073
49.57087
49.56952
49.56013
49.5997
49.62414
49.58404
49.57916
49.57134
49.60077
49.60096
49.58744
49.48601
49.5588
49.56521
49.53891
49.52347
49.58036
49.52515
49.56851
49.5137
49.60847
49.62636
49.60717
49.57694
49.55468
49.59322
49.63376
49.56402
49.53797
49.58597
49.58733
49.51982
49.52085
49.47526
49.52173
49.53752
49.50767
49.50201
49.52335
49.56368
49.55721
49.52173
49.51737
49.51923
49.54051
49.49998
49.45182
49.41882
49.48726
49.51443
49.45967
49.51162
49.44548
49.43173
49.44938
49.42581
49.44648
49.38676
49.3613
49.3913
49.39847
49.36914
49.41245
49.45378
49.39162
49.40606
49.42853
49.41334
49.44397
49.48408
49.50748
49.49317
49.49364
49.5207
49.59059
49.54078
49.51967
49.51649
49.56336
49.51664
49.47873
49.50616
49.4566
49.50079
49.50863
49.49998
49.45271
49.50427
49.49305
49.53792
49.56726
49.60073
49.52176
49.50901
49.56561
49.56644
49.49382
49.5379
49.54656
49.5518
49.49276
49.47898
49.4809
49.48337
49.51439
49.53918
49.515
49.52077
49.48741
49.55887
49.62999
49.65022
49.57172
49.59074
49.63091
49.64584
49.5703
49.58725
49.65039
49.60335
49.58674
49.63016
49.64923
49.64732
49.62917
49.61782
49.61592
49.59131
49.63798
49.60092
49.59929
49.56242
49.6296
49.62164
49.63582
49.65793
49.64846
49.66154
49.65549
49.68697
49.70423
49.67327
49.69781
49.6925
49.76637
49.686
49.69298
49.75294
49.76859
49.78099
49.73824
49.75218
49.69022
49.77764
49.77785
49.75268
49.74218
49.7655
49.79937
49.78826
49.77348
49.72601
49.73375
49.82838
49.81078
49.79461
49.7049
49.67443
49.75708
49.76883
49.72466
49.67222
49.68202
49.71575
49.71249
49.69181
49.69511
49.68835
49.70597
49.70636
49.67093
49.75026
49.73233
49.68752
49.75356
49.74561
49.73308
49.72901
49.76127
49.75692
49.7524
49.72668
49.68749
49.68418
49.74131
49.71885
49.71452
49.72433
49.68103
49.69866
49.74366
49.70272
49.70486
49.73054
49.71613
49.7113
49.66098
49.6986
49.69228
49.63441
49.64436
49.66399
49.67899
49.66563
49.67882
49.70894
49.72854
49.73902
49.73647
49.77602
49.76598
49.84486
49.8347
49.78961
49.81564
49.83529
49.88263
49.87316
49.83442
49.82885
49.83392
49.88722
49.87186
49.86218
49.88671
49.9545
49.92856
50.01291
49.98793
49.95775
49.97733
49.93283
49.93615
49.95651
49.9506
49.9062
49.92656
49.94561
49.91543
49.92453
49.95812
49.89553
49.88773
49.8312
49.84493
49.82438
49.76546
49.77121
49.78948
49.84825
49.773
49.77895
49.72811
49.80371
49.77044
49.74709
49.79686
49.84052
49.79283
49.88876
49.87355
49.89069
49.93866
49.99482
49.93032
50.00607
50.05218
50.05832
50.03811
49.96272
49.94388
49.96114
49.95071
49.93311
49.98391
49.94278
49.90965
49.94262
49.9423
49.9051
49.98277
49.97817
49.99256
50.00544
50.0178
50.04504
50.0451
50.0102
49.95102
50.00232
50.00875
49.97415
49.87999
49.93627
49.96357
49.95618
49.95457
50.00955
49.993
49.97879
50.03886
49.9879
49.95409
49.91713
49.92992
49.97437
49.94257
49.90792
49.88827
49.96571
49.94233
49.92076
49.902
49.90304
49.89226
49.93315
49.88593
49.90668
49.87529
49.91268
49.85822
49.90288
49.92193
49.9267
49.83181
49.89187
49.87957
49.8604
49.83587
49.86368
49.80454
49.86665
49.85111
49.75951
49.72514
49.71489
49.67515
49.64015
49.61847
49.59296
49.57502
49.55113
49.51718
49.48433
49.53239
49.46917
49.45369
49.5435
49.55825
49.45237
49.4063
49.33401
49.40535
49.43526
49.38866
49.4236
49.47798
49.44458
49.4722
49.45311
49.51602
49.51746
49.5554
49.59182
49.68104
49.67561
49.6757
49.65628
49.7588
49.8251
49.83051
49.80944
49.83491
49.83986
49.8163
49.82162
49.83313
49.89335
49.87967
49.869
49.89347
49.90331
50.00235
50.00144
50.02065
50.0203
50.08525
50.02814
49.98635
49.98736
49.99958
49.98108
50.01758
50.0041
49.9699
49.98707
50.00751
50.07476
50.05871
50.05127
50.05167
50.1034
50.08822
50.12947
50.12506
50.17334
50.17584
50.19365
50.21677
50.19528
50.24097
50.23914
50.24541
50.19065
50.18464
50.22941
50.16654
50.21921
50.26147
50.22755
50.26635
50.25655
50.28901
50.19957
50.24714
50.29678
50.27958
50.25031
50.24545
50.17275
50.21751
50.18612
50.15235
50.17807
50.14317
50.08559
50.0856
50.0615
50.10911
50.06962
50.01542
50.00785
50.01988
50.02159
49.93833
49.95955
49.99009
49.99967
49.94876
49.95281
49.97545
49.94729
49.93275
49.95484
49.98785
50.04848
50.02451
50.09962
50.10073
50.11152
50.12268
50.14711
50.18991
50.18728
50.21106
50.21697
50.20116
50.16603
50.22095
50.21196
50.16534
50.1405
50.18348
50.14434
50.10994
50.07714
50.0843
50.09185
50.02231
50.06429
50.04813
50.11394
50.13956
50.10032
50.08009
50.09858
50.11933
50.11047
50.0824
50.0659
50.06179
50.05879
50.048
50.02392
50.03693
50.05063
49.99573
50.02627
50.00029
49.93972
50.00732
49.9622
49.91117
49.88178
49.94327
49.95444
49.99787
49.97572
49.96648
49.93527
49.9609
49.96415
49.93057
49.97161
49.97392
49.95983
49.95195
49.99123
49.98952
49.97419
49.99489
50.02416
50.01581
49.98439
50.00396
50.04972
50.01536
49.90756
49.88715
49.85417
49.87342
49.88887
49.87983
49.80181
49.7985
49.80813
49.80542
49.79531
49.79241
49.80436
49.83082
49.83208
49.84836
49.8393
49.83858
49.84869
49.83883
49.87237
49.87865
49.92075
49.90742
49.93413
49.89131
49.85735
49.90483
49.907
49.83821
49.83701
49.80231
49.79014
49.79076
49.87416
49.91028
49.94963
49.97466
49.93257
49.99886
50.03155
50.06321
50.1036
50.09055
50.13698
50.09742
50.11226
50.02566
50.01206
50.04195
50.04726
49.95653
49.97883
49.90966
49.95445
49.94812
49.91152
49.92027
49.90346
49.89034
49.89617
49.92027
49.8952
49.8493
49.85023
49.82979
49.79955
49.888
49.84905
49.84613
49.85242
49.92752
49.89484
49.94585
49.99519
50.00618
50.02991
50.0844
50.02827
50.09893
50.11526
50.13135
50.13574
50.22401
50.17291
50.17009
50.16034
50.19836
50.13311
50.1228
50.16043
50.15263
50.1191
50.12535
50.09008
50.13406
50.1012
50.1128
50.14768
50.15347
50.12375
50.21
50.16161
50.14611
50.18297
50.1772
50.21315
50.19249
50.20672
50.21745
50.14377
50.11542
50.10467
50.09978
50.06068
50.0156
50.0735
50.08003
50.04079
50.06503
50.10201
50.05183
50.02668
50.02054
50.05156
50.05224
49.98241
49.91134
49.92845
49.94922
49.94441
49.90894
49.91621
49.93521
49.9321
49.85752
49.83593
49.8968
49.89214
49.85707
49.82283
49.75243
49.86592
49.80542
49.77814
49.70574
49.71722
49.76982
49.72379
49.71006
49.73399
49.73773
49.77856
49.7268
49.7375
49.73249
49.72948
49.69975
49.6829
49.69737
49.71743
49.71026
49.71133
49.73665
49.75232
49.7324
49.72887
49.78414
49.78123
49.74877
49.68646
49.73433
49.7673
49.75043
49.77273
49.75596
49.80943
49.83278
49.82904
49.82942
49.80349
49.72986
49.70424
49.76451
49.67971
49.62568
49.66196
49.73092
49.6884
49.67014
49.72454
49.6877
49.66284
49.6256
49.64334
49.7126
49.7187
49.67927
49.7057
49.75782
49.71851
49.72781
49.74908
49.7741
49.80513
49.81578
49.84026
49.85577
49.85477
49.8788
49.88477
49.82732
49.85854
49.8663
49.85201
49.85135
49.78799
49.85864
49.83166
49.85049
49.85999
49.89978
49.81104
49.77013
49.74605
49.73914
49.73815
49.7341
49.72976
49.75096
49.74651
49.77945
49.73971
49.77354
49.80951
49.84217
49.84417
49.84438
49.86783
49.90471
49.85161
49.81863
49.79089
49.79614
49.849
49.79182
49.74894
49.78495
49.77019
49.72224
49.75716
49.695
49.67922
49.6889
49.76251
49.72633
49.73443
49.76088
49.68287
49.7718
49.81248
49.78185
49.70008
49.70272
49.77694
49.76129
49.70771
49.6572
49.64162
49.66649
49.57792
49.62137
49.64852
49.61909
49.58371
49.64198
49.63322
49.60054
49.5561
49.62246
49.65941
49.63998
49.64325
49.63937
49.69108
49.71943
49.65258
49.67194
49.69466
49.70427
49.63078
49.73073
49.78016
49.71298
49.77406
49.79261
49.78901
49.83461
49.80689
49.85036
49.85233
49.84506
49.84661
49.79377
49.85036
49.84663
49.84275
49.83591
49.83513
49.79794
49.74302
49.71954
49.76398
49.71328
49.65915
49.66525
49.68116
49.65348
49.68264
49.62922
49.6287
49.67099
49.73521
49.7089
49.69548
49.69095
49.62337
49.59876
49.58421
49.60694
49.62635
49.55678
49.53204
49.60135
49.60649
49.63302
49.66343
49.6899
49.70947
49.71861
49.76835
49.78202
49.77837
49.83313
49.87981
49.88331
49.87495
49.97153
49.99177
49.98683
49.99895
49.98284
49.94354
50.01086
50.01572
49.98254
49.91476
49.89119
49.91398
49.90644
49.87807
49.84194
49.77369
49.77533
49.72446
49.74806
49.66375
49.65285
49.62072
49.63424
49.6895
49.7041
49.7216
49.71701
49.76878
49.76699
49.75446
49.77914
49.74557
49.76722
49.78019
49.81437
49.77639
49.70993
49.71148
49.78603
49.71966
49.65002
49.60108
49.65483
49.68493
49.62809
49.6388
49.70323
