53.25563
49.51891
49.51892
49.47575
49.46317
49.43913
49.46715
49.44856
49.4351
49.48329
49.49071
49.45998
49.44818
49.51492
49.53611
49.57474
49.67152
49.6431
49.68197
49.62086
49.71837
49.72108
49.76283
49.68535
49.68658
49.67344
49.63069
49.62185
49.51334
49.55095
49.57502
49.59986
49.53121
49.45755
49.46561
49.50713
49.52441
49.52089
49.51683
49.55831
49.57136
49.56631
49.56543
49.64791
49.63614
49.60877
49.6909
49.69117
49.6446
49.64132
49.70118
49.72468
49.68171
49.69518
49.68719
49.6972
49.71545
49.70916
49.74277
49.72029
49.68347
49.69051
49.65284
49.6686
49.67323
49.62729
49.66175
49.67143
49.68725
49.62395
49.63162
49.64472
49.64653
49.61572
49.66565
49.63663
49.6413
49.68793
49.70786
49.67676
49.66934
49.7226
49.7061
49.64445
49.5811
49.66888
49.65359
49.60196
49.55866
49.60167
49.56028
49.48678
49.43999
49.4293
49.49055
49.50215
49.47131
49.41774
49.39179
49.41476
49.42383
49.47927
49.46974
49.42643
49.51608
49.52094
49.45396
49.5088
49.57313
49.53671
49.51923
49.49941
49.48923
49.54141
49.60112
49.56489
49.575
49.62146
49.62138
49.54336
49.52143
49.49756
49.5443
49.51865
49.51221
49.51498
49.53889
49.54103
49.55074
49.51408
49.48574
49.52139
49.54698
49.56921
49.5444
49.56689
49.64769
49.59819
49.53618
49.56383
49.58125
49.56252
49.54418
49.63757
49.58054
49.56845
49.58592
49.53066
49.56681
49.57875
49.57867
49.60261
49.61745
49.66047
49.68542
49.65458
49.61329
49.54248
49.56399
49.62155
49.60448
49.56198
49.52026
49.55382
49.60299
49.57001
49.56828
49.54808
49.53732
49.55949
49.607
49.59389
49.5692
49.52983
49.52521
49.55286
49.54014
49.56084
49.52702
49.48275
49.50149
49.49981
49.52541
49.48948
49.5281
49.57578
49.59266
49.52561
49.48067
49.47262
49.52116
49.50435
49.50884
49.50628
49.46671
49.49179
49.46145
49.36419
49.39852
49.43683
49.44438
49.40244
49.36507
49.39137
49.39465
49.42945
49.41065
49.44277
49.45431
49.46308
49.4617
49.48473
49.54874
49.54707
49.48933
49.52956
49.56821
49.65625
49.62042
49.65111
49.63541
49.67056
49.68008
49.65755
49.71431
49.71539
49.72746
49.76737
49.78681
49.78268
49.74048
49.80555
49.78778
49.78103
49.7918
49.85154
49.88367
49.88897
49.90838
49.8769
49.89725
49.86882
49.95945
49.90669
49.8599
49.81388
49.87128
49.88124
49.83967
49.81457
49.83927
49.87745
49.90191
49.84582
49.85845
49.89796
49.93353
49.87374
49.92035
49.91681
49.96079
49.97205
49.96614
49.97419
49.96897
49.98391
49.99704
49.96309
49.92196
49.95929
49.95855
49.90439
49.91771
49.98003
49.95562
49.91434
49.89486
49.83472
49.88325
49.84644
49.8224
49.80516
49.82967
49.79759
49.78909
49.76434
49.76094
49.84949
49.84811
49.87188
49.82692
49.85194
49.88192
49.86222
49.8209
49.78144
49.85314
49.89923
49.85214
49.82352
49.87971
49.88997
49.85919
49.89246
49.88649
49.87229
49.86937
49.86662
49.87137
49.8596
49.85497
49.81737
49.80129
49.77268
49.75486
49.76609
49.77389
49.79427
49.88315
49.85477
49.83079
49.7746
49.76206
49.79445
49.73723
49.76891
49.78123
49.73898
49.75175
49.75324
49.76511
49.77423
49.76537
49.75943
49.71736
49.71139
49.68761
49.67712
49.69353
49.69982
49.74704
49.77959
49.76455
49.79569
49.80232
49.82624
49.83219
49.86051
49.8999
49.8016
49.78302
49.79535
49.83465
49.82773
49.81834
49.78047
49.90049
49.84241
49.85917
49.90687
49.92689
49.875
49.93143
49.87397
49.90701
49.91798
49.91513
49.94454
49.97252
49.94954
49.90642
49.86942
49.8287
49.77186
49.80009
49.76582
49.71053
49.76325
49.76331
49.80893
49.82565
49.84699
49.85238
49.88641
49.85961
49.85485
49.82092
49.83382
49.90976
49.93701
49.90064
49.89312
49.9551
49.94832
50.01998
49.97427
49.96861
49.99758
50.01058
49.99961
50.09602
50.05755
50.05404
50.07037
50.0925
50.1187
50.12682
50.1018
50.06431
50.11068
50.10856
50.04996
50.0309
49.99238
49.98898
49.95012
49.92339
49.92024
49.90719
49.85953
49.91875
49.91723
49.87925
49.85673
49.85553
49.90116
49.84736
49.86152
49.7857
49.74084
49.77452
49.76394
49.77112
49.7948
49.82425
49.75355
49.71889
49.78977
49.77233
49.7683
49.69615
49.65552
49.64717
49.73508
49.71606
49.69994
49.72375
49.74009
49.67097
49.65434
49.64909
49.63512
49.64584
49.69788
49.6959
49.76073
49.74606
49.81029
49.82158
49.85717
49.84883
49.8957
49.89968
49.95371
50.00805
49.98625
49.94323
50.00322
50.05011
50.0307
50.0447
50.00081
50.01408
50.06118
50.0219
49.97795
49.96886
49.98594
49.96295
49.94738
49.99407
49.93687
49.90291
49.88156
49.88587
49.81959
49.78626
49.7518
49.7786
49.80813
49.80179
49.8513
49.85447
49.80583
49.83491
49.88493
49.88961
49.89284
49.81536
49.88932
49.92105
49.8461
49.84077
49.85319
49.84667
49.87455
49.78833
49.84726
49.84552
49.90685
49.87703
49.86225
49.87946
49.86006
49.87406
49.87984
49.8442
49.90469
49.95242
49.91593
49.91477
49.95464
49.97907
49.95138
49.95559
49.92648
49.92424
49.92854
49.98476
49.97837
49.9275
49.9113
49.9744
50.0184
50.01391
49.96409
49.95301
50.00933
49.98923
49.96721
50.02394
49.98116
50.01421
49.99958
49.98708
49.94252
50.02613
49.98471
49.95177
49.95932
50.03864
50.05669
50.00266
49.92582
49.93104
49.94338
49.95745
49.96505
49.93776
49.91341
49.87339
49.86199
49.92734
49.91191
49.94576
49.9472
50.00701
50.00184
50.03791
49.99524
49.97775
49.96109
50.01685
49.96413
50.03064
50.01035
50.06189
50.08682
50.07237
50.1198
50.08363
50.0716
50.1139
50.11532
50.10497
50.11224
50.15002
50.05132
50.06667
50.08195
50.11019
50.00695
50.07892
50.05149
50.07827
50.11135
50.11023
50.09907
50.09194
50.12561
50.14647
50.06242
50.02355
49.99954
50.02645
49.99525
49.90269
49.88276
49.90113
49.90544
49.92429
49.99761
49.99774
50.00943
50.02575
50.03476
50.03552
50.05979
50.00503
50.01288
50.05053
50.04507
50.01105
49.97541
50.05345
50.01279
50.06643
50.04421
50.10503
50.08271
50.09018
50.1234
50.1056
50.1498
50.10667
50.09053
50.07469
50.05786
50.14501
50.13457
50.15443
50.10531
50.09297
50.09601
50.11421
50.08009
50.08767
50.07466
49.98561
49.98275
49.96608
49.8884
49.84193
49.77572
49.81604
49.80229
49.72856
49.74606
49.67819
49.73231
49.68658
49.71728
49.71946
49.73613
49.72067
49.72138
49.79648
49.74833
49.71175
49.73326
49.75636
49.76181
49.74448
49.72418
49.70446
49.75138
49.7492
49.73468
49.75319
49.81079
49.85679
49.89051
49.91362
49.86781
49.8924
49.853
49.84073
49.91086
49.91177
49.89631
49.943
49.9343
49.90477
49.94512
49.93679
49.90524
49.93465
49.96025
49.972
49.95409
49.92943
49.97068
50.02876
50.05186
49.99412
49.99795
50.00743
50.01013
49.98797
50.02181
49.9727
50.01028
49.944
49.94682
50.00248
50.02956
49.97821
50.02769
50.04
50.05028
50.09163
50.14519
50.12352
50.09396
50.14397
50.15555
50.18524
50.2113
50.1721
50.22225
50.25677
50.22197
50.23752
50.23695
50.20184
50.23906
50.20876
50.1772
50.14251
50.12206
50.13473
50.18909
50.09541
50.09939
50.14755
50.13715
50.13302
50.11649
50.10762
50.13345
50.16462
50.1992
50.14283
50.11335
50.11824
50.1635
50.08163
50.05261
50.03
50.00217
49.99746
49.95702
49.9212
49.93269
49.90562
49.88083
49.84267
49.85494
49.8204
49.79901
49.8047
49.83555
49.79153
49.80421
49.71139
49.71005
49.76482
49.72817
49.68317
49.69955
49.71453
49.73118
49.67758
49.68725
49.66976
49.71516
49.72163
49.73297
49.70882
49.79593
49.76146
49.80654
49.75143
49.77981
49.72592
49.7236
49.73314
49.68139
49.61331
49.66745
49.7055
49.72042
49.71632
49.73431
49.72897
49.7243
49.7401
49.78851
49.79925
49.77521
49.77224
49.79332
49.75209
49.7111
49.73859
49.77956
49.82759
49.76836
49.72728
49.76423
49.80325
49.80098
49.77557
49.80075
49.78941
49.80296
49.85075
49.84358
49.88747
49.91817
49.92039
49.93254
50.0219
50.0645
49.98269
49.92788
49.93309
49.99467
50.00122
49.94487
49.97239
50.00542
50.05637
50.03328
50.03847
50.00399
50.0433
50.02439
50.01784
50.07508
50.08246
50.07604
50.00334
49.97905
50.01166
49.9955
49.95576
49.95015
49.90604
49.90816
49.89991
49.92149
49.87239
49.90374
49.90165
49.83688
49.80224
49.79788
49.84448
49.82913
49.82094
49.88766
49.86103
49.84967
49.82109
49.79995
49.75884
49.78307
49.81372
49.80765
49.76217
49.81443
49.76366
49.77254
49.76827
49.78598
49.73883
49.74221
49.8094
49.78274
49.77709
49.79323
49.75122
49.79049
49.78981
49.78264
49.74614
49.80273
49.81702
49.79519
49.7413
49.74568
49.75902
49.80873
49.78603
49.79771
49.82618
49.84024
49.81304
49.75849
49.80587
49.78832
49.75062
49.79491
49.85609
49.77592
49.75377
49.72646
49.76857
49.7704
49.76824
49.73949
49.72668
49.77858
49.72987
49.70229
49.70803
49.69011
49.69704
49.69901
49.65307
49.68576
49.73434
49.72934
49.72213
49.74759
49.73109
49.76722
49.7751
49.73858
49.7232
49.72816
49.77663
49.82026
49.72923
49.75985
49.75945
49.78033
49.76413
49.80166
49.81646
49.81199
49.81944
49.79685
49.83175
49.79831
49.81195
49.84766
49.80123
49.84439
49.82387
49.84761
49.83185
49.83443
49.83322
49.81527
49.87859
49.91221
49.86093
49.83155
49.81731
49.83237
49.84372
49.80125
49.83003
49.78846
49.81581
49.87916
49.8787
49.85178
49.84773
49.8841
49.86044
49.84172
49.87001
49.86264
49.89117
49.88624
49.85876
49.8628
49.87736
49.90849
49.85674
49.84361
49.86943
49.88432
49.89207
49.83582
49.87333
49.93603
