37.81469
36.94506
36.90868
37.30312
38.09894
37.48109
36.74354
37.87776
37.78397
37.33633
37.97937
38.18506
37.60569
36.60592
37.95311
37.26263
36.89383
38.0287
37.43493
37.14553
38.01299
38.05006
36.6636
37.60695
37.56074
37.50375
37.44557
37.76746
37.66431
37.48147
37.48821
37.59509
36.63887
37.6929
36.80136
38.66646
36.87624
39.31981
38.65815
38.30347
38.38736
37.66484
38.65158
38.2941
38.352
37.52481
37.92944
37.41993
38.15869
38.70316
38.53795
38.26414
39.15418
37.3713
37.89779
38.28426
38.17087
37.85888
38.38296
37.5834
37.3088
38.48503
37.83275
35.98554
37.45918
37.48416
37.68243
36.81726
36.54676
37.19414
36.72626
37.25874
36.64674
37.19988
36.55858
36.44404
36.98179
36.90543
38.54352
37.28432
37.69303
37.08542
37.11372
37.36946
38.52655
37.55077
37.01195
37.30794
37.7322
38.72476
37.59532
37.17172
37.32205
38.07268
36.94015
36.62112
36.98289
37.27636
37.00126
37.48482
37.77262
37.84492
37.78612
37.86388
37.17338
37.05149
37.82397
37.27838
37.7722
38.61107
38.22577
38.05694
37.98378
37.8461
36.48095
37.37547
37.14914
37.21297
37.57222
38.56048
37.87589
37.65258
37.88619
37.03493
38.30324
38.39267
37.10732
39.19221
37.21112
38.08328
37.6479
37.01144
38.03666
37.98936
36.74717
37.52036
37.99479
38.10555
37.43338
37.32963
36.88647
37.60809
36.9104
37.88996
37.40986
37.49127
38.42337
37.39219
37.40949
36.47721
37.29544
38.46697
37.67971
37.98815
36.9649
37.08535
37.84716
38.30427
36.83606
37.43072
37.3889
38.07013
37.06286
37.51445
37.36802
37.65231
38.5908
37.82049
38.59309
37.92651
38.09616
38.21003
37.78467
37.46215
37.09398
36.55157
37.06628
37.08262
37.24859
36.70582
37.28275
37.86635
36.73061
37.32892
36.98575
37.46856
37.16342
36.60875
37.26022
36.75975
36.50248
36.85316
36.29387
37.46881
36.94049
37.34058
37.44862
37.45702
36.71831
35.59043
36.54771
35.83291
36.23753
37.2313
36.1407
36.77114
37.12894
36.95946
36.98671
37.8481
36.9528
37.41264
36.97101
37.51331
37.01701
37.76201
36.08179
38.16419
36.4959
37.02806
36.48749
36.28821
37.00792
37.44048
37.57496
36.96795
37.1913
36.42696
37.08454
36.7494
37.43777
36.91664
37.19001
36.92257
36.85728
36.95555
36.69372
36.3064
37.05758
38.25076
37.48951
37.06679
37.07053
37.68751
37.49373
36.59795
37.92535
37.42945
37.28825
37.01793
37.05355
37.27847
36.063
37.27304
36.91568
36.73101
37.82053
36.63104
37.06125
35.77878
36.51113
37.38675
36.82618
37.51232
37.15972
36.41943
37.7724
36.94115
36.58086
36.50419
36.64157
37.31863
36.99216
36.65015
37.50698
36.92775
36.60091
38.43323
37.25803
36.58143
38.1266
36.4933
37.11137
37.38403
37.94135
37.75536
37.53728
37.07897
38.228
37.7147
37.10273
37.57738
36.38689
36.83649
38.81153
36.73276
37.05468
36.71065
37.17786
36.70436
37.25824
37.78978
37.25914
37.85107
36.95343
37.25957
36.77325
37.1467
37.1483
36.88821
38.43809
37.72286
36.66182
37.52651
38.28605
36.86956
36.68464
38.11092
37.95365
37.7783
36.7437
37.00943
37.07301
37.65134
37.21716
36.88079
37.55359
38.38716
37.16324
38.25359
37.71095
36.99161
36.57756
37.00829
37.87977
37.17047
36.97564
37.36857
38.12815
38.23774
37.46573
37.64235
36.55841
38.12745
37.73021
37.91787
37.61953
36.90963
36.92444
36.70704
36.83181
37.67619
36.37893
37.08292
37.75169
37.66697
37.32416
37.24173
36.6591
37.05481
37.38725
36.23743
36.11968
38.25792
39.79613
38.32464
38.321
38.04639
37.40774
37.49085
38.32092
37.26728
36.75404
37.72148
37.42299
37.29496
37.56615
36.9989
37.33358
36.47302
36.78278
36.35516
37.81656
36.94016
38.0825
36.69147
36.87517
37.34721
36.97882
37.93128
36.10133
37.27787
36.67566
36.74102
36.03226
36.39747
36.7488
36.73123
36.3643
36.28162
36.45932
36.78501
37.20334
37.16322
36.66615
36.67313
37.21865
37.67775
40.32565
42.01719
38.96053
39.09818
39.16416
38.32354
38.37138
39.52184
37.13766
39.06422
38.35073
39.00366
38.34659
37.84433
38.45226
39.04074
38.53731
37.37549
37.92854
37.52845
38.33728
37.8236
37.11055
37.60665
38.54311
38.28341
37.71051
38.96067
38.45698
38.2739
38.88799
38.28548
38.5443
37.97353
37.46965
38.56583
38.63686
37.84998
38.11758
37.65296
37.83995
37.16438
38.4862
37.66973
37.06347
37.30701
37.75444
38.56155
37.15477
36.66212
37.70273
36.86198
38.82835
37.04556
37.29189
36.6808
37.57538
38.31064
38.01112
37.68009
38.79892
38.04409
38.8974
38.68481
37.49312
37.64754
38.58248
37.96599
36.57545
36.79729
37.625
38.32484
37.36337
37.64634
37.17057
36.6767
38.18134
38.09949
37.46576
38.18481
37.18206
36.17784
37.32744
36.39007
37.67247
36.6277
36.77849
37.15344
37.59969
37.09109
37.93824
38.03059
37.57702
38.9254
37.85848
37.48633
38.36662
38.6374
38.01652
37.66297
38.90962
37.08037
38.23397
37.94088
37.30295
38.27587
37.58093
38.34403
38.17894
38.14545
37.48935
38.22987
38.38118
38.64434
37.76752
37.9073
37.65887
38.22921
38.01014
37.9341
37.8733
38.47384
38.12144
37.93305
37.58187
37.96166
38.97431
38.4035
39.09976
39.34649
37.54398
38.4739
37.78075
38.66447
37.63653
38.13635
37.79252
38.46503
37.32852
37.44583
38.35946
37.85061
37.68682
37.64747
37.89439
37.18122
37.8387
37.4012
37.396
37.15324
37.68932
37.41806
37.29348
38.09344
37.34616
38.17647
37.09225
37.58938
37.67592
36.1952
37.18845
37.89736
37.27827
37.01706
37.27837
37.80547
36.5149
37.01706
36.9478
37.83116
37.04401
37.66151
37.59903
37.96548
38.05314
38.65332
37.00423
37.49403
37.31673
37.62058
36.47932
37.81698
38.69178
36.40737
37.69527
38.60757
38.73057
37.10101
36.56467
37.49617
37.38724
38.18787
37.24292
37.63458
37.57564
39.61129
39.49619
39.84325
37.67442
38.14716
38.41889
39.38994
38.09193
37.77158
37.72193
38.60368
38.09118
38.10715
36.54478
38.17463
37.32695
38.12189
38.49982
37.30049
37.81996
37.78033
38.46629
38.35836
38.52288
37.78692
37.21889
37.08975
38.42735
38.85426
37.75154
38.13632
38.0377
38.05708
36.69679
36.86934
37.09313
38.10254
37.52484
37.57595
37.08393
37.40286
37.30118
37.58704
37.00253
37.34503
38.0044
36.47859
37.92004
37.15254
36.94656
37.49295
36.96995
36.97321
36.83657
36.80919
37.67733
37.53
37.40481
37.94559
37.32329
37.36691
36.78448
37.35076
36.87134
36.5383
37.49393
36.85476
37.52007
37.01949
36.25159
37.3016
37.012
36.33017
37.14812
37.14525
37.30742
36.99144
37.23218
37.50236
36.5003
37.11974
37.74428
37.10845
37.36254
37.34958
35.81891
38.10936
36.3436
37.50737
37.81332
36.86135
37.87796
38.19473
37.20191
37.38105
36.44894
37.05399
36.55312
36.40242
37.74368
36.08783
37.00558
36.66692
37.07804
37.29013
37.8342
38.13928
36.76904
36.84983
37.30855
36.62033
35.86806
37.16958
36.69491
37.16036
37.15771
38.1995
36.19345
36.28386
37.57052
36.70503
36.69147
37.38273
36.5601
36.66679
36.99181
36.79364
37.25791
37.23685
36.49037
35.91975
37.16007
37.21796
37.24354
36.44364
37.15769
37.08728
37.16359
38.13632
37.42115
35.94684
36.9553
36.8795
37.24623
37.42656
37.39224
36.94876
40.12468
39.66201
36.93878
37.20523
37.88663
38.02776
36.72581
38.20284
38.29121
37.12998
37.65524
37.29378
37.05669
37.54191
37.60585
37.45826
37.03146
37.4309
38.53481
36.64484
38.60453
37.4115
38.19153
37.77439
38.80914
37.80864
37.3049
37.87364
37.24496
37.02961
37.30381
38.2313
38.2025
37.45071
37.72131
37.9073
37.13877
36.89264
39.00243
38.06969
38.26854
38.95367
38.80698
38.06946
37.1558
36.75045
38.62003
37.94787
36.48433
37.73492
37.53802
38.2671
37.2903
38.39071
38.44478
36.20121
37.99548
37.34261
38.50812
37.78216
37.37281
37.74571
37.78901
38.34497
37.70195
37.20085
37.87642
37.80033
36.61477
36.60574
36.74834
37.51264
37.13975
39.01381
37.11709
38.06134
36.96082
38.06321
37.13445
37.14075
37.58242
36.61039
37.27056
37.55009
38.02485
38.55854
37.87893
37.6159
37.52361
37.85448
38.05043
36.67405
37.20403
38.64545
38.98509
36.91986
37.34362
37.341
37.21892
37.09103
38.70187
36.69353
37.71114
38.39975
37.68619
37.60878
36.70175
37.82435
37.19796
37.27471
37.0156
37.19815
36.91131
37.91922
37.20176
37.69445
36.93344
36.84486
37.18132
37.84769
38.38675
37.51484
37.03345
37.61325
38.19043
36.6311
36.87769
37.46801
37.34227
37.7762
37.75339
39.23634
37.09533
37.11417
37.05883
38.373
37.91248
37.48776
38.08489
37.00877
37.62487
37.55193
37.18928
36.94581
37.67103
36.78051
38.26139
37.43729
37.71446
36.93501
37.65475
39.43875
36.61165
37.78458
38.74757
38.3968
38.29273
37.7651
39.02959
37.01193
37.98346
39.37889
44.97414
41.92862
39.82415
40.13264
39.81778
38.46456
38.47022
37.63335
39.0497
38.40919
37.48521
37.51804
36.56251
37.96386
37.22066
37.41298
38.07553
36.50404
37.24185
37.50744
37.15072
36.19872
36.47927
38.17352
37.81073
37.53688
36.72779
37.23558
37.84214
36.48317
36.39515
36.96292
37.86859
36.92562
36.95038
38.06389
36.47169
37.32349
37.21745
37.59747
36.45211
37.34022
38.21377
36.48038
36.99401
36.53196
37.81647
37.63034
39.01936
37.81211
37.59981
37.6952
36.77606
39.90489
38.34807
37.7232
38.3379
37.70939
36.88177
37.25912
38.01968
37.21586
38.4735
37.81761
38.04448
37.52377
37.49602
37.03097
36.93419
37.57077
37.45029
37.93903
37.2012
38.31062
38.38879
37.86202
37.58451
36.94782
37.29295
36.76237
36.76043
36.79686
36.19942
37.02916
36.23463
36.41065
36.95705
37.09393
