39.97487
39.82393
39.84186
39.86404
39.79676
39.70933
39.73715
39.74298
39.76068
39.77708
39.78592
39.83216
39.83743
39.86241
39.82079
39.84298
39.85284
39.86958
39.91491
39.88042
39.88171
39.84317
39.75689
39.748
39.81971
39.81214
39.78053
39.79271
39.78772
39.8021
39.86753
39.8354
39.81995
39.81615
39.82472
39.79511
39.77744
39.87346
39.88399
39.81083
39.83128
39.82573
39.8647
39.90275
39.94158
39.94223
39.92232
39.91085
39.90452
39.93932
39.91419
39.83433
39.8375
39.89019
39.93088
39.90397
39.84523
39.83728
39.82636
39.86863
39.82098
39.80164
39.91394
39.93866
39.8835
39.90173
39.90819
39.86609
39.92212
39.93027
39.8353
39.88951
39.92167
39.83274
39.74543
39.79557
39.83757
39.84656
39.82749
39.88186
39.89135
39.86303
39.853
39.85389
39.84742
39.80084
39.79174
39.8815
39.91301
39.88264
39.92067
39.91214
39.87996
39.87317
39.87661
39.87136
39.84837
39.86429
39.85662
39.89888
39.88726
39.82432
39.81051
39.82455
39.86298
39.8098
39.77083
39.83868
39.85265
39.81831
39.84932
39.90564
39.84457
39.82025
39.8592
39.91714
39.90407
39.81736
39.79993
39.83379
39.83723
39.84357
39.89354
39.8286
39.79736
39.813
39.87927
39.96869
39.8968
39.83879
39.86258
39.88091
39.85158
39.8388
39.83637
39.8354
39.88958
39.87228
39.82119
39.77337
39.81503
39.84914
39.81638
39.77573
39.80112
39.78719
39.81824
39.90257
39.72893
39.6973
39.82055
39.87051
39.84919
39.80182
39.79067
39.84111
39.88807
39.86607
39.80467
39.83083
39.84126
39.81554
39.81371
39.80293
39.83552
39.8033
39.80903
39.87343
39.88215
39.78022
39.7614
39.76851
39.71029
39.71476
39.69212
39.78694
39.76463
39.68394
39.71049
39.76293
39.79482
39.81094
39.8237
39.81471
39.84468
39.78807
39.82328
39.87353
39.9116
39.92548
39.87701
39.85498
39.92865
39.9002
39.8536
39.85405
39.86872
39.78878
39.82816
39.8763
39.8819
39.83882
39.77444
39.81595
39.88822
39.92134
39.85907
39.79039
39.76734
39.83977
39.80449
39.79919
39.87625
39.77313
39.7179
39.78033
39.81419
39.72566
39.73859
39.80708
39.82566
39.72703
39.73264
39.81559
39.76362
39.72522
39.716
39.7332
39.75295
39.70627
39.70775
39.71047
39.76145
39.76705
39.75517
39.72713
39.76137
39.78204
39.73146
39.7715
39.81289
39.72115
39.73294
39.7472
39.78364
39.79321
39.79104
39.80261
39.76475
39.78586
39.81755
39.73958
39.70969
39.76995
39.83414
39.77703
39.75761
39.73467
39.69661
39.78053
39.77859
39.70553
39.75389
39.7844
39.69576
39.66249
39.74435
39.77804
39.66824
39.63415
39.72027
39.71909
39.70897
39.73465
39.75779
39.74336
39.67452
39.70013
39.76217
39.7553
39.73373
39.73694
39.71667
39.76009
39.82729
39.78226
39.81333
39.83538
39.7542
39.78331
39.79723
39.75606
39.78671
39.85999
39.73923
39.67764
39.73551
39.76015
39.79826
39.72272
39.68913
39.73462
39.79487
39.81916
39.78991
39.71334
39.67731
39.6708
39.71633
39.73243
39.65993
39.6484
39.67847
39.71071
39.74928
39.79746
39.75
39.72435
39.77439
39.77184
39.76654
39.74741
39.71664
39.72915
39.64593
39.61106
39.64006
39.68483
39.65471
39.6524
39.67825
39.73408
39.80476
39.8022
39.74754
39.78173
39.80574
39.78572
39.78676
39.74152
39.77731
39.76791
39.76195
39.74201
39.68011
39.64437
39.68696
39.73621
39.73624
39.72337
39.73458
39.74638
39.73662
39.68009
39.70011
39.72628
39.71814
39.71074
39.73185
39.78419
39.67802
39.61678
39.68409
39.7647
39.77998
39.75585
39.75195
39.67802
39.74078
39.80849
39.86091
39.80841
39.81169
39.82438
39.86967
39.86409
39.83017
39.77743
39.89616
39.90662
39.84106
39.77164
39.82783
39.84549
39.74388
39.81553
39.8496
39.76587
39.71294
39.76226
39.7388
39.76233
39.76484
39.75217
39.76465
39.80739
39.84399
39.7711
39.69437
39.74345
39.73757
39.76747
39.78458
39.75932
39.77869
39.80114
39.83702
39.82297
39.74755
39.64945
39.67358
39.83907
39.85429
39.79646
39.8503
39.91068
39.91559
39.98331
39.99097
39.88903
39.95116
40.02371
40.03354
40.01876
40.02504
39.9954
40.03389
40.04526
40.08549
40.1358
40.09572
40.09988
40.13089
40.11066
40.12691
40.11284
40.09871
40.10402
40.04644
40.08068
40.13472
40.13815
40.11779
40.10486
40.13938
40.12788
40.00972
40.04385
40.08095
40.06959
39.99428
39.95392
39.94385
40.05816
40.11658
40.09405
40.12601
40.12969
40.05732
40.08137
40.12535
40.16681
40.11755
40.06086
40.08139
40.09221
40.12391
40.10011
40.02142
40.09123
40.04167
39.99628
39.96692
39.9908
40.01739
39.93404
39.88219
39.95137
39.98936
39.99503
39.98957
39.94346
39.92318
39.9297
39.95259
39.97483
39.98926
39.92616
39.97954
40.02343
39.93339
39.93064
39.99138
39.94165
40.0045
40.01467
39.9513
39.88944
39.88822
39.89145
39.91152
39.8993
39.87194
39.89598
39.92692
39.87719
39.85139
39.8949
39.89722
39.93176
39.93312
39.86605
39.85289
39.96008
39.97911
39.8512
39.78775
39.84178
39.8154
39.78513
39.85241
39.91615
39.85191
39.82994
39.87269
39.84185
39.77848
39.88759
39.88894
39.86439
39.77269
39.74578
39.77579
39.83321
39.91
39.80337
39.76995
39.80963
39.85205
39.88502
39.87616
39.82186
39.83634
39.79667
39.84882
39.85018
39.85302
39.81992
39.78196
39.78112
39.82366
39.86209
39.82485
39.78308
39.81518
39.80978
39.83987
39.8389
39.75453
39.71916
39.80878
39.83823
39.7943
39.77178
39.75124
39.77639
39.80485
39.80753
39.85684
39.87514
39.91444
39.90743
39.89371
39.88356
39.94808
39.9885
39.92022
39.92308
39.93609
39.9348
39.94266
39.92795
39.89207
39.91686
39.93906
39.91479
39.87271
39.86513
39.93235
39.8885
39.80812
39.83722
40.00283
39.96295
39.91283
39.95205
39.92608
39.92646
39.92598
39.94339
40.02232
39.92059
39.86457
39.90487
39.92262
39.96161
39.95182
39.96482
39.93679
39.92159
39.91804
39.97729
40.03489
40.01281
39.93491
39.92092
39.95564
39.92204
39.8723
39.89058
39.94585
39.99886
39.93537
39.91634
39.9045
39.97733
40.01135
39.95061
39.86303
39.86635
39.94162
39.9777
39.88822
39.87083
39.92551
39.93248
39.94115
39.90108
39.8902
39.93924
39.97231
39.92509
39.95432
39.98117
39.99156
39.95786
39.94316
39.90961
39.92514
39.90182
39.89634
39.87517
39.86788
39.98763
39.98734
39.89298
39.88963
39.90848
39.92272
39.87543
39.92615
39.92478
39.83881
39.81294
39.90956
39.95433
39.8971
39.89759
39.91575
39.83805
39.80963
39.83782
39.86074
39.75345
39.77594
39.78098
39.77419
39.7325
39.73215
39.75336
39.76993
39.73137
39.69446
39.68456
39.73492
39.78069
39.75728
39.77854
39.7713
39.73904
39.79723
39.79186
39.79541
39.77423
39.81168
39.79987
39.78239
39.77797
39.78039
39.71901
39.71667
39.81178
39.84591
39.73805
39.76741
39.7425
39.72699
39.74645
39.78286
39.81966
39.81821
39.81229
39.80028
39.77739
39.87138
39.89066
39.88376
39.87094
39.79232
39.80384
39.78461
39.74163
39.79307
39.85376
39.87356
39.82818
39.79129
39.84002
39.76481
39.73563
39.78461
39.84952
39.82159
39.7721
39.80249
39.77042
39.76214
39.7898
39.82245
39.84381
39.82242
39.73498
39.75481
39.71993
39.68131
39.70361
39.78288
39.77376
39.73746
39.64133
39.676
39.66663
39.69603
39.77201
39.776
39.74405
39.79517
39.80578
39.79303
39.8151
39.84958
39.78725
39.76926
39.80487
39.84053
39.86488
39.86526
39.81798
39.74636
39.82562
39.90715
39.92371
39.91415
39.88992
39.89708
39.96925
39.99219
39.96652
39.94881
39.89529
39.90576
39.92313
39.94758
39.90129
39.89268
39.88274
39.95731
40.00353
39.98087
39.95539
39.99863
39.9615
39.93794
39.89736
39.95743
39.99519
39.99395
39.99419
39.93764
39.99535
40.05876
40.03767
40.04532
40.03337
40.00405
39.98705
40.0001
40.05503
40.08828
40.03637
39.92164
39.8911
39.90709
39.92918
39.93943
40.00001
39.92922
39.8519
39.92277
39.93923
39.90694
39.97825
39.98814
40.01948
40.00261
39.9352
39.95639
39.90619
39.92966
40.00001
39.9676
39.91707
39.9977
40.0574
40.06672
40.005
40.00988
40.04364
40.00151
40.00625
40.02784
39.99095
39.9341
39.95685
39.96239
39.96063
39.95876
39.89434
39.86821
39.89645
39.92504
39.9708
39.94752
40.00387
40.02674
39.99628
40.00545
40.03784
40.019
40.00731
40.02497
40.05911
40.01791
40.00834
39.94569
39.89302
39.99237
39.99408
39.9198
39.88379
39.86333
39.87112
39.8791
39.92683
40.0628
39.9949
39.94667
39.93768
39.973
39.89947
39.88054
39.82568
39.84531
39.85775
39.81511
39.80432
39.77404
39.81088
39.89903
39.88238
39.83817
39.8208
39.79884
39.82877
39.89431
39.90925
39.85073
39.83268
39.82685
39.8616
39.81943
39.86274
39.88414
39.86773
39.84229
39.8129
39.83041
39.86724
39.83335
39.84515
39.86562
39.89149
39.85933
39.75653
39.81448
39.91209
39.83185
39.72805
39.78858
39.89734
39.93248
39.98475
39.96008
39.96944
40.01838
40.00328
39.97689
39.9853
39.93406
39.9035
39.92492
39.92847
39.97343
39.99752
40.00167
39.94579
39.85798
39.87414
39.86821
39.90418
39.84483
39.76565
39.77208
39.74465
39.82811
39.78824
39.76125
39.75193
39.75064
39.7954
39.82552
39.83315
39.80081
39.84007
39.79918
39.77657
39.76191
39.74124
39.80596
39.78172
39.75136
39.68222
39.74844
39.78816
39.73204
39.78093
39.74017
39.65424
39.70647
39.81459
39.88496
39.8989
39.86664
39.87438
39.82739
39.86807
39.93348
39.98036
39.92838
39.9059
39.88549
39.90626
39.87911
39.9326
39.94702
39.8893
39.90328
39.92034
39.8618
39.90707
39.98189
39.88601
39.85583
39.93634
39.93762
39.90226
39.95446
39.89009
39.85482
39.94796
