40.45484
39.94943
39.96538
39.98408
39.95728
39.93234
39.9387
39.92745
39.94563
39.93666
39.88517
39.88873
39.94431
39.95033
39.94889
39.94715
39.91274
39.89817
39.97612
40.02313
39.93862
39.91059
39.84557
39.90701
39.92092
39.89546
39.88981
39.93212
39.97824
39.97959
39.94358
39.87511
39.90207
39.99559
39.98299
39.87774
39.888
39.9899
40.00531
39.99995
39.96861
39.95539
39.9856
40.00311
40.03
40.0331
39.96645
39.94244
40.0447
40.05811
39.98765
40.02399
39.98097
39.92761
40.03529
40.04282
39.94838
39.91607
39.90659
39.98738
40.02287
40.03249
40.05603
40.01236
40.00042
39.99201
39.96225
39.92599
39.98817
40.06416
39.99395
39.98305
39.97961
39.98021
39.96702
40.01685
39.98318
39.96169
39.9525
40.00692
39.94889
39.91158
39.87727
39.91875
39.90063
39.81485
39.84202
39.93384
39.82687
39.77117
39.846
40.00161
40.04248
39.98546
39.93758
39.97121
40.00291
40.04376
40.02119
39.95776
39.99917
39.96681
40.00248
40.08145
39.99369
39.97309
40.01273
39.94386
39.90884
39.93864
40.02529
39.97555
39.9346
39.90885
39.89537
39.99191
39.98365
39.91413
39.89257
39.9214
39.95074
39.94191
39.9097
39.87058
39.89273
39.90379
39.92191
39.9282
39.94473
40.00956
40.02583
39.96292
39.99746
40.00672
40.06812
40.01299
39.96194
40.08537
40.08138
39.9359
39.91114
39.98092
39.98299
39.92522
39.88901
39.86362
39.92082
39.93693
39.96367
39.9392
39.95921
39.97728
39.88797
39.86336
39.87992
39.87817
39.94398
39.9614
39.90699
39.79877
39.83821
39.94307
39.96976
39.95684
39.90002
39.87914
39.9001
39.94158
39.96705
39.88906
39.79583
39.78113
39.91056
40.01768
39.95712
39.91026
39.9394
39.92307
39.92607
39.97075
39.98152
39.98082
39.99586
39.98162
39.96232
39.94809
39.93905
39.9944
40.0062
40.02697
40.06162
40.03261
39.99316
40.00509
40.022
39.98931
39.99773
40.05427
40.0743
40.05167
40.00444
40.07176
40.07551
39.99942
39.97349
40.0184
40.04885
39.99389
39.96146
39.9524
39.97644
40.00491
40.00055
39.97981
39.97854
39.9562
39.8968
39.88638
39.90838
39.90424
39.94381
39.93191
39.94025
39.93324
39.86333
39.9038
39.96608
40.01173
39.96715
39.96862
39.99669
39.93837
39.93915
39.93038
39.98014
39.96422
39.86862
39.88002
39.9409
39.92415
39.92156
39.94462
39.88496
39.86558
39.87441
39.87347
39.8416
39.81546
39.8165
39.88222
39.91777
39.85718
39.83682
39.89885
39.8818
39.85672
39.8291
39.853
39.83349
39.87063
39.85309
39.80183
39.84731
39.88668
39.79131
39.76888
39.84207
39.87805
39.91068
39.89602
39.91925
39.94889
39.84372
39.78975
39.83152
39.89074
39.91709
39.93431
39.88155
39.90769
39.90867
39.87283
39.89144
39.91246
39.98447
40.01549
39.93937
39.90862
39.97874
40.01992
40.02323
39.96299
39.86883
39.90037
39.97296
40.02798
39.97489
39.96008
39.98132
39.96527
39.94623
40.0111
40.07397
39.94366
39.85484
39.89815
39.89419
39.90983
39.93493
39.92545
39.88505
39.90397
39.94685
39.96244
39.94432
39.91898
39.94686
39.88308
39.8014
39.80297
39.75844
39.76052
39.80569
39.8032
39.8163
39.74803
39.74261
39.74992
39.72499
39.75406
39.76111
39.73312
39.73885
39.74495
39.78415
39.78661
39.80165
39.80103
39.81975
39.83127
39.83302
39.8314
39.86127
39.91395
39.99578
39.97465
39.91364
39.94691
39.9134
39.99541
39.99155
39.91871
39.89639
39.93562
39.97843
39.9777
39.86409
39.92406
39.92781
39.92908
39.88653
39.86839
39.83474
39.85221
39.82639
39.79992
39.83289
39.76686
39.74214
39.7222
39.72904
39.73667
39.78421
39.80561
39.79092
39.89107
39.939
39.9094
39.92848
39.93744
39.97825
39.99032
40.04293
39.96975
39.9456
39.98601
40.02952
40.04906
40.02477
40.01429
40.04917
40.0531
40.01789
40.01092
39.95189
40.01266
40.02878
39.98623
40.0165
39.98552
39.9182
39.93959
39.99293
40.03744
40.05282
40.02805
40.02726
40.03295
40.04795
39.94741
39.93677
40.10285
40.07642
40.07812
40.17508
40.30717
40.35091
40.28127
40.27846
40.2596
40.22283
40.2253
40.21827
40.25543
40.25851
40.23098
40.19907
40.14794
40.2087
40.21352
40.1674
40.23949
40.26782
40.18953
40.13166
40.22787
40.23907
40.18098
40.17205
40.19555
40.25645
40.3214
40.31007
40.27894
40.28536
40.32875
40.29609
40.30888
40.30694
40.28579
40.35632
40.46039
40.37568
40.30983
40.32595
40.26959
40.27334
40.21733
40.2289
40.24597
40.19825
40.18509
40.19242
40.11474
40.08024
40.1548
40.26706
40.25633
40.1929
40.21768
40.22659
40.25986
40.21438
40.1865
40.20756
40.18572
40.14256
40.1165
40.16971
40.13729
40.07204
40.07945
40.11358
40.13089
40.08006
40.1012
40.11707
40.11345
40.08545
40.14222
40.13999
40.02838
40.13155
40.23127
40.12798
40.05259
40.0426
40.09489
40.16637
40.07989
40.05869
40.11102
40.14079
40.14653
40.12709
40.12577
40.17554
40.12716
40.07693
40.00977
39.9742
39.95428
39.94231
40.0143
40.03902
39.99401
39.98282
39.99279
39.94186
39.92962
39.88896
39.8461
39.90071
39.94458
39.98371
39.95774
39.94525
39.98329
39.98426
39.98709
40.03459
39.97906
39.89543
39.87228
39.90824
39.97884
39.95195
39.9365
39.95516
39.94246
39.95705
39.94978
39.96586
39.99519
39.99456
40.00526
39.93228
40.02458
40.09165
40.05117
39.95272
39.89988
39.90179
40.03639
40.08542
40.05422
39.99669
39.94049
39.96013
39.91954
39.96663
40.03316
39.98287
39.99211
40.00584
39.93582
39.93801
39.96163
39.95807
39.9597
39.97363
39.95394
39.96868
40.00981
39.97583
40.01478
40.08016
40.10267
40.10007
40.09266
40.19347
40.18917
40.10897
40.13541
40.16331
40.09539
40.06395
40.1639
40.1972
40.15929
40.10597
40.18803
40.19333
40.20435
40.21806
40.19687
40.15004
40.11882
40.13005
40.10342
40.05951
40.03455
40.06132
40.0237
39.89332
39.93374
40.01405
40.06931
40.07195
40.14548
40.05741
40.02154
40.04524
40.02591
40.02232
40.0191
40.00875
40.02644
40.09026
40.06919
40.02778
40.04124
40.09231
40.10387
40.04736
40.08992
40.07321
40.05074
39.99992
40.06998
40.11921
40.07928
40.06018
40.04386
40.04015
40.077
40.10427
40.15088
40.00952
39.93578
40.00589
40.068
40.02582
39.98775
40.00256
39.99565
39.97334
40.01182
40.11094
40
40.03492
40.12085
40.17807
40.14523
40.03196
40.0749
40.16774
40.12429
40.09641
40.08401
40.11438
40.07048
40.0819
40.13184
40.1108
40.09996
40.0933
40.08542
40.07496
40.06633
40.04454
40.01183
40.05131
40.09346
40.02479
39.9787
40.00475
40.03206
40.04831
40.0318
40.02652
40.02121
40.0254
40.0915
40.01662
40.09292
40.09522
40.03613
40.02465
40.01781
39.97534
40.02066
39.99675
39.9289
39.94461
39.90262
39.83978
39.86938
39.81927
39.91875
39.94823
39.89251
39.83053
39.80623
39.91295
39.94462
39.87118
39.86613
39.88564
39.8737
39.87273
39.8402
39.91082
39.8984
39.80147
39.75596
39.77355
39.75365
39.76027
39.76359
39.67015
39.59438
39.70564
39.75771
39.6676
39.66623
39.66555
39.70229
39.71332
39.66526
39.60574
39.68491
39.70304
39.69603
39.66258
39.62189
39.71032
39.7308
39.74686
39.77799
39.79216
39.75698
39.80865
39.81496
39.84699
39.82901
39.86481
39.87606
39.91135
39.8421
39.81566
39.78902
39.88128
39.90494
39.85728
39.83805
39.88629
39.93721
39.91681
39.90188
39.96672
40.01782
39.9986
40.00351
40.03304
40.00859
39.94958
39.96529
40.00604
40.06594
40.01286
39.91726
39.92167
39.98225
40.0838
40.03085
39.93262
39.97441
40.02336
40.03459
40.00998
40.00126
40.04186
40.07667
40.11124
40.02399
40.01159
40.08175
40.18767
40.1092
40.04842
40.04937
40.03326
39.9607
40.02436
40.00728
39.95475
40.05583
40.13889
40.05335
39.98928
40.01197
40.00871
40.01034
40.00271
40.08035
40.0211
39.9732
39.93983
39.98532
39.99617
39.98779
40.01752
40.02595
39.93272
39.94301
39.95854
40.01168
40.06575
40.02726
39.96003
39.98567
39.98667
40.02517
40.01456
40.02996
40.0619
40.05342
40.0249
40.11715
40.15211
40.10272
39.99941
39.97026
40.08116
40.11367
40.06215
40.03358
40.0866
40.15985
40.13024
40.07151
40.10414
40.09725
40.05537
40.08001
40.07189
40.06069
40.04097
40.0107
39.9777
39.94097
39.99535
39.98889
39.96132
39.92507
39.97464
40.02
40.05391
40.03292
40.04696
40.03382
40.05462
39.97609
39.97967
40.01711
39.99336
39.96398
39.97681
39.95334
39.87473
39.85729
39.93538
39.93848
39.93826
40.02687
40.12552
40.09969
40.13007
40.14571
40.21568
40.33372
40.35918
40.26358
40.21988
40.29487
40.34064
40.3036
40.24259
40.2547
40.29561
40.31118
40.2952
40.25715
40.25157
40.29212
40.35147
40.21867
40.15049
40.2248
40.23864
40.16935
40.11314
40.10532
40.11096
40.12525
40.0569
40.00062
40.01776
40.05976
40.06801
40.03609
39.98883
39.87594
39.9422
40.03852
39.98652
39.97319
39.98045
40.03425
40.07314
40.12768
40.09547
40.06031
40.097
39.9607
39.981
39.98793
39.99413
40.04914
40.10495
40.01252
39.98257
39.96931
40.02934
40.11261
40.10125
40.04283
40.05261
40.08777
40.10381
40.01301
39.96072
39.98743
40.06321
40.03655
39.97379
40.02344
40.01479
40.00467
39.97808
39.98684
40.0214
40.03864
40.00615
39.98438
39.99411
40.00928
40.05068
39.98581
39.94522
39.93467
39.92713
39.88615
39.84888
39.93765
39.90819
39.8749
39.90671
39.90022
39.90637
39.86788
39.81073
39.85961
39.90202
39.96207
39.95484
39.89908
39.90568
39.96394
39.93328
39.87943
39.8938
39.94412
39.92072
39.90369
39.92525
39.982
39.94875
39.991
39.99644
39.9407
39.90423
39.91851
39.93398
39.8904
39.93844
40.02689
39.92282
39.84845
