 0
3.274052
3.949322
4.838543
3.713696
4.264626
4.600567
4.338337
4.309174
4.912933
3.88813
3.018021
3.313599
4.594368
3.236412
4.880253
5.126678
4.377621
3.674454
2.469334
4.284332
4.56012
4.222431
5.448074
4.720394
4.143032
4.1623
4.509293
3.732258
4.323685
3.545078
4.619785
3.936314
4.522549
3.97773
3.917213
3.945293
4.049015
3.669262
2.87962
4.670605
4.368893
4.423973
4.794319
4.606277
3.977657
4.339718
4.232639
4.23835
3.632187
2.869434
4.537567
3.616062
4.338318
4.69434
4.305878
3.877396
4.493572
4.288956
4.148674
4.340427
4.111042
4.365276
4.584049
4.001553
3.974369
3.98349
2.479904
4.48418
4.912418
4.361015
4.317322
4.026478
4.478386
4.737503
4.2271
5.223454
4.388092
3.808006
3.434357
2.834484
4.580463
4.208641
4.320381
3.801041
4.139442
3.043728
5.161922
5.138283
3.881596
3.96946
4.293617
4.620953
4.548794
4.475349
4.421616
4.081673
4.424885
4.50412
4.170578
4.203159
3.89563
4.029255
4.76577
4.279037
4.271729
5.1693
4.102077
4.442272
3.744385
4.518269
3.773766
3.620556
3.629166
4.913124
4.063606
4.027905
4.30098
5.095722
4.638508
4.71809
4.22654
4.069653
3.925095
3.509846
3.625706
4.579521
4.555157
4.021851
5.141376
4.71674
4.027683
3.636757
3.214821
4.139988
5.545509
4.650055
5.396461
4.637215
4.273796
3.953209
3.728691
3.517902
4.177956
4.476078
4.227253
4.291183
5.241821
3.765232
4.246887
4.67395
3.700199
4.448147
3.674129
4.499523
4.526978
3.348675
3.956203
4.594257
4.621765
4.933434
4.794502
4.128441
4.768856
3.831444
3.899818
3.911335
4.96125
4.936966
4.514507
4.252129
4.227833
4.187412
2.609093
4.495903
4.524956
4.696407
3.729294
4.11253
4.782146
3.972187
5.418285
4.094513
4.47467
3.825764
4.696285
5.107555
4.060898
3.951008
3.430813
4.600685
5.012115
3.468254
4.973709
5.206406
4.323734
4.415726
3.757965
4.641155
4.129341
4.845913
3.73349
3.609837
4.987797
3.973907
5.727741
5.155399
4.90173
4.588284
3.844505
4.146088
4.255253
3.632641
4.454536
4.348183
4.745079
4.899223
4.321312
3.564308
4.168537
3.099003
4.379879
4.11618
4.15292
4.83588
3.519035
4.311543
4.426788
4.973522
4.675426
4.562294
3.796299
3.743366
4.061916
4.925091
4.689186
4.577053
4.22258
3.972244
5.111782
4.409317
4.098984
4.639153
3.888103
4.216595
4.639931
5.072235
4.710007
4.655216
4.173061
4.544518
4.470249
5.064091
4.741066
4.024677
3.877499
4.375256
4.301033
4.961697
5.869957
4.372311
3.823246
4.184414
4.3568
4.365871
4.030807
4.439022
4.352581
3.48082
4.35556
3.090107
4.390511
4.425182
4.423267
4.903595
4.734852
4.095181
4.521862
3.506634
3.316711
4.103859
4.715038
5.033737
4.957024
4.652729
4.233078
4.487446
3.355518
3.917389
4.976215
4.544666
4.395451
5.304985
4.809307
4.38966
4.514221
4.954636
3.93848
4.516861
3.059082
3.808735
4.003529
4.595215
5.095566
4.376575
3.957222
4.490479
4.464809
3.6688
4.146427
3.877171
2.856186
4.395126
4.198086
4.430096
5.602882
4.77142
4.274479
3.891289
4.270466
4.938053
4.809345
4.414581
4.401318
4.267559
3.729382
2.802307
5.046394
4.044193
5.096813
3.161995
4.623482
4.620716
4.274422
4.507198
3.119083
5.222351
4.032089
5.215065
4.82774
3.236923
4.818039
4.73814
5.048828
5.566605
4.62122
4.836452
3.901646
3.748356
4.892456
4.20018
4.904621
4.325634
3.595684
4.754295
4.837666
4.427532
4.651588
2.978119
5.290859
4.979385
4.386833
4.644585
3.972744
4.152214
3.474155
4.148861
4.645966
3.955929
4.119434
4.047153
4.964973
4.751751
4.458481
4.542965
4.376549
4.476906
4.064472
4.24086
3.319061
4.849369
4.568439
4.28339
4.575024
4.877018
4.660393
4.366417
4.714043
4.874866
4.310974
4.284187
2.790264
4.904167
5.277245
4.344948
4.561909
4.37434
4.923561
4.249397
4.471184
4.570053
4.099342
4.247192
3.807262
3.552608
3.56234
4.7229
4.764969
2.420925
1.213291
3.694839
3.517242
4.095112
4.888508
4.22258
4.363518
4.266201
4.15641
4.369286
4.513306
4.761169
3.92181
3.877769
4.096363
3.40979
2.302032
4.070953
4.445
4.556797
3.691814
4.531719
4.203007
4.841461
4.875118
3.350075
2.748585
3.584774
4.300636
4.586765
4.942585
5.051785
4.245354
4.967113
4.264198
5.103306
4.792248
4.394173
4.207092
3.228176
4.782608
5.110607
4.784554
5.519314
4.864166
4.815071
4.565025
4.65197
4.815327
3.971836
5.420677
4.88184
4.20853
4.18668
3.879955
2.81538
4.590122
4.980785
5.189312
5.025871
4.474079
2.515732
4.746532
4.213299
4.843868
4.374336
3.394497
4.135246
4.626225
4.073154
4.995956
4.084492
3.486458
4.716007
4.740124
4.248142
4.334057
4.171371
3.996002
4.41275
4.927322
4.462818
4.252544
3.790375
4.832497
4.244934
4.239368
5.287746
4.693069
4.685844
4.333851
3.706154
5.271854
5.398197
4.488911
5.643284
4.833954
3.753517
4.570782
4.481327
4.773849
5.27483
4.082241
4.188507
4.105862
3.613998
4.368004
4.001678
4.590183
4.3508
4.42881
3.951946
4.549675
4.351929
3.702732
2.885487
4.74189
4.489613
4.297016
5.704014
4.767704
4.029472
3.833622
3.743713
4.918182
3.208511
5.111759
5.501907
3.920502
4.460865
4.664402
4.667061
4.556255
2.942619
4.485222
4.146843
4.447933
4.489902
3.867565
3.366604
4.268646
4.784336
4.944763
4.858097
5.127338
3.35387
3.96291
3.606522
4.10191
4.738659
4.078075
5.408001
4.623055
3.853302
4.201706
3.046501
4.193256
4.470352
4.084137
4.908596
4.523773
3.710567
2.975468
4.699215
4.476933
5.039627
4.701527
5.049427
3.762089
4.705605
3.985825
3.876667
5.093056
4.411659
5.009109
5.073925
4.122185
4.065193
4.689529
4.261978
4.008556
4.267418
3.39695
4.500134
4.474613
4.923988
4.742249
4.355942
4.013641
3.473431
3.497242
4.891216
4.673149
2.888897
1.062214
3.945007
4.210331
4.594131
4.418922
4.958942
2.750473
4.684326
4.31871
3.20734
4.788681
5.021759
4.584145
4.129307
6.408119
3.843563
5.185249
4.861134
2.784134
5.336609
4.708054
4.644409
5.747532
4.046265
5.325817
5.033333
4.93132
3.173561
4.967049
4.345371
4.094387
4.959278
3.850433
5.199276
4.803158
4.290573
3.641396
5.061256
4.878471
4.121437
5.066685
5.100506
2.859592
4.727562
4.734806
4.223557
5.27166
4.03796
2.584137
4.667271
4.671967
3.871704
5.146343
5.069416
4.722786
4.930466
3.79377
4.290829
4.142193
3.788361
4.950687
4.800327
4.489113
5.464779
3.853939
4.420212
4.859859
4.351143
3.747879
3.813946
5.134354
3.81773
5.307186
5.023075
4.932983
2.631042
4.936844
4.574921
4.436569
5.447857
4.182964
4.610569
5.20583
4.401283
5.315845
4.447865
4.544769
4.851364
4.780289
5.304195
4.994583
4.3069
4.099842
4.298035
3.91264
4.804028
4.352245
4.383652
4.727173
4.881657
4.8438
3.94878
5.379421
3.614094
4.67308
4.651131
5.122391
5.468685
4.077808
4.618973
3.619682
4.784683
3.986385
3.975769
4.473862
4.504025
3.88483
4.792591
4.842129
4.554218
4.775688
5.225842
4.363739
3.896473
4.467274
4.700241
3.826942
5.016079
5.160198
4.487175
4.330265
3.724045
4.430664
3.628761
4.445972
3.497326
4.356548
4.494347
4.579601
4.842793
3.990139
3.438107
4.216408
3.935177
5.583668
4.796688
4.913761
1.876804
4.141819
4.133396
3.408878
4.341843
5.211281
3.239479
3.747791
4.069736
4.322746
3.897163
4.365273
3.899883
2.834244
4.277145
5.002151
4.156239
4.759502
4.988548
4.244579
4.49263
4.653145
3.557201
4.411667
4.16637
4.577549
5.071835
3.605854
4.569981
4.116264
4.726368
4.4254
4.972435
4.27364
4.897343
5.416576
4.411907
1.931034
4.54472
4.978466
4.876637
3.47649
4.899879
3.713657
4.828812
4.813244
3.482986
3.309303
4.601624
4.51321
4.808868
4.781132
3.734932
4.573593
3.637882
4.926525
5.967556
4.626278
3.795574
4.220787
4.451012
4.223076
4.304047
4.902222
3.934834
3.070293
4.74004
4.574997
5.195839
5.569328
4.945862
4.043053
3.691017
3.027054
3.008873
4.671215
5.048111
4.338863
5.426456
5.987785
4.489754
4.352982
4.046047
4.619896
5.578644
4.380486
3.869431
5.072151
5.283661
5.230537
4.960846
4.025566
4.175652
3.996662
3.409592
4.89822
4.121811
4.194752
4.744663
4.74284
4.33448
5.135666
4.985928
4.559536
4.520187
5.096367
4.28397
5.006027
4.181862
4.661877
4.016129
4.784321
4.181004
4.93018
4.555584
4.588356
3.780239
4.136612
4.524574
3.2994
4.322403
3.512737
4.161366
5.016758
4.156265
4.965965
4.229019
3.442863
4.885239
4.232395
4.950291
4.564011
4.497887
4.321419
2.972591
4.330067
5.638287
4.266277
4.900932
4.091003
4.606987
4.003551
4.602718
5.398277
4.487011
4.494228
5.002441
3.904781
2.669033
5.775517
4.656765
5.415512
4.926231
4.637295
3.864845
4.936142
5.040039
4.4641
4.175243
4.746883
4.445274
4.268761
2.872429
3.884735
4.005814
4.426407
5.267349
4.561321
3.548836
4.58559
3.476589
4.657768
5.592075
4.050404
4.10231
4.220497
4.959408
4.808105
5.258869
5.064396
3.676411
4.809349
4.621704
4.968052
3.767628
5.118484
4.540581
5.36338
5.828671
4.279694
4.306293
3.853409
4.063828
5.540192
4.782635
4.629948
4.695564
4.775616
3.72728
4.997925
5.327473
4.375271
6.091297
4.977039
3.764362
5.271217
4.281483
4.630512
4.737225
3.968922
4.037926
4.648731
4.585575
5.278873
5.142155
3.195271
3.645092
4.07206
3.3302
4.802467
5.461895
4.999516
4.794384
4.741665
5.476948
4.736446
5.586815
4.809929
3.661469
4.150261
5.512814
4.082722
5.503021
5.061352
4.684799
2.880463
4.235405
4.271927
4.562778
4.464527
5.233368
5.017216
4.949028
4.957367
4.142731
5.233295
4.175632
4.264648
5.135712
5.24987
