-1.889254
-1.285625
-0.3983752
0.2564477
0.1016952
-1.900543
-1.453539
1.228909
2.249073
-0.5744694
-0.8525232
1.406711
1.870273
-0.2781845
-3.784787
0.8454516
2.604336
1.109647
-3.14797
-0.5355098
0.8317135
0.09829718
-1.689236
-0.2812218
2.117107
1.739052
0.2829928
0.7779412
0.7624032
0.7986045
1.954252
0.2124683
-1.00732
2.362584
1.055458
-1.073372
-0.8098087
-0.7328622
-1.646673
-0.1485652
0.146215
1.263571
-1.523947
-1.579864
-0.6624743
-0.3330666
-2.658039
-0.7221164
1.922461
0.161701
-1.234853
-0.04642481
-0.8999286
-0.008314882
1.142262
-1.10169
-1.341883
0.6275891
-3.534386
0.2560138
2.75029
-0.255457
-0.3964258
1.488336
1.609414
-0.1847355
1.152056
-0.09626785
1.717622
0.7775995
-2.057387
-0.6567672
3.062437
-0.5063637
-3.329628
-0.01232068
2.29993
-0.288314
0.3030473
-0.3543976
-1.179247
0.8421913
1.595451
0.8320259
-2.473243
-0.4574865
2.548039
1.141663
-1.896448
-1.937494
1.52943
1.232917
-1.039667
-2.965264
-1.035339
-0.2889316
-2.754425
-2.191276
-0.06858203
1.286246
0.9211566
0.02386801
1.672869
0.6717821
-1.618947
0.7630264
3.278872
0.4515092
-0.8013217
-1.012071
1.206223
-1.398783
-0.539879
2.190048
-2.022873
-2.782058
0.7821884
1.914979
-0.7867182
0.005753261
1.577737
-0.6243706
-1.000612
-2.106883
-0.4834009
2.202646
-1.061693
-1.270405
0.02726044
-1.820078
-3.139178
2.117832
2.93372
-0.6425734
0.7556938
1.545636
-0.1906947
-2.355647
-0.8948093
3.198947
1.091262
-1.46429
-0.6924824
0.6194749
2.278021
-1.047274
-2.599056
2.205961
3.467781
0.9789717
-0.0922344
0.06357469
-1.38114
-0.8957791
0.9503434
1.043354
0.5173906
-3.273897
0.239429
2.507342
-0.348296
0.6063288
-1.413409
0.6229364
2.17403
2.02745
0.06681751
0.6028026
0.5494897
0.8077495
0.9186062
1.803486
-2.192338
-1.944476
1.61313
2.414845
-0.217811
-3.034171
-1.32972
2.82147
1.649543
-1.821389
-0.92314
2.56953
1.18592
-3.475589
-1.704463
2.876114
1.320854
-2.339914
-0.2815365
1.432999
0.1526723
1.806585
0.1931387
-0.1151718
0.9638764
0.5853074
0.8055574
-2.992036
-0.4342711
2.094588
0.9413133
-0.3133866
-1.340844
1.616314
1.240964
0.5313966
-3.580674
0.8316308
2.218969
0.6691311
-0.1589046
0.8108466
0.8729823
-1.90171
-4.974255
0.06602874
3.388268
-0.300137
-2.717952
-2.57805
0.79282
2.58089
-1.146677
-3.025646
-0.9477077
1.930267
-0.2357248
-3.823562
-0.4339756
3.042154
0.8938384
-0.6887128
1.108531
2.227295
-2.868669
-0.5407827
3.678779
2.235853
0.2023895
-1.675982
-3.296778
0.5228488
2.971065
-0.4370488
-0.3662086
-0.6668845
1.678819
1.611994
-0.3453541
1.342049
0.9993827
0.5955282
-1.022299
-0.4829074
2.101501
-1.321365
-4.146158
0.6682775
2.967641
-0.1343274
0.02026069
0.9540858
1.988284
0.9959019
-2.996702
-0.5855628
3.376703
0.7742813
-0.1446129
-0.8205256
-3.455651
0.6858699
2.998277
0.08624724
0.07944643
-0.3392436
2.117341
1.189115
-1.308057
-2.4796
-3.184271
-0.09133992
1.629244
0.2714197
-1.604279
-0.3255908
-0.8271855
0.148421
0.2480326
-2.082196
-4.204698
-1.033022
1.875
-2.796292
-2.910542
1.709506
1.113988
-0.3578898
-2.419914
-1.440435
2.870712
2.356121
0.02340512
-2.034851
0.1275474
3.314192
1.118033
-0.7091026
0.7278549
1.540374
2.052099
0.005469798
-1.714258
0.8928479
3.957861
1.132367
-0.9363272
-0.3528404
1.838629
1.14173
-2.342644
-2.859071
0.6978082
2.349336
1.018328
-3.003743
-0.4694805
2.998833
-3.570586
-0.8533888
0.7425085
1.184033
0.7991209
0.6915189
0.5040485
-0.06430521
0.5187137
0.7009394
-0.8090035
-0.8515865
0.2428919
0.5487081
1.287067
0.6031921
-0.3309459
0.9420843
1.996883
-1.352497
-1.32488
0.6536058
1.298331
-0.3981962
-0.564195
0.1427645
-0.1964711
-0.6384412
-0.1782019
0.4033625
1.253757
-0.3479598
-2.798739
-0.6606216
-2.308678
0.2319586
-0.1650522
-0.09087364
-0.045555
-0.2515849
-0.284823
2.462406
-2.577438
-0.6981769
2.823186
0.02740572
-1.067087
0.7224128
1.842482
1.71523
0.09364276
0.28896
-2.205246
-0.1955252
0.591401
1.240392
1.881507
-0.7708474
-1.339363
0.3606733
1.343027
-1.25999
-0.8620486
2.23939
-0.7095441
0.06674857
0.5611508
-1.205211
0.331311
2.722034
-0.5998513
-3.006975
-0.6193113
2.564933
-2.008369
-3.868725
-0.7210103
-0.3168492
-1.253352
-6.934027
-4.498701
-0.701992
-0.04278506
-1.241084
-0.2934035
1.186143
2.290128
1.714742
-2.956337
-1.936851
2.033114
2.26949
0.245611
0.04584106
0.8423723
-0.4025359
-1.469896
0.9335773
2.229536
0.2982084
-1.450791
1.169936
-0.2775557
-0.3645528
1.997255
1.990464
-0.993265
-0.541467
-0.08960848
-0.2233301
2.284643
2.179167
-0.6198013
0.5048266
1.976169
2.295517
-0.4847855
-1.243811
2.169027
2.732708
-0.4603774
-0.4918852
-0.05371312
-1.955907
-0.7973275
3.390048
-0.1089945
-0.06761853
-0.9122636
-0.6129307
1.293092
-1.333698
-0.6164258
1.749936
0.2671451
0.1625711
-0.3617238
-0.6085736
-1.129802
-0.3403489
2.883357
0.1043744
-0.6874456
1.389977
0.5256012
0.8019502
1.775235
-0.05103716
0.8131144
0.0807742
-0.9329314
-0.4305384
0.799911
1.329863
-2.385992
0.1140122
2.808823
-2.154605
-1.788833
1.901068
2.138741
0.3748159
-3.538532
-0.1150558
2.857635
0.4591729
-4.008509
-1.513158
2.101088
1.261529
-0.09890954
-1.325888
-4.383905
-0.8348489
-0.3088416
-0.1337713
1.449383
-0.4340695
-0.01161307
1.174378
0.443598
1.513626
-3.854348
-1.184
2.722107
-0.2525668
0.5732262
2.045567
0.5272411
-2.069256
-0.4727815
1.485227
2.532612
0.3490185
-0.7457555
-2.638585
0.1104141
2.22825
0.90368
-1.443888
-0.5168657
1.875716
-0.7796634
0.4423744
0.7596715
0.6910782
-0.7977324
0.7954632
-0.2321658
1.508821
0.8855022
-3.209381
0.5327276
1.422351
0.3654075
0.09275001
-0.890511
-3.213462
0.1564305
3.902418
-0.6324186
-0.4629312
0.4773932
-0.1614181
0.2827007
0.8881121
-0.8178722
-0.1174393
-2.725514
-0.08296594
1.553253
0.4181329
0.1069476
-1.404243
-3.846156
-0.09474127
1.693771
-0.8105496
-0.801237
1.573496
-2.571728
-1.807849
0.9537211
1.735376
-0.44442
-0.4876977
1.203342
2.596346
0.7446399
-3.575106
-1.554184
2.031356
2.56055
-0.1355699
0.3184699
-0.1984867
2.334681
-2.110104
0.3443803
2.399314
0.3046353
-1.21973
-1.099241
-2.26166
-0.4192003
2.065116
0.3211524
-2.307336
-2.555289
-1.409522
1.515539
1.600601
0.575371
-3.364316
-1.280512
0.7223831
0.7364317
-0.9292202
-4.31532
-0.5202489
2.326173
0.7493007
-3.264788
-1.933408
2.340018
1.707407
-1.332551
0.5655235
2.965769
0.3657336
-1.028365
0.02892692
1.443967
1.754387
-0.370715
0.4653275
0.5594163
-0.3166098
0.5652627
-1.197434
-0.9340626
1.37172
-0.7777917
-0.7795925
2.543574
0.2205268
-1.820593
1.032839
1.525222
-0.4312689
1.649201
1.503792
2.645239
-1.653602
-2.853129
-0.01934904
2.740398
-0.2520724
-1.309416
-1.312396
-1.732214
0.4453598
0.4356869
-4.103905
0.145721
3.207108
0.03838478
-0.1987956
0.01255252
-3.379506
0.4195857
3.750182
0.4936435
-3.813897
0.2142333
2.81528
-1.778596
-0.599624
3.233829
-0.8310296
-0.7880351
1.175275
1.069685
0.3368848
-0.3282395
0.922991
1.234439
1.453202
-1.508989
-0.9868932
1.413745
0.03460898
-0.2919944
0.9114837
2.038032
0.1361493
0.07043655
1.093513
-1.274107
-1.147552
1.938426
1.919848
-0.7437769
-2.48642
0.5570056
0.8289807
1.129786
-0.325173
-0.6257395
0.6953932
1.391091
0.03919945
1.366349
-1.448828
-4.774039
-0.9793079
1.790498
-0.611482
-1.505096
-0.5136203
-1.231526
0.7452235
1.036302
-0.0732833
0.3482948
0.5782884
0.650198
-0.9777309
0.4589685
1.105056
-0.1336666
0.299512
0.4926038
2.232101
-4.593542
-1.374895
2.830296
0.8492584
0.04798316
0.2053096
-3.054966
0.0920122
2.238831
0.4603927
-2.90295
-1.853563
2.038499
0.5757604
-0.5651759
-1.573836
0.06098129
1.749934
-0.1637235
-3.683824
-1.419329
2.891651
0.2345396
-3.91256
-0.7155315
1.525079
0.5389823
-4.469424
-1.435944
1.854109
-0.5074044
-0.8784156
-0.7505032
1.867462
0.9391703
0.06198855
-4.147523
-0.2488686
2.617158
0.3856183
-2.58131
-1.472048
0.2799157
0.6912228
0.6744289
1.02387
-0.9163185
-0.9848344
1.9256
1.569445
-0.476105
0.3597736
-2.311056
-0.8239238
4.358916
1.518897
-0.121607
0.6878697
1.028006
1.215487
2.64297
-1.634117
-3.135488
-0.8789038
2.337871
1.361182
-1.42485
-3.934064
-1.076157
2.000178
-1.284439
-0.1331353
-1.367895
-0.03797466
-0.3789516
0.278026
0.452496
0.2096577
0.7818999
1.700314
-1.597824
-2.528111
1.626147
3.252507
-0.5213418
-0.09775852
0.5314792
1.626579
1.192957
0.2447008
-2.624597
-0.2122305
3.847623
0.1364193
-3.332835
-1.834341
1.943516
1.11603
-2.693189
-0.1329092
0.8884889
-0.6822571
0.543268
-0.3275192
-0.1740015
1.337706
2.093254
0.5775641
-1.391726
-0.5899333
1.063386
0.1193999
-2.52414
-1.404709
2.994498
0.5516079
-0.8594568
0.4961676
2.060693
0.04678393
0.4829185
-0.3131023
-0.9012355
0.03950359
2.976922
1.169617
-1.20969
-3.887352
-1.468351
2.933352
0.1002064
0.2192661
-0.8349833
-0.2402045
1.192701
0.026592
0.02066474
-2.757222
-2.517263
-0.864117
0.9137208
1.612002
-2.917157
-1.236783
1.971424
1.793773
-1.813022
-1.852887
0.5212855
2.13044
-1.355984
-2.65023
-1.578076
2.443503
1.01398
-0.9750937
1.671024
1.673358
0.4379481
-3.978324
-0.7364099
3.226252
0.6011035
-0.6209307
-1.970937
-1.133952
1.74303
2.27722
-0.4310559
-0.5925
-0.07856072
1.180333
1.552869
0.8055061
-0.6747934
-0.949628
-1.469415
0.4690989
1.488371
0.2294238
0.2605539
1.246428
-0.105883
2.504366
-1.589401
-0.4307247
-0.2193325
0.9607487
-1.948916
-2.832573
0.8406538
1.477326
-1.092265
0.4330979
1.327376
-0.08532064
-0.09798597
-2.250354
0.1490538
1.40841
0.1352578
-0.9340726
0.462515
-3.017631
-2.316545
0.5110409
1.457694
-0.9574831
-4.246964
-0.08415688
2.434383
0.7225127
-1.694815
-1.316414
-1.98828
0.2522637
1.728745
0.7970986
-4.749174
-1.101711
2.25605
-0.2661979
-1.488301
-0.7826744
0.6086833
2.059587
0.9698524
0.8034692
-3.479488
-0.2811996
2.680303
2.106123
-1.477095
-1.570629
2.47443
1.449364
-3.015379
-1.790615
2.825242
1.250317
-0.3847602
0.9949125
-1.820443
-2.549149
-0.009844178
1.33624
-0.1371646
-0.008704147
0.3882489
-1.351772
-0.2725395
1.727446
2.067884
0.8081101
-0.2230632
-2.061066
-2.537719
-0.04288755
1.845048
0.01135821
-0.8287247
0.8557205
0.3191757
-0.7952951
-0.8350538
0.3136663
0.3084588
-0.8067394
1.138933
2.083113
-0.6234042
0.00869131
-0.4134126
0.4605445
0.6256719
2.999918
