 0
4.446484
4.290768
4.501209
3.485664
3.17083
3.130932
2.674397
4.279106
4.771309
4.662125
5.229382
3.946228
3.853256
4.336311
4.098213
3.495884
2.63435
4.911781
4.352921
4.035706
5.160858
4.571529
3.893417
4.334633
4.754261
3.749031
2.869846
4.634003
4.714916
3.988773
5.128578
3.960773
4.337402
4.150826
3.809666
4.424324
4.509727
2.723545
3.885014
4.58659
4.805111
5.009148
4.766567
3.831268
4.514343
3.859871
4.405476
4.279411
3.739544
3.513603
2.037659
4.074726
4.57761
4.237255
5.057762
3.75507
4.62537
4.080612
4.531178
4.396774
3.5443
3.643093
4.031906
4.548553
4.565624
4.245934
4.361259
4.114311
3.955231
2.939529
3.556786
4.450748
4.150974
5.007252
5.334579
4.183758
3.047523
3.970955
3.421661
4.462418
3.583408
3.955475
4.203411
3.848576
2.994602
4.580688
5.059566
3.649719
5.382061
3.465126
4.793251
4.857674
4.660748
5.287025
4.701981
3.041431
4.368999
4.700829
4.353954
5.118725
3.822563
4.422276
3.930489
4.423428
4.168552
4.633957
3.957592
3.780628
4.890953
3.873871
4.135952
4.228695
4.411613
4.394115
3.336231
3.760818
3.33268
4.703457
4.562386
4.880066
4.437229
5.16267
4.552979
4.864799
3.818642
3.478657
3.860371
5.038158
4.721115
4.933151
4.371483
4.207325
3.456432
3.222328
4.954937
4.750713
2.856525
4.714043
3.411774
3.782078
5.499294
4.125069
3.11198
3.605034
4.691067
3.517555
4.661835
4.775505
4.782024
4.144356
3.776276
3.614231
4.324875
4.034134
5.130424
4.270054
3.85511
4.854683
4.366371
4.424149
4.235786
3.818913
4.624275
4.155579
3.708942
4.468979
4.315529
4.478287
3.228603
4.759926
4.664001
3.902386
5.844147
3.522778
4.186699
4.583599
4.018776
3.278229
4.581062
3.126274
5.076683
4.893566
4.591148
3.740795
4.674973
3.977798
5.317188
4.719131
3.108639
4.921894
4.132648
5.018688
4.683338
4.543926
2.645393
4.219498
4.996666
4.278412
5.154686
4.698452
4.014194
3.481323
3.703781
4.691711
4.711117
3.881695
4.233253
4.530655
4.962166
3.819092
5.64053
3.841255
4.488396
5.770554
4.775768
3.560623
4.378433
4.583351
4.388035
4.720772
4.280678
4.864418
2.931183
4.312138
4.852737
3.490532
5.206242
4.939407
4.684551
4.522072
4.060417
4.52589
3.746895
4.326416
3.340149
4.227119
4.774574
4.365864
5.402328
4.845787
3.758888
4.481827
4.265583
3.8606
3.625607
4.056194
4.497581
4.47187
3.812248
4.048679
5.186626
3.90958
4.025772
4.848259
3.924618
4.001011
4.963451
4.780056
4.085915
3.510372
4.502926
4.669754
3.631954
4.345638
3.697983
4.619274
4.73555
3.138145
4.345745
3.104149
3.666622
4.51984
4.411579
5.486671
3.26038
4.39167
4.87051
4.626015
3.063141
4.660675
3.934151
4.995842
4.276161
4.080383
4.537548
3.755116
4.348911
3.927139
3.092957
4.849926
4.358047
4.457352
5.458504
4.848377
3.936832
4.166874
3.842907
4.920795
4.190338
4.442165
3.753326
4.883438
4.664528
4.965092
4.648201
3.789749
4.392036
4.153954
4.202446
5.4314
4.83432
3.199886
4.502121
4.271229
4.658298
4.16386
4.703968
4.990368
4.879505
4.959644
3.796268
4.5415
4.331364
3.785748
3.058464
3.756268
3.818745
4.5779
4.407143
5.052334
4.629982
4.734322
4.381218
4.300457
4.371586
4.23735
3.95834
4.035645
4.154949
3.354767
4.390469
3.920143
4.196415
4.177715
4.604443
4.836731
4.935303
4.71344
5.017551
4.427238
3.91507
4.549473
4.277626
4.386662
5.137112
4.63953
4.137028
4.313381
4.272831
4.423424
4.800251
4.693989
3.10128
3.345333
4.259155
3.635017
3.805649
3.965439
4.179897
3.890404
5.421936
3.735012
4.428738
4.61615
4.16666
3.875801
2.449139
4.510078
4.601704
3.96582
5.23584
4.485931
4.085114
3.754181
3.492744
4.180313
3.837616
4.787746
4.774998
5.068153
4.151737
3.49469
4.788063
4.751957
4.079884
4.603863
4.489357
2.718105
4.740971
3.700024
4.215565
5.286476
4.531734
3.375988
4.710289
4.609283
4.843803
2.277569
1.225479
3.610455
3.540794
4.498806
5.199921
4.270725
3.493515
4.000587
5.252106
4.312809
5.09037
4.27692
3.559292
4.409218
5.16531
4.783428
3.780567
4.397892
4.564152
4.82077
4.972324
4.963959
4.958847
3.903263
3.991287
3.653103
3.745132
3.703499
5.294353
4.506607
4.23542
5.393276
3.05217
4.456993
4.57571
4.886646
5.141373
4.229694
4.766788
5.185959
5.038994
3.08918
4.671394
4.36636
4.905857
5.046291
3.439667
4.73735
4.121498
4.991879
5.73838
4.775379
4.090443
4.641937
5.053474
4.516479
2.946369
4.335526
4.286259
5.051414
4.788132
5.155571
4.088428
3.991234
3.989578
4.386562
4.513702
4.293232
4.479042
4.119072
4.090206
4.624252
3.993618
4.204914
4.413166
4.135902
4.346359
4.644344
3.199497
4.133595
4.336578
4.658302
3.341801
3.9081
4.511578
4.467361
4.112614
3.868893
3.971661
2.964386
4.540749
3.675522
4.427734
4.399979
4.39793
4.15094
4.397633
4.738365
4.280685
4.123669
4.676727
4.182419
4.580788
4.096615
3.76664
4.079853
4.512379
4.424633
4.015602
4.553551
3.643444
3.059967
5.170197
4.039692
3.949482
4.855713
4.552525
4.480171
4.367088
3.718815
3.515793
4.35614
4.473194
3.849594
5.232883
3.773575
5.130257
6.197353
4.586521
4.416515
4.139427
3.529934
4.474163
4.331203
4.72031
5.338753
4.55241
4.712978
4.231632
4.566055
4.228809
3.679565
3.935085
4.982422
4.136234
5.126999
4.910538
3.672993
3.581902
4.215538
4.187138
4.530495
4.456333
5.125607
3.82925
4.340973
3.230347
3.648998
4.729946
3.602638
4.818005
4.573055
4.026638
4.450954
4.363777
4.542995
4.556137
4.62212
3.625633
4.190166
4.112503
4.204056
4.628361
4.464809
3.242752
4.406647
2.966595
4.172367
4.755524
4.986374
4.890881
4.733574
4.365147
4.267365
4.2127
3.96722
4.243721
4.061749
3.110542
4.377522
4.614182
4.063103
4.696632
2.589092
1.80827
2.889545
4.706989
4.038639
4.850792
5.218079
3.999741
3.245384
4.509418
4.876808
5.131546
4.283497
4.498932
4.669697
3.33094
3.740498
4.76366
4.09602
5.317734
5.11351
4.616253
4.043598
4.27203
3.62027
3.811024
4.264725
4.369427
4.869385
4.286884
4.287567
3.623001
4.402687
4.650364
4.403374
4.68158
4.834442
4.432346
4.476788
3.87075
3.681274
3.613461
4.720627
4.881802
5.281105
5.717663
4.453911
4.353165
4.213955
4.480202
4.382271
4.147778
4.257782
4.676243
4.071762
4.692532
4.541111
5.000736
5.610348
3.93071
3.709328
4.927082
4.594555
5.364605
4.805874
3.046959
4.538754
4.714684
5.117527
4.220909
4.716637
5.032101
5.275517
5.575554
4.044655
3.505123
5.330475
4.26302
5.815647
5.448097
4.453991
3.272511
4.361225
5.045582
4.694557
5.409752
4.140686
5.578968
5.105854
4.225849
4.264023
4.229309
3.306156
4.517918
4.32494
5.085575
6.208485
4.309101
3.404495
4.206078
5.034496
5.027752
3.957851
4.160301
4.149609
4.175045
4.398426
4.760181
4.852829
3.55265
4.280487
3.287956
4.319504
5.484154
5.055332
4.827251
4.950459
4.71233
3.65974
5.572388
3.83102
5.093445
5.7351
4.056969
4.110775
4.560371
5.094448
4.3596
5.500717
4.002998
3.873058
4.637882
4.46867
4.101837
3.12595
3.337513
4.052727
4.302921
4.735996
4.871944
4.755558
3.918327
4.480232
4.015148
2.788231
3.996059
4.674751
3.713108
3.178387
3.501389
5.141541
4.337559
4.563744
4.948574
4.799717
3.925236
4.14468
3.725285
4.41114
4.984329
4.09095
4.440617
4.985561
3.740128
2.805355
4.356552
4.792187
4.685631
4.368263
4.221416
4.154461
4.517418
4.189678
4.305637
4.449902
3.809814
3.667439
5.076782
3.88752
4.935219
3.517315
5.128567
4.72644
4.464447
5.405918
4.80442
4.414867
4.113514
3.593979
2.884918
2.809761
5.194805
4.477089
5.372189
4.92104
4.61491
3.988842
4.707539
3.885838
4.380257
3.871696
4.998657
4.857082
5.165981
4.873737
5.211834
3.936474
4.278934
4.649002
4.20974
4.602943
4.82943
3.656162
4.262951
4.477333
4.261227
4.513733
4.746849
3.458256
4.003311
4.706459
4.31562
4.281315
3.59882
4.058884
4.022869
4.849617
4.716831
4.339676
3.99585
4.640625
4.639549
3.086353
5.266033
4.331772
4.933254
5.002071
4.28899
4.492661
4.794426
4.281242
3.104797
2.702728
4.276329
4.189278
4.657948
5.876076
5.124989
4.693027
4.485893
3.177231
3.481434
3.856117
4.762028
4.840199
5.026249
4.837543
4.455956
4.343903
4.464787
5.159027
3.578289
4.528408
4.608925
3.03249
4.555721
4.615917
4.026913
4.980137
4.44902
3.664478
4.945942
4.655949
4.430267
4.034531
3.89724
5.21851
4.357376
4.617725
5.356201
4.445366
4.219536
4.232674
4.138298
3.402744
4.456474
4.235779
5.157902
5.820904
4.357948
4.855545
4.664867
3.608601
4.750988
4.570229
5.131676
5.435112
4.525745
4.658493
5.388565
4.412205
3.901928
4.889217
4.096413
4.445156
4.314156
4.448128
4.772182
5.144573
4.75462
3.155872
3.345524
3.770473
5.06028
3.968586
4.474834
3.952095
4.099178
3.329639
4.427948
4.695297
4.51083
4.640034
4.838505
4.140793
4.720505
4.474037
4.272003
5.249527
4.396786
4.828129
3.808697
4.838806
5.34549
4.39373
5.412586
5.448544
4.684349
4.910042
3.843765
4.557068
3.927639
4.74987
4.907993
4.355251
3.526241
4.333164
5.43121
4.714958
5.930222
5.634312
4.639175
4.541027
4.541691
4.217377
5.380917
4.578377
2.63253
2.980732
4.485519
4.500713
5.019325
5.037834
1.989674
2.021713
4.218143
4.874401
4.964474
5.364037
4.87191
4.745468
5.338852
5.295303
4.070908
4.967678
4.233807
3.882698
5.319653
5.348087
4.77515
4.487091
5.204613
4.084743
4.62225
5.316868
4.650684
4.900673
3.807957
4.44569
4.595249
5.616535
6.125286
5.451588
3.848534
5.03775
4.690105
5.751259
4.224205
