37.43361
37.47021
37.0032
37.62387
36.55473
38.17836
36.5118
36.47464
37.14135
37.44587
36.69269
37.44329
38.39695
37.10008
37.80402
37.61439
37.82589
37.98837
37.36993
37.09903
38.45026
37.01485
37.24538
37.40728
37.03297
36.74195
37.14587
37.47588
36.92223
38.53281
37.20602
37.40014
36.8786
38.0891
37.10586
38.28847
38.20652
36.56685
37.0415
36.94778
36.84314
36.5148
37.48968
37.23871
36.74597
35.87715
36.95284
38.00283
36.75787
37.62492
37.10524
38.09203
36.98997
37.51574
37.063
37.18268
38.57321
36.8385
37.61499
37.31947
38.21949
37.86748
37.68609
38.24474
38.30539
37.71142
37.71658
37.14631
37.76952
38.81858
37.81931
37.51193
37.67429
37.7947
37.57231
38.02581
37.57304
38.01935
36.43817
37.32922
36.5808
36.81819
37.9363
38.37248
38.10976
39.07959
37.87942
37.88446
37.98254
36.41621
37.65305
37.56837
37.91068
37.39687
38.03371
36.80127
36.79392
38.49147
36.98762
36.93982
37.73869
36.58987
36.85305
38.04849
37.72209
37.69998
37.74838
38.09982
36.3526
36.27214
37.66476
36.34906
36.78176
37.37448
36.4128
37.31963
37.42894
37.36056
38.19128
37.57185
37.23051
37.69226
37.86334
37.36427
38.23787
37.65066
37.46788
36.93108
36.28862
37.54936
36.84582
37.56063
36.85334
37.24726
37.22065
37.93661
37.26035
37.66273
37.70829
37.2346
36.52461
37.68465
36.93171
36.39602
36.97683
36.96365
37.10199
36.77824
36.67963
38.4519
37.45176
36.34832
37.93143
37.53331
37.51526
37.16142
36.95819
36.44345
37.0064
36.64434
38.02935
36.84842
37.44368
37.7505
37.04394
37.78831
38.73048
37.39015
37.15974
38.26467
37.5091
37.06387
37.9202
37.06141
36.31399
37.7719
37.35263
37.70404
37.59595
37.94122
36.60894
37.62894
36.10145
36.62642
37.40938
36.65433
38.02357
36.8488
37.26205
36.84657
37.06619
37.80557
38.37827
37.1627
36.4086
36.2841
37.51437
36.89896
37.2164
37.02851
36.34869
37.10217
37.26453
36.84318
37.55483
36.88379
37.41893
37.68671
36.58655
37.33527
36.61647
37.75894
36.62236
36.69227
38.75243
36.54003
36.84264
36.69851
37.77999
37.24329
37.51809
37.2022
38.64212
36.75101
37.32864
36.9874
37.36037
36.67712
37.45159
37.08502
36.30001
37.13094
38.04349
37.00581
36.51439
36.80156
37.60675
37.72274
37.40063
36.76594
37.39157
37.11808
36.54493
37.60555
36.59339
36.67235
36.37358
36.70193
36.76426
36.67784
37.41652
36.90717
37.69981
37.02447
36.61222
36.60733
36.94271
35.99201
37.76833
37.69423
38.81026
36.50101
36.5061
36.84299
36.96905
37.85878
37.66099
36.49971
37.26628
37.31852
37.01887
37.24823
37.04849
36.21658
37.66169
37.70326
36.41611
37.23981
36.49325
36.91362
36.32633
37.24057
37.11514
36.3864
36.13741
36.34779
37.17767
36.10784
36.89785
36.67988
37.4675
36.42645
37.75504
35.52477
36.22536
37.59933
36.41021
36.60907
36.99084
38.43402
37.2079
36.56831
37.6276
36.5345
36.99297
36.81768
36.73812
37.67664
36.18473
37.01252
37.51274
37.05565
36.78802
37.13224
36.72235
36.73933
36.71992
37.53974
37.71568
37.57488
36.46992
37.46708
36.95007
36.79518
37.26542
36.75003
37.8104
39.68358
37.89096
37.01797
37.12082
37.81164
37.12418
37.00941
37.42774
37.71103
37.82878
38.30283
38.5912
38.33091
37.4183
37.57514
37.16508
37.91755
36.84631
37.86536
37.00452
37.49076
36.45691
37.52736
38.13928
36.53349
38.4669
37.92437
38.51029
38.96213
39.09204
38.06026
38.66406
38.04541
38.07946
37.7757
37.07301
38.52547
38.35677
38.47694
38.72921
37.7397
37.52083
37.97799
37.16673
38.741
36.97593
37.66642
38.001
36.81378
37.33131
37.19284
37.57526
37.46767
37.07686
38.81421
37.1147
36.83073
38.33414
37.29099
38.2483
37.79691
36.92163
37.21252
38.03432
38.50685
37.24878
36.93992
36.66872
37.97309
36.8411
37.92725
37.84876
37.32614
36.73134
37.35186
37.19176
37.90673
37.37686
36.73514
36.8656
36.65566
39.38464
45.04195
39.57398
37.81173
39.37883
37.34623
37.96271
37.97828
38.91975
37.7193
39.12272
37.29963
37.11912
37.85026
38.07544
37.20697
38.07063
36.79182
38.96135
37.65513
37.27155
37.39309
38.16085
37.73952
37.6638
36.46313
38.19048
39.92704
38.96127
37.52133
37.49517
37.50044
37.15075
36.12038
37.05538
37.75536
37.27221
36.90332
36.78616
37.60811
37.35284
37.90933
37.96931
37.60052
36.20721
36.65429
37.20804
37.54446
37.09933
37.31874
37.31867
37.02264
36.77826
36.86192
38.27143
37.12821
37.32934
36.70058
37.93287
37.60507
36.7243
37.51141
38.68603
36.43968
38.37321
37.66789
37.13847
37.85494
37.15642
37.49065
37.49052
38.27865
37.4456
37.05391
37.92142
37.55226
37.16453
37.82402
37.90233
37.11288
37.28304
36.79325
37.5645
38.22187
38.85041
37.37962
38.35376
38.40609
37.89946
38.02651
37.41479
37.73107
36.70899
37.92833
36.61884
38.17785
37.46689
37.09886
36.38676
37.35982
38.89437
37.69755
36.90432
36.65846
37.39673
36.89376
37.61545
37.96607
37.27994
38.1715
37.51739
37.19998
37.55558
37.69298
37.30009
38.32723
37.47861
38.01754
37.53876
37.23976
38.20255
37.21775
38.87187
37.73434
37.30833
37.93821
37.81625
38.04368
38.8487
37.66447
36.78642
37.60334
37.44883
37.85077
37.79212
37.45674
37.3132
37.48795
37.80769
37.77465
38.40984
37.77459
38.35241
38.32709
37.45828
37.72671
37.73579
37.60782
38.48514
38.57616
37.60745
39.43921
38.34985
38.3054
37.1012
37.20047
38.40926
38.28941
37.93896
37.00324
38.30163
38.06629
37.07921
37.50778
37.12486
36.72615
37.86933
37.15595
37.80626
37.8539
37.26272
37.00657
36.95427
37.36166
38.13741
37.81588
37.1673
38.14727
36.73341
37.29557
36.85811
38.33332
36.42858
36.81457
37.25799
36.67114
37.96378
37.50028
38.0141
36.93311
38.62864
36.70744
37.34741
38.44183
40.41373
39.25854
38.45266
38.75282
38.19138
39.47248
38.14754
41.06394
40.60767
39.51652
38.83318
39.00338
38.86891
37.37706
38.38846
38.70671
38.15649
38.72211
37.64942
38.33389
38.70332
37.83128
38.3386
37.72139
37.28233
38.59517
37.70429
37.49313
39.61905
38.25273
37.95224
38.34596
37.99059
37.82966
38.06424
38.1553
37.3188
37.8573
37.25021
37.91768
38.51563
38.59394
37.91494
36.73795
38.72385
37.86705
37.44956
38.00658
37.83796
37.51391
36.99507
37.28481
37.39502
36.75151
38.44132
37.28461
37.07338
36.97767
37.09653
36.59371
36.48074
37.78154
36.97498
38.24497
37.91988
37.74035
36.01698
37.15261
36.6792
37.92789
37.06051
37.00535
37.88137
36.3807
37.35877
37.45601
36.59188
37.53555
36.79788
37.0969
38.16729
37.55492
37.81279
36.97533
37.59361
37.77621
37.42884
37.6022
37.34446
38.24904
37.93179
37.68869
37.35203
37.06458
37.11814
37.41408
36.77961
37.05182
37.15995
36.42852
37.32561
37.57205
35.95651
36.8599
37.13147
36.02123
36.68444
36.38985
36.02951
36.42563
37.3287
36.85522
36.95084
36.96358
35.82986
36.25955
36.66471
36.14039
37.22971
36.88335
36.66531
37.25077
36.55569
37.09063
36.50078
37.25753
36.94162
36.80719
36.88886
36.85645
37.59965
38.60142
37.7186
37.99617
37.94931
37.115
36.24699
36.53281
37.24684
37.93517
36.92902
37.61998
37.02289
38.65076
36.695
37.6202
37.76783
38.13929
38.7909
39.15316
37.53413
38.32384
38.75318
38.33178
38.42134
38.34946
37.79016
37.16294
37.67482
37.9775
37.20089
38.15902
38.13941
38.35683
37.23793
38.19143
37.59754
39.61874
37.77605
39.00748
37.08656
37.63209
37.45416
38.23748
37.90103
37.07149
37.79208
37.60378
37.75681
37.86367
37.66937
37.42278
36.48134
37.72533
37.52994
38.15329
37.9753
37.26595
36.86439
38.45646
39.0658
37.64576
37.67072
38.53836
37.39014
37.55569
37.97128
36.25347
38.3478
37.01603
36.30581
37.16504
37.64542
38.52309
38.15946
37.7417
37.596
37.04121
36.66178
36.98082
37.11089
37.06718
37.66578
37.20307
37.24045
38.13366
36.54644
36.69668
37.28897
37.25024
37.39145
37.66029
37.19319
37.45367
37.90796
36.81813
37.08047
37.6433
38.38668
38.08649
37.5215
38.32913
37.20966
38.57664
37.94155
37.77538
37.96411
38.15274
38.45114
38.16486
38.14435
37.77037
38.74449
38.04848
38.15516
38.18541
37.67201
38.12524
37.59224
38.16655
38.68901
38.11429
37.9365
37.69465
37.1807
38.30546
37.5421
38.28796
37.8107
36.92942
37.71532
36.79128
38.4777
36.14095
36.55627
38.47338
37.70187
38.46792
38.78413
38.59713
37.30768
38.37603
38.09919
38.02572
36.54139
37.2987
37.78643
37.10136
37.11758
36.36517
37.10149
36.9658
36.16099
36.9547
36.3356
36.98673
37.23199
37.30055
36.85281
37.04237
36.91545
35.85674
36.77617
37.12786
35.69893
36.91208
37.76241
37.76044
37.37927
37.34831
36.46439
36.91285
37.39641
37.57264
37.6511
37.94428
38.42444
37.81714
38.43309
38.39969
41.47322
41.92827
37.76318
39.31964
38.58513
38.19512
38.94511
39.2525
38.16836
37.73323
37.85512
36.70839
36.96478
38.30235
38.23124
37.6328
37.98556
38.02589
36.66313
37.75205
37.19089
37.41349
38.4467
37.10628
37.05936
38.06364
36.97188
37.01739
37.32229
37.56187
37.18581
36.61933
37.5066
36.52318
37.83014
37.67981
37.48869
37.02652
36.84896
37.18794
36.50659
36.33789
36.94778
37.50471
36.9647
37.37146
36.32883
37.79933
39.66212
37.76018
38.06046
36.90424
38.88755
38.80094
39.84086
37.62314
39.00474
38.73336
39.21243
37.30003
37.31341
37.11031
36.65536
37.19118
37.33408
36.94549
38.36248
37.41236
37.25431
37.70618
37.28092
37.25111
36.7439
38.55481
38.66238
38.26712
36.63906
37.66612
37.16784
36.91125
38.54905
37.22302
36.70534
37.01359
35.92251
36.23991
36.96952
36.14236
