55.70861
56.28138
55.20295
57.12799
58.71523
54.84945
55.01231
58.02142
57.6792
55.19714
55.43343
58.41257
58.66476
56.69356
56.672
55.64482
57.43387
59.39535
57.52031
56.77647
55.70221
56.01865
57.29919
57.55952
55.10347
55.75492
58.35861
57.15621
55.89265
55.86087
55.99432
56.65884
57.77758
58.58027
56.1263
54.77053
57.29903
59.73015
57.4285
56.69199
56.06453
56.04905
58.11216
58.4794
56.42436
54.45336
56.60139
58.16477
57.82406
55.95232
54.75468
56.3744
58.84897
57.68221
56.21395
56.42148
58.24303
57.40346
57.87946
57.56035
57.05477
57.44937
56.97141
58.60446
58.14317
56.15244
56.15896
58.96632
58.47453
55.04318
56.35053
59.10361
58.10194
55.46992
56.37473
59.00122
57.36483
56.92297
55.73466
55.83558
58.87268
57.70121
56.30002
57.93483
56.72728
56.67319
57.90469
57.23008
57.91486
56.36214
57.38093
59.52009
58.38278
55.7956
55.35857
56.72073
57.75252
56.59926
56.98028
56.56461
56.93493
57.2296
57.25801
55.39919
56.43561
56.3755
56.88797
57.7453
57.10124
56.47853
57.72136
58.08437
57.19507
54.73155
55.7698
57.96428
58.96713
56.61305
56.36784
57.09785
58.59092
58.01168
56.47679
56.5123
53.37771
57.70402
59.21803
56.2718
55.69119
57.83209
58.53281
58.15467
56.90744
56.13803
57.04925
55.52397
57.32058
59.02613
56.05891
55.26833
55.93983
56.31417
57.14757
58.49679
56.0271
57.22471
57.78873
57.47721
58.28448
58.32258
56.82829
56.1792
55.30793
57.61452
58.77411
56.36601
55.1115
57.19361
58.50187
57.58394
57.45009
56.82769
58.83887
56.65664
56.07012
56.2496
58.02309
57.79073
56.31201
55.14652
55.94639
59.27738
57.6368
55.63686
54.16676
57.3998
59.15126
57.0424
55.11018
56.1743
56.89079
57.38608
56.20821
57.12214
59.58166
57.10842
55.75632
57.66287
59.29181
58.50255
56.33278
54.85623
57.69902
59.71453
58.21397
56.40515
58.10853
57.8495
57.18245
58.81935
58.12038
56.92296
57.825
56.84379
55.81273
57.73291
57.92728
58.19023
56.48912
57.99266
56.59119
57.30438
58.73561
57.44945
57.89313
55.9889
57.10869
59.30346
57.78489
53.55942
56.78376
59.6283
57.61008
55.90865
54.35236
55.89048
59.25392
58.13696
55.91084
56.78065
56.72602
57.1282
57.15005
58.51938
56.26317
57.36785
57.23369
56.86435
58.65959
58.05399
56.26126
56.21165
58.46855
58.52415
56.88944
56.93224
59.37218
57.48727
56.01358
58.24066
60.29096
56.13819
53.933
58.28248
59.68829
57.44819
56.64482
56.84534
57.14499
57.12358
59.51249
55.4803
55.94998
56.78039
56.99219
58.29026
56.5265
56.48161
57.99514
54.9518
57.78032
59.52464
57.19001
55.99365
58.11155
59.23391
56.55805
55.47524
58.10387
59.25467
56.86403
55.04155
57.2939
59.99841
57.81915
56.20473
58.43616
58.25091
55.70371
58.23498
59.48936
57.86662
57.04873
56.7495
57.95086
60.61969
58.46049
56.71052
57.22738
58.97332
59.37472
55.16338
57.36642
59.3212
57.76378
55.29419
55.92223
59.36012
57.63269
56.53499
58.5593
57.92458
57.31306
57.30095
58.83231
58.29919
56.93165
57.65039
59.01865
58.93412
57.88725
58.03636
57.83154
58.89798
58.47706
56.48283
54.94098
57.08282
59.61379
57.54743
55.34465
57.47754
58.32958
56.96959
56.19407
58.09922
59.21437
57.40311
55.94014
56.48949
58.89487
57.53764
55.29947
56.28853
58.88294
56.22508
57.04043
59.20823
56.04028
53.99867
55.81949
59.63922
58.15452
56.64352
55.4936
57.27739
59.24309
56.87944
58.36755
58.76573
57.45494
57.75919
57.89111
57.61766
56.3712
57.95823
58.08735
56.74464
56.47181
57.82133
58.53238
57.75751
58.76709
57.29377
55.55988
57.60337
56.74219
56.95041
57.4753
58.39123
57.63319
57.64005
58.46601
55.59626
57.30112
60.63574
56.69004
56.18046
59.51057
58.72436
55.88723
58.07027
60.19071
56.57841
55.74034
58.2384
59.75301
56.73925
56.59105
58.67045
57.86798
55.3127
56.01494
56.31598
57.71225
58.85424
57.25897
56.57259
56.74147
53.81192
54.23315
57.07228
58.55862
55.26618
55.64457
56.84956
60.20856
57.4648
55.26509
54.47564
57.29329
59.79745
56.86703
57.682
57.07196
57.67484
57.49412
57.38494
57.59644
58.86101
58.25189
57.418
56.75938
57.63244
58.76188
57.51043
56.10917
54.60197
58.3326
59.63747
56.64382
57.27049
56.67014
57.31092
58.29756
58.5569
55.2403
57.48285
60.50656
57.43836
56.36069
57.06655
58.55174
58.33517
57.4642
57.48552
55.14132
57.64293
59.51254
56.96598
55.65678
58.5251
58.35595
56.38151
55.61146
54.80674
58.42177
59.02666
56.507
56.31491
56.68667
55.20802
58.22495
60.14178
57.01213
55.57548
55.31102
57.00101
59.16654
58.31356
57.00526
56.54535
56.90819
58.94397
59.29218
58.93194
57.66946
56.59107
57.9446
58.31878
57.90408
56.68179
57.51384
58.28062
57.1155
57.85452
57.57116
57.90469
59.13149
58.15394
57.55053
58.9744
58.89796
55.08765
57.16568
60.18992
58.44466
56.52155
57.1094
56.53504
56.58591
57.50206
59.60291
56.9809
57.65265
56.34155
57.84621
60.65577
56.91298
58.40855
58.45819
55.6403
56.44782
60.46109
57.93981
56.05839
57.84256
57.37038
57.7114
56.44537
58.6958
59.69992
57.64885
57.64589
58.30698
59.5207
58.11841
57.92621
57.28576
57.18334
58.89341
59.82743
57.667
55.97583
57.85437
59.60996
57.51439
57.16509
58.34409
58.46951
57.2328
56.00161
57.8531
59.52185
57.33925
55.39236
57.37457
57.96737
58.09071
57.10805
58.60198
57.02076
56.26288
59.40586
58.15084
55.0937
57.21011
60.15895
58.43984
56.53554
57.02754
58.54921
58.21339
59.31666
57.83994
55.68491
55.88451
59.33512
58.31023
57.71487
57.18806
53.77409
58.06906
60.28006
57.46921
53.39861
55.83645
58.98508
56.1109
56.77311
59.63485
57.10555
55.18978
55.71705
58.84354
59.72258
57.2412
56.36176
58.61782
58.32183
56.53205
57.38353
60.09959
55.98377
54.16857
58.20796
57.31973
57.4187
58.57845
57.63513
57.20783
56.68987
56.21144
59.96796
58.13982
57.0749
57.91627
55.85125
57.37938
59.43042
59.07718
56.23985
58.22671
59.02726
58.22107
58.40261
58.43274
55.34015
56.68322
59.73381
58.31424
56.51461
56.86379
58.13068
59.29622
57.38317
57.65861
55.6793
57.67071
60.82227
56.98482
55.62194
57.37713
59.50088
57.1242
58.08284
58.64022
56.71138
57.86936
57.88165
57.22384
58.0172
57.88189
56.54066
58.62462
58.83033
57.48581
56.28381
57.06672
59.75433
58.76881
53.29953
57.65845
60.02412
58.16951
55.86543
56.17076
59.86145
58.22276
56.48989
58.05975
59.3507
59.08478
57.90777
57.56475
57.29171
57.22832
59.61583
58.65312
57.01875
55.41954
57.02534
58.10932
58.46081
58.4444
57.09386
55.60906
56.97913
59.45349
60.08177
57.5854
56.14933
57.72616
59.22702
59.14642
57.30823
57.84491
59.09505
58.62619
56.25553
58.15685
61.16099
57.72622
56.65636
57.80523
55.71446
58.47528
59.88636
58.16211
56.97877
57.95256
57.10695
59.98178
58.12868
58.45689
57.06084
56.14529
55.69813
58.91952
59.33809
56.8803
55.23093
55.39461
58.67641
59.57479
55.84993
57.7423
54.72787
58.29466
59.52603
57.57115
56.63195
57.85161
58.32756
58.31606
58.3731
57.31327
57.23703
58.32125
58.77214
58.18211
57.20935
56.83817
57.95225
59.54559
59.11632
57.59701
57.75549
56.40165
59.09633
60.72579
54.3145
55.8395
58.31892
56.63844
56.15723
57.84135
57.57927
57.00298
56.35099
58.87927
59.32659
56.32756
54.46019
56.93111
59.60276
57.52061
56.70794
57.05261
57.86375
56.73653
57.38707
58.12627
58.8458
56.17536
56.98317
59.49072
57.47721
57.14027
58.10363
55.48755
56.18773
60.16634
56.97687
56.27411
55.14589
58.37991
58.9775
56.85303
55.46677
54.60518
55.01291
57.08891
58.93775
56.08851
55.54434
56.40532
57.88159
57.23185
57.67353
59.29519
58.57689
55.04572
57.70489
60.51814
58.16731
57.01046
57.61724
57.96777
59.77361
59.03598
58.14967
55.866
58.60485
59.15541
57.54928
56.85531
56.36881
57.28149
59.13226
57.37523
57.60905
57.9527
56.10282
55.37885
57.49405
58.57541
56.25427
55.56752
58.37374
58.99784
56.90009
56.26763
56.74229
58.50453
59.44931
57.35706
56.65059
57.91459
58.59695
57.26156
57.71427
58.93168
57.28977
56.0354
57.61237
58.62296
57.57823
56.85341
58.66034
57.18691
57.68877
59.75587
55.55081
55.42797
59.51313
58.58335
56.27561
57.04913
58.37999
58.59478
57.47179
57.7234
57.97691
58.18758
59.28009
58.1593
57.81841
57.71009
56.91111
56.79646
57.51519
58.65605
57.21851
56.89033
54.68035
58.12818
58.85071
56.98053
55.71231
58.45311
58.2886
56.80193
56.19287
60.24158
56.97122
56.20789
57.7801
57.89138
58.43493
57.6364
57.777
55.99442
58.05524
60.41874
56.61285
55.63078
56.60466
60.70513
58.06548
57.82633
56.74263
58.03187
57.49613
57.94662
59.04745
58.52988
56.61335
58.05758
59.47356
57.54972
57.28239
55.96979
56.66516
58.83281
54.73114
54.39038
57.42542
57.21034
54.89496
56.27438
58.78825
57.40368
55.96041
55.87008
57.03283
59.04184
58.41619
57.27367
57.5326
57.67095
59.42008
57.52707
55.1557
57.51469
59.66206
57.90433
56.75428
56.52136
56.68827
56.92786
57.48557
57.98273
58.83202
56.75732
57.04057
59.34729
57.37462
57.52695
57.76989
55.99705
58.39029
60.16873
57.53264
55.76377
57.84844
58.50397
58.19837
57.35856
57.31704
58.66563
57.89033
56.89092
57.63097
56.63187
57.68588
57.32857
57.32371
54.88435
54.6637
58.65067
58.35458
57.36013
56.83564
58.06953
58.33677
58.64552
57.22151
55.35728
57.56678
60.61419
57.34032
55.89821
59.03617
58.49782
56.89698
56.24573
58.97786
58.12437
57.20911
58.40811
58.27522
56.21872
57.96233
58.87101
57.32821
56.81145
57.86982
59.68871
57.0292
