 0
0.1140675
1.313425
0.3611313
0.1398034
0.293244
-0.04536903
0.393787
-0.2663372
0.6897668
1.660266
-0.5693572
0.1033719
-0.7847174
-0.8306046
-0.553666
2.34004
-0.4341126
-0.5902088
-0.201051
0.007312655
-0.1376989
1.20991
1.539563
-0.5840212
0.5841389
-0.8556928
-0.3252574
-0.1445611
0.3344798
0.3447533
0.4087567
0.1883116
0.3360475
0.1151141
1.239113
-0.5041015
0.6827376
-1.153129
-0.9543628
0.4338952
0.7700462
0.7702844
-0.2684243
0.2185069
-0.2109072
-0.278708
0.1171352
0.1444917
0.1392485
-0.1689524
0.7498056
0.4181232
0.3127005
0.03055215
-0.04624128
-0.2525356
0.4472929
1.344773
0.06668678
-0.36724
0.3560781
0.6234899
-0.1290517
-0.1257925
-0.6088514
-0.005945623
-0.2327495
0.1767121
0.5336048
-0.1575859
0.5304513
-0.757662
-1.154743
0.7695147
1.034163
1.277147
-0.102695
-0.6930048
0.6089356
0.07259345
-0.5880106
-0.2349175
0.7455037
1.356533
-0.001234531
0.4080143
0.4042997
-0.07662272
0.1308144
0.545731
1.114236
0.5308795
-0.9419129
-0.7669956
-0.2472399
1.41716
-0.04450202
-0.5496035
0.3104802
-0.1199887
1.183279
0.1496236
-0.2035372
-0.498248
0.383076
-0.9906412
-0.4888208
0.2157106
-0.4463611
-0.3506404
0.8784416
-0.1528782
-1.109022
0.2346412
0.1280956
-0.8694007
0.174791
-0.6416229
0.4728898
1.36977
0.2722487
0.004061937
-0.8515334
-1.023198
1.497387
0.2167791
-0.5153773
-0.2124704
-0.3564876
0.8358376
-0.1555742
0.8566341
-1.05327
-1.311799
0.9603761
-0.3758547
0.5990278
0.408545
-0.4047576
-0.1025066
-0.1993746
-1.244881
-0.01172388
-0.2691837
-0.4669557
0.6771362
0.4741989
0.4582474
-0.5866908
-0.1207397
0.01191741
1.188111
-0.2385293
-0.2749043
-0.5759672
-1.234465
-0.8736372
0.07538629
0.5342591
-0.5176043
-0.5243232
1.063077
0.4998212
-0.2263964
0.1331108
-0.9276041
-1.02097
0.445922
0.7031637
-0.2009176
-0.02418151
-0.6420087
-0.5814104
1.335589
0.1803639
-0.04030687
-0.02278328
-0.5950364
0.4950678
0.6257184
0.2669796
-0.05043411
0.09690697
-1.30051
-1.006588
0.1951069
0.9271033
-0.8087738
-0.1689892
0.7830894
-0.7534025
-0.1259992
0.1795979
0.004955888
-0.2342013
0.6883817
0.5745816
-0.04168016
-0.2276842
0.2695755
1.287455
0.6206397
-0.1956557
-0.435912
0.1667471
-0.6783681
-0.8929899
1.684323
0.1186891
-1.342226
0.7497907
-0.5587795
-0.9743611
0.3842256
0.03138924
-0.1069917
1.02876
-0.2442623
0.1599128
-0.8114568
0.1833229
0.3471262
-0.5230991
-0.3037767
0.9032385
-0.03451121
-0.05361807
0.5180005
1.240809
0.6327108
-0.06871048
0.5079439
-0.2238965
-0.513984
-0.3636201
0.3746437
-0.2958867
-0.2372075
-0.3722398
0.4249141
-0.545346
1.586425
-0.2284165
0.7798142
-0.7737149
-0.2030389
-0.1714047
-0.1430733
-0.176445
-1.146205
0.3522208
0.492378
0.1242924
-0.03663802
-0.6012872
-0.5175563
-0.3671971
0.6318112
0.05703175
0.4775508
0.7481679
-0.3393528
-0.6478821
-0.1049349
0.2690931
-0.06231962
-0.32544
-0.3640847
2.097847
-1.005449
-1.087403
-0.2529757
-0.3415951
-0.4850771
-0.2284274
-0.4506024
0.5842018
-0.6883605
0.03055668
0.1896785
-0.2238976
-0.1891407
-0.1198684
-0.3079476
-0.04937232
-0.1274364
0.3717529
-0.01935995
-0.08316481
0.4650233
0.9091597
-0.7344282
0.5047774
-0.7410268
-0.2687424
0.8025775
-0.1648679
-0.4063048
0.9703264
-0.6684629
0.3158688
-0.6141661
-0.6016244
-0.2040566
1.059749
0.3389812
-0.6170026
0.1808596
0.3348617
-0.9661571
0.1391904
0.146562
-0.3502153
-0.2309957
1.401533
0.453813
-0.6344687
-0.05340862
-0.8259976
-0.115051
0.8258657
0.1990785
0.3530239
-0.1499302
0.5004655
0.7619903
0.9222335
0.2352762
-0.1673101
1.038419
-0.4474463
-0.1723137
-0.16367
-0.7347785
1.203847
-0.7721356
-0.07630062
-0.5745354
-0.9191484
-0.2979206
-0.2648538
-0.4653937
0.2161906
0.2112951
0.840024
0.8496203
-0.2048924
-0.3473179
0.1985377
-0.9573681
-1.24897
-0.1173967
0.7953104
0.9054855
-0.3963733
0.2860806
0.1031414
-0.8083549
0.4484844
-1.001243
0.08785367
-1.043559
0.6507151
2.999914
0.9244241
-0.517177
-0.1622852
-0.6875538
-0.7032141
0.4186279
2.004742
0.08217368
-0.1858968
-0.02037793
-1.197395
-1.005351
0.3606319
0.07794333
0.6581748
0.5345165
-0.3964176
-0.1167596
-0.6138657
0.8774524
-0.4398681
0.4778695
-0.4709716
-0.1876507
-0.5160626
-0.5968289
0.1193601
-0.4609481
-0.06431407
-0.1622373
0.7183082
0.57855
-0.1157222
1.349995
-0.01974869
-0.5327646
-1.255655
-0.4086177
-0.9623415
-0.3699547
0.6211568
1.25071
0.01684505
1.53402
2.282657
0.9039359
0.1588675
-0.08715796
-0.1562053
0.7370574
1.126822
0.2460341
-0.7599334
0.3479422
0.4534802
-0.5622
-1.072257
0.915483
0.3792793
-0.3108797
1.317965
0.4789387
-1.321945
-0.7664375
0.3148219
-1.045902
0.08910346
0.7219391
0.8450801
1.177859
-0.940006
-0.4091727
-1.598412
-0.7350479
-0.08845663
0.08230233
0.08895221
-0.2019269
0.5183532
-0.6962988
-0.4117775
0.1225938
-0.2154545
0.6062413
0.6846993
-1.083977
-0.5401297
-0.9802961
0.1641238
0.08507609
-0.01914972
-0.823142
0.4509029
0.3387875
0.1722296
0.2243078
0.265027
0.2631809
0.147881
-0.1510097
-0.5034336
-0.5903758
0.6778063
0.4982597
1.336979
0.3405653
-0.8025637
-0.1319821
-0.8547585
-0.3385971
-0.6394154
0.9119152
-0.2900843
-0.01313043
0.6974049
-0.2816503
0.1469673
0.09564877
1.061859
-0.5253824
-0.3802558
-0.4089971
-0.4093762
0.05988085
0.2426034
0.175157
1.492136
1.317044
-0.05036837
-0.3064085
-0.8073072
-0.8250285
-0.4616888
0.4282936
-0.4061122
0.3132767
1.095334
-0.7107406
-0.02879131
-0.5758178
-0.3242178
0.08411506
-0.1400055
0.3527422
-1.018112
1.061165
0.6371133
0.3511851
-0.3653395
-0.5405683
0.02460849
0.6110251
-0.6556688
-0.3915907
-0.108969
-0.2622864
-0.230839
-0.2301106
0.4788661
0.03422587
-0.1478394
0.6226045
-0.3773924
-0.1985954
0.02136117
0.2350727
1.014813
0.2475615
0.09951544
0.1267284
0.1798153
-0.1524104
0.01365495
0.5106853
0.2999274
0.6147693
-0.7790091
-0.07886183
0.7627755
1.149639
0.1193025
-0.2582613
0.445143
-0.6158454
1.134937
0.784686
-0.2214384
-0.5638807
-0.2833306
0.1405876
-0.5437135
0.02195144
-0.4867964
0.04542643
1.088394
-0.5893064
0.4578259
-0.6136249
-0.8059887
-0.3244443
0.122105
-0.1477559
-0.266969
1.216521
1.541067
-0.7635821
0.5543311
-0.4424515
-1.081395
-0.4467207
1.419188
-0.2054254
-0.09051132
-0.7885253
-0.7973517
-0.4694777
1.090295
-0.4362902
0.4014375
-0.2992166
-0.8210068
0.02193923
-0.3073652
-0.3704237
-0.1822148
0.1301503
-0.2359251
-0.1391809
-0.5232015
-0.2819057
1.091568
0.1604871
-0.5347599
-0.2953675
-0.2545962
-0.2172811
-0.1487398
1.195108
1.494273
0.4303329
0.763798
0.78697
-0.02986705
-0.8487073
0.221741
0.9798224
-0.1900171
0.2515231
-0.4991796
0.1765029
-0.1206437
-0.07543826
-0.189214
0.0796051
0.175971
-0.05072588
-0.1479788
-0.3534905
0.5612078
0.7017506
0.1779739
-0.6051507
-0.6929522
-0.4506083
0.3145256
0.5118728
-0.2892796
-0.5444045
0.2442675
0.4236692
-0.699012
-0.655521
-0.307695
-1.01819
-0.8243007
-0.6110774
-0.1860156
0.1112626
-0.001662493
-0.05692816
0.2865653
-1.199239
-0.02954054
0.02844524
-0.4321511
0.06354284
-0.8017415
-0.5867656
1.381445
0.1760049
-0.159885
0.474085
-1.475713
-1.254109
-0.4761591
-0.3858967
-0.7151419
0.3482525
-0.3497643
1.624624
-0.6559132
-0.5797637
-0.2672302
-1.12568
-0.3430024
-0.05321431
0.28465
-0.5213519
-0.9724929
-0.3448837
-0.257014
0.8428584
0.8236598
-0.4037374
0.3210371
1.441692
-0.6311398
0.03274989
-1.427783
-0.8964601
-0.1337852
-0.4578711
-0.01998723
0.5393152
-0.2894212
0.4047937
-1.101371
0.1554763
0.9140626
-1.032727
-0.256304
0.3273768
-0.8232078
0.2664139
0.8325871
-0.1926149
0.4742815
-0.5236381
-0.5541731
-0.05310988
0.1684849
1.080859
0.007229388
-0.9738045
-0.3754665
-0.05156584
0.03723383
1.200577
0.8352898
-0.3754381
-0.2737494
-1.031542
-0.925963
0.2186628
0.7717261
0.7306819
0.3209393
0.02911675
-0.8325053
-0.2823665
-1.129602
1.424905
-0.03326207
-0.3869795
0.0295366
-0.1870655
0.2085569
0.1053112
-0.4060955
1.391346
0.2078841
0.2158408
1.076152
-0.4975754
0.2030103
0.04592285
-0.6447697
-0.4077784
-0.4352218
0.01045692
0.4989759
0.924057
-0.4549967
0.3202727
-0.6017767
1.328279
0.5132139
0.271039
0.008487284
-0.627737
0.2709861
0.7601397
0.01047125
-0.3071188
-0.6003088
-0.1946427
-0.4180173
0.01415139
-0.1471249
0.450029
0.4780258
-0.1430325
0.2368083
-0.6343794
-0.3010046
-0.151463
0.5064622
1.114539
-0.1188924
-0.2383795
0.02301654
-1.205976
-0.5515465
-0.3503979
-0.6264436
-0.1970008
1.058003
-0.5179059
0.05446295
-0.6245995
1.527918
-0.1092163
-0.909806
-0.4841958
-1.260792
-0.3925169
1.734887
-0.001382351
0.7479761
0.9021008
-0.5415803
0.9869936
-0.4786601
-0.6177114
0.3460975
-0.6365461
0.02047992
0.1636803
0.4602905
0.4399642
0.2436014
-0.2679069
-0.06625557
-0.6029972
-0.476927
0.3232183
-0.7270454
-0.4925346
-0.04584146
-0.5824343
0.7512493
0.03235072
-0.7833816
1.10142
-0.8518494
-1.997424
-0.4558339
0.02975035
-0.4834795
0.9777896
0.1852086
0.3260658
-0.950081
-0.5197636
-0.7725802
-0.3992965
0.2138289
1.649115
-0.2554882
0.4886298
-0.15093
-0.8518987
0.8814384
0.03214962
-0.2335217
-0.1288874
-0.01325145
0.1598947
0.5407399
-0.1417166
0.6779499
0.304253
0.6245659
0.5051848
-0.06308562
-0.000361383
-0.5213809
0.1832871
0.6200182
0.2418866
-0.5120782
-0.1225467
0.8438883
-0.72826
-0.1382704
0.2452174
-0.6080268
-0.7869868
-0.8961395
0.5122056
-0.9187806
-0.3013669
0.5938565
-0.6592654
0.3647438
1.380391
0.08718359
-0.343998
0.001468718
-0.3941739
-0.6335276
-0.5917664
-0.1071399
-0.5868348
-0.6730593
0.9212014
0.8544878
-0.7098045
-0.2543438
0.07028365
-0.4408717
-0.4826272
-0.03916097
0.3502374
-0.2885676
-0.3124213
0.09865902
-0.2033929
0.4155839
0.07329142
0.1617444
0.6750113
-0.9116244
-0.2585616
0.4868196
0.1676429
0.06762028
-0.1347871
-1.012028
-0.3498287
-0.152448
0.7060202
0.9310753
0.4652299
0.7439483
-0.423578
0.5972591
1.093957
0.6238515
-0.1617099
1.434947
-0.1147848
-0.9425962
-0.03228486
-0.9118227
-0.7815495
-0.4189032
-0.1833816
-0.8283536
0.4592849
-0.7907835
-0.4048281
-0.6530677
-0.6469064
0.6538823
-0.09823225
-0.6944027
-0.07966518
-1.113718
0.5739443
-0.8225173
-1.54376
-0.7666241
-0.3330756
-0.06045163
0.6810107
-0.3855658
-1.577776
0.1471114
0.3475244
-1.699659
0.8582566
-0.9017315
1.14561
-0.1758344
-0.6262982
-0.6731396
-0.1428588
0.1572127
-0.5350911
0.4046583
-0.2681619
0.6168375
-0.3023536
0.2510047
-0.116592
-0.2020016
-0.2750781
0.0236392
-0.6535448
1.667899
0.9545703
0.2854742
0.7498775
0.2028754
-0.7830096
-0.4568174
-0.5584436
-1.138184
-0.786328
-0.1116878
1.174459
-0.4761547
-1.508759
-0.7352281
-0.3997143
0.5402007
-0.1231036
-0.5406574
-0.6166084
0.3698979
0.2562022
0.6535957
-0.9063025
-0.1640055
0.3319899
0.3186417
0.0555903
-1.372068
-0.1735573
-0.3725262
0.04363656
-0.4501025
-0.7620376
-0.5854189
