-2.110662
-2.074935
0.06002702
-1.739904
-2.590586
0.0328293
1.433609
-0.762366
-0.3957722
-3.629585
0.2978611
2.002216
0.8643286
-2.997336
-2.005758
1.629535
1.845269
0.9687865
0.6509445
-1.433065
1.248572
2.819885
-0.1765039
-0.3384742
0.3982477
0.6559917
2.292353
1.975952
-1.734339
0.003676476
2.578973
0.4812731
-0.7995074
-1.116068
2.466125
0.355694
-0.5791131
1.653354
-2.036506
-1.603108
1.402489
1.697666
-0.2605967
-0.07246937
1.57804
0.5332532
0.4307502
-2.585051
-0.7811325
3.965314
0.7824522
-3.619499
-3.318333
0.5225632
1.316997
0.04634144
-2.654247
-2.834859
0.7709526
0.5459976
-0.5438254
-2.219364
-1.968755
1.687222
1.229771
-0.717304
-0.8139416
1.466817
2.551307
-0.7976197
-4.718437
-0.6563975
2.716589
1.344188
-0.3148365
1.240489
0.225681
0.4381279
-0.9014581
-0.1814261
1.437802
0.4179926
-1.438679
1.244913
0.3171365
-1.360844
-3.094654
2.077944
1.287939
-0.4291632
-0.3235648
-1.184883
0.3965425
2.413454
1.192513
0.4398129
-1.663458
0.3021045
2.30005
0.2788254
-1.804865
-1.265378
-2.920845
1.130759
2.10402
-1.007821
-1.551194
-0.986405
-3.538216
-1.454755
1.482755
0.5875702
-1.572243
-0.309921
-3.092968
0.2800509
2.364391
0.7231824
0.9858491
0.01994361
-2.469618
-1.249049
3.657458
1.09974
-0.2652506
-2.855659
0.9935521
2.574168
0.4276193
-0.7526593
1.293933
1.2065
2.11289
1.307828
0.1814896
0.0634555
-0.2745678
2.13448
-0.1512195
-0.8730702
1.004926
0.3624006
0.7362511
-0.2285244
-0.7784467
-3.245621
-0.8918892
2.96742
-0.4076806
-3.143106
-0.931497
2.012488
0.488422
-0.5558692
-0.3481336
-0.003842369
1.372147
0.7526215
-3.532254
-0.602838
3.730338
1.635313
-1.183203
0.3986105
1.638939
0.6796618
1.709111
2.4886
0.881679
-2.671541
-1.138486
2.749643
1.553306
-2.943642
-1.534501
3.356915
1.748338
0.1629648
0.8844498
1.984011
-1.982026
-1.241177
0.7806992
1.563301
-1.392366
-0.2582378
-0.9567452
0.4193775
1.677307
0.6225948
-0.2914679
0.4349591
1.253463
-2.050123
-0.2047954
0.8320098
-2.458719
-1.942378
0.8032801
1.009534
0.3259736
-1.145613
-1.351992
-1.677387
0.7561501
2.183816
-0.4124152
-1.697235
-1.048208
1.894569
0.02921997
-1.211743
1.230813
-0.3765199
0.5382895
0.3833989
-0.06954788
-2.389934
-0.8400433
2.638335
1.539719
-1.50299
-2.193503
-2.761969
-0.02428387
2.14017
-1.604336
-2.31939
-1.581396
1.558504
0.1970348
-2.182715
-0.8446463
1.815993
0.7906638
-1.617367
-0.8838425
0.8838272
1.597885
2.189084
0.7703764
-2.361013
0.5268548
0.4794761
1.301463
1.606624
1.08813
-2.295028
-2.785043
2.476352
3.083811
0.07501159
-2.421633
-2.603177
-0.9141304
2.276837
0.6864127
-3.33876
-1.188522
3.135326
0.7889529
-0.5841824
0.57048
2.152651
-2.415298
-3.390577
0.5162747
3.635878
-0.6733221
-1.161328
0.2789763
0.9223426
0.1014393
-0.05933727
-2.284554
-2.342662
-0.09209037
1.305744
1.3975
0.8377569
0.7389665
-0.7404392
-0.5881404
3.741441
0.6926416
0.4243023
3.323951
1.049775
0.3141986
2.161779
2.177855
-4.066706
-0.5848061
4.028309
0.201189
-1.619893
-0.9061855
0.667224
2.923966
0.2795844
0.6983194
-1.448264
-3.533979
0.4678769
3.230912
0.2661521
-0.5373681
-2.886825
-2.391491
-1.898349
0.1262243
0.2956128
0.4067008
-0.7318996
1.58505
-0.2257823
-2.290602
1.228663
2.25388
0.8062975
-1.028311
-3.693331
-0.6376091
2.246536
0.2936246
-1.830614
2.006925
-1.370985
-1.460974
0.9016478
0.2498036
0.7100571
1.843542
-2.082787
-3.386751
0.7759691
3.887163
0.7125856
-1.081449
-0.1925825
-2.080468
-1.928642
0.129256
1.527071
0.7604933
-0.2488955
2.315264
0.1621241
-0.04173592
2.057185
1.664747
2.136849
0.9012949
0.7764742
-0.16884
0.8604966
-0.5049417
-3.169288
-0.3595845
2.743889
-0.248957
-1.004319
-0.5196699
-0.8749836
-2.479605
0.2692908
2.345937
-1.045881
0.3329706
1.150397
1.967209
0.1607003
0.8308393
0.6184785
2.431095
1.725021
-0.04206808
-0.819795
0.6164017
1.985814
-0.6001755
-1.165554
1.46307
-0.112536
-3.948475
-0.6925146
2.278511
1.119031
-1.945288
0.167615
-2.298898
-2.845693
-1.12149
0.5570608
-3.468393
-1.925292
2.221159
0.6672545
-0.6210586
-0.3602152
0.6647825
2.148943
1.635834
-0.2183785
-1.20895
-2.246425
-0.5072572
3.741467
0.3399071
-6.932099
-3.019282
1.355795
0.1865012
-0.774002
-0.3100069
-1.426184
-0.8940758
2.9422
-0.1941491
-2.500012
-2.869298
1.21189
1.151778
0.112121
-0.9438503
0.348583
1.083493
-0.3715636
0.3451967
2.540543
1.082317
0.2964111
0.6159316
0.4835809
-0.323491
-2.060125
1.148596
1.432862
-0.5158792
-0.4134029
0.6848373
2.428091
-1.462453
-3.458633
0.4120909
1.136279
-0.2591187
-1.612883
-0.1236743
1.263395
1.135671
0.4684455
-1.074306
1.588903
2.857616
0.7335566
0.8238754
0.830464
-3.33242
-1.472359
0.9836478
3.397628
-0.008712496
0.2484128
0.2123519
1.976071
1.671527
-1.181455
-1.097372
2.042149
2.195835
0.1677088
-0.4682701
1.140291
1.531558
-0.5376135
0.1734096
0.8313716
-0.1107652
-0.6394321
0.5563105
-0.6574997
0.4498837
0.2209277
0.3739965
0.1610178
0.6096417
-0.2616795
0.6007638
0.8603387
-0.992703
0.3548015
0.003945149
-3.615401
-0.9741548
1.357529
-0.4483822
-1.134688
-2.13827
-0.09539653
2.039085
-1.663461
-1.904484
-3.00005
-0.190393
2.279292
-0.3429729
-0.5674031
0.1731485
1.731711
1.810384
-2.39679
-4.294684
0.8154026
2.33424
-0.1051429
-1.194362
-0.1321873
0.4753592
-3.639295
0.8687224
2.932529
-0.9649959
-0.6498617
0.7252341
-0.3290427
-4.031695
0.5788364
2.787148
0.0793792
-0.6726646
-0.5234001
-3.677023
-0.05937479
3.961627
1.32459
0.1960291
0.7280024
1.468153
2.314922
0.4931558
1.297622
1.463354
-1.359104
-2.939665
-0.2399236
3.446774
0.2673504
-1.267376
2.088359
1.682774
1.871818
-0.1674816
-1.055026
0.8445671
1.326693
1.802359
-0.3696994
-0.7038975
-0.5191229
-0.05293583
-1.211687
-0.192656
0.9866819
0.2890858
-0.7290929
-0.2446716
1.421656
0.5636259
-2.232862
-1.000796
3.217048
0.3333726
-2.762467
-0.1032516
1.272439
-1.707345
-0.5356677
1.060628
0.8152498
0.4171098
-0.9727784
-0.4284847
0.6691667
1.528575
1.304362
-4.517507
-1.132617
1.813204
-1.520669
-2.421061
1.141418
0.2022389
-2.326061
0.1016202
1.687126
0.8692833
0.9950787
-4.241141
-0.5328867
3.901965
-0.3296482
-2.09815
-2.16491
-0.009776699
2.536752
-2.920613
-0.2285516
1.232601
-1.00167
-1.696464
-0.2479449
-2.018375
1.065331
0.6388914
0.2328374
0.6540492
2.211771
0.9314052
-0.4463148
-0.5279001
2.02895
1.859336
1.029035
-3.563872
-0.6832456
3.569026
0.5219169
-2.273999
-1.06533
3.451327
-0.3293409
-1.140146
-0.2620795
-1.446654
0.6082994
2.336035
-0.5699657
-3.165241
-1.183721
2.250852
-0.6139919
-0.5466835
0.1150409
1.286856
1.002651
0.7744914
-1.417089
-1.870017
-1.168946
1.41988
-2.636955
-1.260128
0.9066912
1.826011
-0.613418
0.1270415
0.2491045
1.205904
-1.91026
-1.449595
0.8060583
-0.4010032
-0.9637047
0.4811171
1.583573
0.4735929
1.391756
2.070514
-1.987351
-1.174122
2.118373
0.4198407
-1.5735
-0.9899638
0.9338807
1.701124
0.7464164
-3.272449
-2.357369
2.175525
2.105899
-1.268099
-3.349672
-0.7429456
1.415916
0.06090231
0.5628958
0.826202
1.173042
0.6958921
1.731642
1.09995
0.1369471
2.018262
-0.2530573
0.1009351
2.04934
1.258252
-0.6397848
-4.070884
-1.323347
3.546588
0.7069866
-1.389587
-0.6944978
-2.693218
0.7273749
1.997155
0.4425252
0.3212696
1.015119
0.2223535
2.175716
-0.03693788
0.2812322
-0.7577714
-1.963296
1.50889
2.617194
-0.7751704
-0.02071171
-2.177033
1.720307
2.183259
0.1239308
-1.658268
-1.456828
-1.859879
0.4584022
1.429802
-1.285961
0.05595513
-1.482826
0.2473917
0.4591849
-1.662168
-3.474489
-0.9043396
2.547446
-0.7947845
-0.7420595
1.217797
1.262404
-0.8369543
-0.4327786
-3.460361
-1.137318
2.498755
-0.155267
0.2703891
-4.594025
-1.051893
1.464239
-0.5837201
-1.411941
-0.3932167
0.7781096
1.032199
-1.277673
-4.003829
-0.7273598
1.367238
-2.111376
-1.867729
-0.3177989
2.538453
-0.07903982
-0.4142257
1.792345
0.8049538
-3.171386
0.09235379
2.263941
-4.306247
-0.2462801
3.917615
1.074629
-0.0201506
0.9470857
0.8026546
1.15678
2.506534
0.5400631
1.18502
1.107073
0.95311
-2.117942
-1.105356
2.63164
2.627493
-0.7238609
-2.264545
-3.187896
-0.04982562
1.14328
0.6915627
0.5745402
-4.103563
0.2110898
2.550722
-0.2417058
0.08691135
1.442518
-0.2543121
-0.2486299
0.8371484
-3.084901
-0.9656301
2.86528
0.8942318
0.08544014
1.702346
-1.013045
-3.390206
-0.3377316
3.003562
0.8265726
0.769883
-4.521776
-1.55026
3.440718
1.126808
-1.962015
-3.896273
-1.045628
1.94031
-0.274929
-0.563263
0.5709994
-0.713601
-2.326875
0.05406466
1.829947
0.5529218
-0.5360408
0.2101082
1.158768
-2.76502
-0.554683
3.010194
1.029703
-0.8830941
-2.339769
-3.882083
0.7809179
1.816164
-2.011253
-0.9879453
-0.1582854
-0.02168268
0.9355675
-1.826943
-0.1568737
1.518595
1.644985
0.6455209
1.628247
1.137198
0.3714848
0.5221848
0.5376571
0.8426976
1.948651
-0.2930782
-0.6626533
-0.1146224
-0.01320831
1.773355
2.526361
-1.827394
-0.6287304
-1.185869
0.5308787
1.833873
0.7677264
-3.57293
-1.252062
2.745361
1.076473
-0.6285989
-3.894433
0.6146428
2.354425
0.1054903
-0.5289199
-3.692723
-1.704962
2.793607
1.269039
-0.1817679
-0.1831343
0.505664
0.5494831
2.138727
0.6413104
1.081834
-3.183305
-1.337678
3.51641
0.9225246
-1.653203
-2.611257
-0.6056483
2.857618
0.8474759
0.1791455
0.282296
1.617315
0.7270786
0.6288704
0.7828811
-0.1806977
-6.034079
-2.382641
0.5677484
-0.8954695
-1.968444
-2.853427
-2.554857
1.35791
2.149167
-0.780776
-2.0491
0.1414854
3.194828
0.8772609
-1.305371
0.5092845
1.288176
0.2308756
0.8270137
2.248126
0.9329489
-1.903011
0.7435091
3.323643
-0.2992277
-4.523521
-0.4617766
2.537467
0.4979182
-1.691852
-3.132511
1.456448
2.282177
0.1676639
-0.8412397
-2.894703
-1.141046
2.679777
0.1228796
-1.277811
-0.181783
0.2214965
2.099823
1.195172
-0.255002
-2.630899
-1.768158
-0.03185951
0.2690105
0.09977134
-0.9740942
-2.439837
-0.8607895
2.201949
-1.287768
-1.930075
0.6956926
-0.2200816
1.397388
1.760155
0.2631263
-0.9270402
-1.685171
-0.8357309
0.5662699
1.999008
0.5490371
1.147743
0.2241405
-3.206414
0.3543789
3.24082
1.282118
-1.793452
-0.5873505
0.08633063
2.057126
0.02337754
-1.451218
-0.04260956
1.445637
-1.706778
-0.0164708
2.262821
0.2092215
-1.449969
1.677962
