37.94673
37.6584
37.28141
37.13913
36.85477
37.09214
36.35948
37.51243
36.73051
36.68061
37.27451
37.43602
36.94726
36.74362
37.13997
36.38879
36.4674
37.67639
37.32545
38.34992
38.59447
38.20853
37.94796
37.658
38.01089
37.89081
38.16985
37.9216
37.97698
36.9946
37.2738
37.63982
37.8967
36.61147
36.57066
37.43441
37.9576
37.70438
36.65173
37.76552
36.74587
37.43432
37.88271
37.39925
38.51168
37.81221
37.92779
37.35275
38.72917
38.19603
38.06289
37.28974
37.91726
38.87453
37.62806
37.19143
37.64617
38.12659
37.26297
37.63287
36.68268
37.72763
37.02826
36.79803
38.40859
37.53829
38.26208
38.06315
36.07362
36.59187
36.68289
36.32533
36.60373
37.02813
36.60841
37.071
35.49984
36.78674
36.63042
37.03841
37.5201
36.77438
37.58326
37.53518
38.32087
38.37016
38.27761
37.81964
37.98124
38.18149
37.58025
37.71124
38.17114
38.14219
37.60955
37.92846
37.74865
37.81444
38.75573
38.1757
37.79307
39.16401
36.85145
37.26643
37.68995
38.93349
37.64347
37.37243
37.7234
37.72603
37.95461
37.97099
38.51519
38.0255
37.39868
37.81651
38.20291
37.57786
37.264
38.03176
38.04359
37.77888
37.92253
38.53383
37.75076
38.09784
37.14895
37.67031
38.46792
36.61166
37.32656
38.29896
38.01027
37.79859
37.21289
36.66594
37.01445
37.10776
37.80127
38.42321
37.67833
37.52628
38.55238
37.93198
37.93346
37.84536
37.45112
36.91615
38.18234
37.62305
36.93468
38.37627
37.74826
37.44602
37.45613
37.19632
37.55338
37.81493
37.77058
36.58743
36.98074
37.26751
37.11366
37.02278
37.24484
37.06163
38.03341
36.96626
38.30933
37.96055
37.9038
38.68518
37.67066
38.19293
37.79745
37.55421
36.98615
37.32697
37.64699
37.04052
37.79256
38.01664
37.25622
37.3505
37.13045
37.46754
37.24244
37.16917
36.8625
37.5512
37.03426
38.17618
36.7751
37.15775
36.23026
36.3047
36.64872
36.89205
37.224
38.37297
36.82223
37.24951
37.23079
37.29471
37.16879
36.6815
36.84937
37.21288
36.79581
37.45396
37.11541
37.45082
36.56587
36.78433
36.9314
36.35899
36.75573
36.72129
37.74622
37.81128
37.55842
37.5631
38.33258
37.25936
37.21178
36.92443
37.98456
37.34535
37.63635
37.64012
37.86374
37.43049
37.81989
37.06082
37.29156
38.2929
36.69395
37.76504
37.27277
36.43322
36.87644
37.72943
37.46597
36.32363
37.60834
37.10717
36.2684
37.32405
37.24339
36.85379
37.47431
38.37996
37.82236
37.08544
36.82793
37.08566
36.49305
38.04299
37.35001
35.83802
37.51475
38.06659
36.80243
36.77912
37.19007
37.39141
37.19766
36.74036
37.01593
36.90296
37.23131
36.9458
36.39521
38.21703
36.92059
36.73849
37.58546
37.24551
36.9431
37.2057
36.57696
36.85706
37.42068
37.69725
38.19923
37.83897
37.14178
37.68818
36.84121
36.47324
37.44488
36.7794
36.69526
38.83718
37.77874
37.45995
37.99476
37.50676
38.11085
36.7123
37.7949
37.57952
36.96681
36.69189
37.92802
36.89691
37.34783
37.64901
37.05561
37.53649
37.34889
37.42605
36.99395
36.50576
37.75266
37.57255
36.59267
36.94634
36.63068
36.87857
36.16656
37.59612
36.90942
38.20641
37.35882
36.70783
37.05249
38.76448
37.35563
37.15297
37.83039
37.39111
37.98109
36.96416
36.66335
37.30772
37.54187
37.46012
36.61429
36.82717
37.84462
36.28083
36.95223
37.11718
37.32788
36.72276
36.56464
36.91868
37.03975
37.27363
36.2913
36.88449
36.12624
36.89459
36.98699
36.844
36.99372
36.92656
36.58775
35.94928
36.29235
37.44417
37.88334
37.23165
40.03595
37.40962
37.63291
38.17764
37.69064
37.52892
38.43649
36.88826
37.59644
37.61869
37.92712
38.39803
37.91568
37.85096
37.22724
36.60227
37.31518
37.66431
36.99873
37.647
37.74013
36.42157
37.13674
37.18161
36.19813
36.88724
37.32261
37.24494
37.35748
36.35754
37.90295
36.97332
37.14422
36.60675
37.05981
37.18253
37.77346
37.68725
37.88293
38.51745
37.2733
37.28281
37.73865
36.37581
39.79164
43.2752
38.33714
41.00301
38.20552
38.11747
39.61435
38.91758
38.3538
37.68041
38.43129
38.35903
39.98697
39.10388
37.28322
37.91899
37.84941
38.3575
37.26574
38.23746
38.45638
37.92341
38.51037
38.04794
39.16966
38.66172
39.31916
39.33199
39.67296
38.77123
38.88139
40.26071
39.69084
38.67831
39.59478
38.73711
37.85767
38.41709
38.66823
38.83526
38.2633
37.9105
37.87309
37.98718
37.35406
37.73882
37.81285
38.1686
36.74193
37.38654
37.07021
37.12183
37.11996
38.18336
37.79195
36.76471
36.96674
37.82199
36.64752
38.78043
37.46002
37.76899
38.13627
37.22382
37.43166
36.81253
38.15516
37.56429
38.0528
36.89119
38.91055
38.44544
38.56207
37.0152
37.9362
37.3318
36.43253
36.75889
36.93422
36.29368
37.0942
36.66652
37.21661
37.60231
36.9998
36.4416
37.57611
37.38144
36.7536
36.31649
36.47715
36.64058
36.82877
35.90785
35.86682
36.95586
36.04324
36.58239
37.41869
37.01305
37.42103
37.34792
36.69753
37.17282
37.07607
37.92221
37.22266
37.0308
37.47999
37.68484
37.83442
37.6918
37.61039
37.26559
37.62305
38.20705
37.0497
37.4239
37.14879
37.33409
38.07225
37.52781
37.89497
37.38384
37.28465
36.76392
38.09746
36.94918
37.16078
38.98452
37.65406
37.53878
37.3796
37.7188
37.6646
37.26711
37.34286
37.15271
37.75009
37.44538
37.32825
36.75378
36.34902
36.78413
36.72319
36.90879
37.09581
36.30129
37.16447
36.95522
36.87478
38.41548
36.33974
37.85249
37.40747
37.56296
37.85185
37.50312
37.73005
38.57164
38.23582
37.7441
37.12804
38.07402
37.23916
36.80227
37.31005
37.10506
37.70573
37.73705
37.76034
38.05414
37.29928
37.15131
37.76059
37.72039
38.7756
37.93781
37.19046
37.13509
37.4578
38.02674
37.17265
38.14202
37.09942
37.60212
36.82094
37.13101
37.79657
37.68013
37.44103
37.18959
37.3034
37.40747
38.36855
39.12363
38.26408
37.72017
38.07681
37.8976
37.65622
38.78393
37.70361
38.42725
39.64531
37.71601
38.00928
37.74364
38.23462
37.14664
38.04893
37.53049
38.09395
37.68108
37.18486
38.24022
37.74036
37.27836
38.59746
37.8417
37.65492
38.75339
38.13988
37.60582
37.32032
37.39997
38.33017
39.46225
37.2521
37.32025
37.66826
37.53026
36.68619
37.43217
38.53349
37.96593
38.19259
38.23932
37.90826
37.71468
38.42679
37.59511
37.8352
37.2491
37.13757
38.06221
38.25909
37.42888
38.22114
38.37539
37.10919
37.88986
37.43927
37.77137
37.70641
36.53307
36.97689
38.89926
35.98009
36.7606
37.95749
37.24796
37.06335
36.85262
36.77872
37.37719
38.5765
37.04204
37.66697
37.72052
37.25148
37.15134
38.48809
36.64562
37.44359
36.89273
36.19144
36.66096
38.27936
37.35278
36.82686
37.43464
37.37656
37.42961
37.08712
37.12685
38.69986
38.1699
38.13068
36.67535
37.76247
37.68852
36.4052
36.8003
37.7753
37.30447
37.41059
36.77705
37.83555
37.44548
36.55893
36.86102
36.26994
36.53325
38.17434
37.09736
36.85274
36.89741
36.65825
38.2479
37.3315
36.4054
36.7946
36.60073
36.90556
36.71165
35.9839
37.04884
37.90594
37.59932
37.16871
36.97359
37.87572
36.21176
37.16341
36.96244
37.85661
38.24878
38.25832
36.96091
36.61971
37.49369
37.06787
36.89307
37.04236
38.02149
37.10182
36.735
37.80237
36.45366
37.50657
37.84093
39.87617
38.89703
37.91625
38.51656
38.47611
38.09317
37.96069
37.11645
38.11091
38.07336
38.58298
37.37364
38.33798
38.27084
38.01046
38.22517
37.64162
37.36602
37.75058
37.69347
38.99672
37.33491
37.51214
37.23539
39.07677
37.00809
37.10236
38.1856
37.97137
37.42703
37.16938
36.89725
37.28717
36.77831
37.3867
37.66671
37.2061
37.77929
37.37543
36.63487
36.66171
39.13409
36.63264
38.51248
37.88547
37.47381
37.75101
37.88673
38.46038
36.7471
38.92942
37.85294
37.51791
39.17636
37.54235
37.2548
36.58915
36.90327
38.53848
37.19676
36.78642
37.50835
37.04272
38.21038
38.01029
37.02342
37.50061
38.02914
36.8011
37.05204
37.53199
37.45657
37.13663
37.43813
37.46659
38.1817
36.82186
37.75744
37.57376
36.65164
37.92434
37.46707
38.64653
37.3801
36.25439
36.46934
37.2899
36.76083
36.46221
37.03968
36.61122
37.30114
36.98011
38.66872
37.38587
36.51304
36.97047
37.74339
37.55814
37.20256
37.93551
36.8499
36.35788
36.47043
36.24557
37.21205
37.174
37.05778
36.82218
37.67094
37.07456
36.94796
37.41473
37.67928
37.96024
37.25467
37.64685
37.0214
36.92262
38.43017
38.4008
37.38633
37.52983
37.77533
37.43498
37.81971
37.79371
36.51011
37.429
38.24328
37.52975
37.36444
37.40075
38.5294
36.74966
37.85503
37.22093
37.18829
37.66106
37.72759
36.97903
37.09589
37.03054
37.35686
36.68399
38.43252
37.89708
37.59322
37.49876
37.45031
36.38306
36.87719
37.00309
37.51501
38.69341
37.03048
37.20251
38.31498
37.18177
38.06696
37.86527
38.31758
39.64471
38.61295
38.37509
38.963
37.97367
38.34502
37.78366
37.57179
39.29816
39.44305
37.95537
38.40588
38.60494
38.07251
37.83951
38.0349
37.83276
37.80595
37.9152
36.65411
36.97783
37.56306
37.04631
37.1496
37.23178
36.75936
36.46087
37.41667
37.01286
37.44506
36.74275
37.1511
36.59066
37.29242
36.8911
37.09689
36.9421
36.85527
36.25729
36.70162
36.8165
37.57986
36.97912
36.58494
36.92715
37.15934
36.91635
37.60568
38.01648
38.43658
36.45712
36.14277
36.172
37.44454
38.38056
37.85514
37.38946
38.41754
37.77066
37.08564
38.02285
37.75132
36.62137
36.95665
36.71503
37.36495
37.40985
36.62992
36.42313
37.77592
37.7668
35.74029
37.41962
39.32893
37.39467
38.09703
36.97979
37.34202
37.53442
36.86152
36.78749
36.87078
37.55187
36.61313
38.10381
37.13239
36.71986
37.2926
