55.39326
53.99599
56.0486
61.20581
56.33501
54.9205
53.52214
56.11174
59.83462
58.30144
56.25182
57.41058
57.61564
56.9333
56.89695
55.55527
57.43014
58.97108
57.34225
56.20143
57.41397
57.45401
56.28955
55.04251
56.5078
56.40228
56.65249
57.95893
55.96247
56.66647
57.14146
56.18439
54.77966
57.03703
58.29436
56.8056
55.73734
55.56847
58.82218
57.66607
53.07723
57.61867
59.49515
58.58306
55.63578
54.9324
57.4482
59.59776
58.69974
55.15944
55.97369
57.3411
57.42309
57.97598
55.7539
58.17166
58.38715
56.71031
56.64714
58.49091
57.76035
58.01046
58.05881
57.695
56.73208
57.28428
57.29539
58.24388
56.32425
56.80015
59.49255
55.03541
56.61961
59.45006
56.6416
55.64918
56.87115
56.79217
57.85675
58.35223
55.65975
53.26825
59.01028
58.78309
55.61116
54.45585
55.06311
58.46609
56.37051
56.21611
55.58657
56.32632
58.57818
57.45214
54.0104
57.49812
58.11485
56.97177
56.35421
57.30832
57.45106
56.68069
56.54823
58.15702
56.08983
56.09071
57.04484
57.15092
56.59929
55.60468
56.56905
59.60265
56.59071
56.31104
56.87126
57.97187
57.21151
57.33105
58.71612
56.81721
56.47377
57.37085
56.75971
59.01039
55.21363
56.03716
59.12981
57.10916
55.53818
56.7344
58.02663
56.75153
56.57491
57.10406
57.93884
57.02442
57.20945
55.40733
56.96061
60.15283
57.91829
55.60277
56.7553
57.18817
57.17706
58.49393
56.45121
58.85758
56.21428
53.69241
57.14293
59.23005
56.84531
55.76319
57.42542
57.44463
54.70774
56.47638
59.42721
58.75534
56.63625
56.08689
57.69567
59.02197
56.83466
56.07325
56.09662
55.03865
57.70797
58.98808
55.8035
56.92839
55.94427
57.22562
57.81544
58.43186
55.97945
55.13458
56.93391
59.29894
56.96484
56.34693
55.54206
54.97644
57.91775
59.47021
56.30721
55.32488
53.96582
56.58232
59.15202
57.95667
56.16647
55.25794
56.73213
58.96491
58.43163
57.39001
57.73878
58.62149
57.26799
58.99506
57.06996
58.20891
56.11747
58.04061
58.05249
57.9173
58.16563
55.71791
57.05305
60.06866
57.03568
56.25571
55.68468
58.88879
57.14789
56.45427
55.38103
56.41128
58.01489
57.63551
56.33795
56.20881
58.93506
57.4699
56.9989
57.439
57.97721
56.31102
55.08265
57.9763
59.34427
55.94511
55.39424
57.94049
57.45692
55.76596
56.75106
58.61192
57.88108
56.07917
55.71029
58.02717
59.07029
57.44931
56.61374
58.07348
57.32846
57.29877
58.03133
57.07656
56.87505
57.63042
56.69247
57.67758
57.97236
56.22959
57.19642
59.32854
56.91306
55.8559
55.00686
57.5982
60.18262
56.49706
55.55554
56.32153
58.18457
58.26055
55.05786
56.81703
59.31994
57.78359
56.94668
56.71513
55.81053
58.39092
59.68008
57.62887
57.91259
56.97252
58.46668
58.29197
56.75306
56.91745
57.00201
58.49675
56.40406
56.53574
57.86906
57.9215
57.49475
56.79816
56.62787
57.63131
56.22649
56.79377
59.76452
58.0345
56.3228
54.15329
57.30713
59.57528
58.31673
56.50752
57.90334
56.80785
57.09157
58.43264
58.42833
57.34289
58.50418
56.67899
54.98771
56.60545
59.83632
58.89796
55.68564
56.0843
58.04858
57.46438
58.87976
57.84792
55.45265
56.28778
59.52542
59.10846
55.87597
56.1621
57.50298
57.65707
57.50747
55.97028
58.17492
57.96416
57.04229
56.08938
59.05063
58.17969
57.66821
57.2585
56.56398
56.88763
57.7732
57.27246
57.16566
58.33675
57.33508
57.18915
58.70602
58.12906
56.40981
59.59526
59.59282
55.45709
54.34201
58.09105
59.98839
56.57558
55.97557
56.90675
54.47143
58.77769
58.2851
56.52917
54.82388
55.91208
58.75444
57.46947
56.14228
55.33709
57.00594
59.63668
56.06052
56.55929
57.10891
56.53717
57.10493
57.57639
58.81186
58.22938
56.62846
57.01872
58.14857
58.07884
56.57314
56.7326
56.58637
58.19966
58.28399
56.47165
56.3231
57.40459
58.73307
57.50639
57.60848
55.72916
56.71903
60.82702
57.53575
55.68316
56.93441
58.30217
55.54657
57.48663
59.91444
57.34722
56.0552
52.86242
55.39147
57.10526
56.6698
56.71774
57.36832
53.45088
58.57071
60.75291
57.46985
56.02236
57.99712
57.03334
56.63101
58.28061
59.17789
56.61684
53.81765
57.2014
58.06614
57.46885
56.85326
56.56438
57.02271
59.26509
58.38425
56.19505
55.28611
58.18134
59.17842
57.4889
58.28871
57.19893
56.71534
55.8604
58.88115
60.22435
57.69823
56.0738
55.92157
57.74891
61.07274
57.73235
56.98769
57.96289
57.68193
57.26851
58.83426
58.93806
58.40483
57.24801
57.77927
58.09625
58.60606
58.51789
57.60526
57.95277
57.53292
57.88954
57.54209
57.38397
56.71169
59.15038
58.24233
57.39172
57.69003
56.78701
56.12543
58.13307
59.71931
56.64327
55.70968
58.92895
58.05758
58.60417
57.0545
56.61531
57.2108
58.93994
59.81171
55.57434
55.14108
59.47169
57.5236
56.72148
55.2716
58.14613
60.73406
56.89665
57.04375
56.00349
58.49476
59.84577
57.03226
54.83694
56.43852
60.10254
58.90561
56.74966
57.60535
55.52077
57.67262
59.75302
58.49939
55.51709
57.29779
60.1993
57.85134
58.06495
57.76856
59.45448
57.05668
55.81153
58.67144
59.54386
57.46589
56.42016
58.33635
57.34768
54.60091
58.33382
59.99951
56.88376
56.10935
56.89344
57.63373
58.4365
58.6592
58.56886
58.60159
57.26024
58.02499
58.94801
57.61374
55.71881
57.28079
59.37204
58.47231
56.48508
57.47447
59.05182
57.25416
55.64261
56.04446
59.4145
57.54707
57.40298
55.88145
55.29878
57.62513
59.18535
56.98357
56.56419
58.0496
59.08852
56.85559
58.88441
58.75127
57.50659
58.61509
57.25014
58.69101
58.76839
56.86582
57.4455
57.06263
56.026
58.57039
59.37778
57.31532
55.79768
57.27348
56.77537
57.44564
58.96192
56.31904
55.90521
57.26001
59.77556
56.80774
56.85196
58.9422
58.13912
58.08733
57.75122
58.8563
58.85417
57.78524
59.02796
57.09769
56.55013
57.82705
60.11837
58.39404
53.68586
53.95432
59.2466
58.36666
55.98371
56.30783
58.32713
58.67113
57.12052
55.1563
58.12433
58.58667
55.47112
56.43603
57.11219
57.30098
58.80264
57.26025
56.96835
57.5659
59.39124
56.6613
58.61833
59.7575
56.3898
55.97153
58.04293
59.74522
56.89943
55.58242
57.38341
58.92023
57.3992
55.13383
57.91178
59.0897
57.85357
57.23713
58.95129
57.30417
58.87648
58.79884
58.02337
57.15405
57.98817
56.09543
58.51831
60.53322
56.1987
55.04702
57.5363
59.95684
57.89725
54.98848
54.77538
58.68417
60.1763
56.09938
56.63869
56.9022
57.00141
58.92691
58.26189
57.57751
56.65593
55.79325
59.00758
59.01454
58.01265
55.91325
55.99352
57.04519
58.33217
58.69908
57.09175
57.28839
58.2473
57.38606
56.93179
57.43634
59.72542
59.4305
56.01521
55.99018
58.97168
58.63458
57.56179
57.86967
58.73963
57.93751
58.27048
56.37671
57.29237
59.89032
55.99109
56.14654
59.30264
59.09838
57.03817
57.82938
57.39466
57.36451
59.10369
57.17311
57.04366
59.73984
58.57304
56.20844
58.10161
58.78019
56.88775
57.32929
59.04968
56.69228
57.60931
59.64391
57.91337
56.48298
55.78146
58.55041
60.45933
58.17426
55.84546
56.25199
56.89274
57.47203
60.23629
57.26363
53.34896
57.70305
60.10028
57.24455
55.35275
54.93204
57.63319
59.35897
57.2155
56.85513
57.48099
58.69018
58.72313
58.39624
56.94579
57.3287
55.39626
57.55529
60.18073
58.3952
55.84793
54.94324
56.59875
60.01663
58.18942
55.46654
58.11219
59.47867
56.62116
56.90729
58.1542
56.95834
56.35907
57.8883
59.41381
55.46486
55.65174
58.28418
58.84858
56.19374
54.81066
57.64886
59.93231
57.27718
56.56163
57.13932
58.09509
58.87491
58.68851
56.53619
57.97064
56.7701
57.33088
59.03402
58.176
54.92714
57.55561
57.60239
57.40181
57.70066
57.41608
56.33699
57.19946
57.52211
56.74456
57.54715
57.47597
58.70624
57.93028
56.83995
55.13002
57.94455
58.86531
57.33377
55.0741
58.65741
59.12857
55.72671
55.09443
57.398
59.59881
57.22151
56.54949
58.38947
57.50189
57.98449
57.6648
58.33305
56.83734
56.81991
58.79573
58.8177
58.0634
57.67669
55.26896
55.37229
58.63591
57.70993
58.08241
56.79023
57.45076
56.38923
55.83497
57.74609
58.93024
56.97792
54.08867
57.69332
59.62269
56.94412
56.1232
56.37308
56.14574
56.88036
57.52897
56.73906
57.41546
57.9098
57.38968
57.56494
58.8043
58.20021
57.8084
58.16625
58.12774
58.90444
57.14955
56.82285
57.63743
59.23735
56.82365
57.92741
57.50615
57.45226
57.42448
58.69424
55.72348
56.58823
61.36025
56.51759
56.49958
57.54612
56.225
57.13418
58.58359
56.13338
58.79229
58.62498
57.71739
56.25518
56.59269
57.3816
56.33075
57.67393
58.40666
58.41407
56.58669
56.74951
57.27968
56.58168
58.28625
58.81486
56.26722
57.7817
59.61816
54.54347
57.57508
58.78668
59.1341
55.64273
56.7379
60.17229
57.86779
57.66768
58.49121
55.9599
56.2164
58.73487
60.12116
56.45811
56.54874
55.77785
55.42634
57.08921
58.42464
55.30875
55.92614
57.24831
59.19457
58.30866
56.7664
56.05404
58.27309
57.99658
58.30983
57.4555
56.45783
59.02734
59.10396
57.18875
55.77156
57.54114
60.43076
58.60905
56.10048
58.5875
57.72107
58.69336
57.39714
57.38601
58.14935
60.22775
57.16269
56.37383
57.25261
58.24573
58.83828
56.55985
56.71323
60.5577
58.80322
56.25654
57.24839
60.27128
56.76149
55.13338
57.84887
59.6818
56.47353
55.82249
57.76363
57.61938
56.92855
56.40224
59.9542
55.63351
53.98263
58.18715
59.51554
56.89496
57.00008
57.96366
58.60788
58.35172
56.14993
57.40142
61.31612
56.52887
54.30654
58.00568
60.14864
57.415
55.97325
55.17271
56.8623
56.67671
59.49397
56.12844
55.64874
58.05481
58.44003
57.64464
57.65452
58.35949
57.89397
58.50832
59.23763
57.29995
55.61134
