 0
4.351971
3.863232
4.030716
2.582569
4.358788
4.017689
3.628292
4.609795
4.263245
3.721809
4.214207
3.243443
4.858116
3.447216
3.991016
5.526005
4.024223
3.796513
4.155769
3.335335
2.762104
4.313541
4.369057
4.011909
4.270294
3.479752
3.963715
4.665279
4.601292
5.07782
3.534409
3.45808
4.355946
4.505371
4.723408
4.988506
4.502449
3.737255
4.300232
2.849907
4.074623
4.774971
4.028469
5.108543
4.697887
3.321247
3.359451
3.511635
3.865704
3.44455
3.150219
3.725113
3.626091
4.833256
5.008327
3.781204
3.421803
3.987556
4.655918
3.061153
4.311543
4.629044
5.226269
4.944138
4.649841
3.655563
4.112061
4.188927
3.779808
4.087395
2.85965
4.762737
3.774937
4.88253
4.462578
4.229183
4.803116
4.3727
4.004936
4.697021
4.175941
4.625736
3.998062
3.537106
3.279713
5.08543
4.768272
5.217842
3.668987
4.408943
4.583881
4.021637
4.851246
3.932594
4.104836
4.394356
4.294819
5.298134
4.866943
4.03529
3.675465
4.412762
4.440708
4.249409
3.058777
2.868126
5.02673
3.967926
4.759106
4.674202
2.532509
3.411522
4.524494
4.422173
4.723633
3.889866
4.518806
3.944347
4.034225
4.555222
4.302532
3.76622
4.627407
4.920444
3.926128
4.157833
4.47385
4.335583
5.044418
5.129345
4.841255
3.341537
3.088642
5.457813
4.514248
4.468304
4.622463
3.685238
2.937725
4.7183
4.821686
5.324783
3.531704
3.261452
5.078217
4.362835
4.305225
5.055935
4.568523
4.357914
3.987946
4.017025
4.652466
4.002621
3.981564
3.553165
3.539246
4.129532
4.6982
4.607391
4.668182
4.762218
4.136726
4.250423
4.403511
4.351185
4.442318
3.657681
4.634644
4.113705
5.134914
4.324459
3.745003
4.608402
4.251484
4.505207
4.525215
4.158253
5.021942
4.40461
3.961517
4.62701
4.492741
4.040009
3.778526
4.347343
3.755112
4.888935
4.635571
4.035572
4.56699
3.826302
4.371109
4.862514
3.688671
3.197289
3.687008
4.439716
4.99966
4.472115
5.307274
3.956924
4.111118
4.589531
5.134438
4.141457
4.093296
4.471653
4.481586
4.060253
3.357277
3.926392
3.947197
4.006069
4.638081
4.744267
4.568798
4.648365
2.764801
3.821327
5.30241
4.426331
4.273098
3.991451
4.144997
2.445187
5.610989
4.080807
4.327061
4.867409
4.309017
3.87051
4.099739
3.87907
4.99308
4.497631
4.605194
4.708042
4.06226
4.223274
3.660748
4.115143
4.850021
4.511745
4.833702
4.452068
4.472099
3.580811
3.597885
4.551552
4.589073
5.266876
4.866913
4.072227
4.411102
4.689106
3.232754
3.496254
4.915596
4.829323
4.637737
4.932304
4.788952
4.739609
4.586159
4.660183
4.673885
4.039551
3.236641
4.058853
4.448891
4.971497
4.861874
3.697018
3.878487
4.677231
3.522133
4.964073
5.105724
4.121754
3.870277
5.11306
4.314041
3.465221
5.223206
4.782417
3.848835
4.33831
4.217136
4.365902
4.328342
4.095188
4.710175
3.556225
3.97578
3.486301
3.845055
4.808746
4.626354
4.959499
4.183437
4.368038
4.263691
3.141365
5.180233
4.349079
4.738338
4.30368
4.819485
3.679028
3.519554
4.581921
4.731728
4.417725
4.573254
4.395874
4.250935
4.937729
4.296169
3.761517
4.443169
4.398552
3.890099
4.525517
4.511124
3.221767
4.135105
3.903267
2.970474
4.956211
4.2658
4.118576
4.881783
4.222687
3.979797
4.549755
4.344929
4.227497
4.565456
3.236156
4.204815
4.655457
4.440842
3.990353
2.890663
4.349957
4.455822
4.303398
6.153465
4.684105
4.112728
3.644917
4.485115
4.641369
4.536434
4.696396
3.705688
4.919933
4.180531
3.267456
5.73634
4.843197
3.553391
4.060295
4.307671
3.918312
3.953957
3.634502
3.437801
4.95784
5.235092
4.761047
4.842182
5.006702
4.605904
3.245747
5.349445
4.58308
4.785675
4.460358
4.808613
3.471672
4.549053
4.994461
4.989368
4.186226
3.378826
3.714443
4.250263
5.535381
4.52457
4.910507
4.525322
4.772858
4.840725
4.678787
4.665192
3.661041
4.448582
4.443783
4.297031
5.399971
4.514481
3.701878
4.110256
4.981785
4.041183
0.7739143
2.038689
2.989925
3.467857
4.18486
4.285767
3.301422
4.331432
4.441303
4.150578
4.57909
4.706642
4.458366
4.620857
4.294895
5.080242
4.321152
2.984432
3.527012
4.083195
4.254227
4.923393
5.086025
4.800575
4.891109
3.994915
2.92503
4.272858
4.903465
4.552376
4.667091
4.242897
3.044838
4.494831
5.109898
4.637249
5.549629
5.336227
4.408386
4.421101
4.221279
4.422318
4.967747
3.89661
4.366268
5.123142
4.690464
4.002441
4.488419
4.692577
4.111942
5.059177
4.173977
5.420704
4.977943
4.487778
4.099037
4.55648
4.320652
5.178261
3.424206
4.771645
4.33527
4.231506
4.726963
4.812263
3.663948
4.293713
4.814926
4.591774
2.79707
2.892273
4.191277
4.141071
4.052303
5.058704
4.074963
4.781029
4.459255
3.644547
3.792316
5.083565
3.857769
4.04665
3.816563
4.587132
4.604946
3.941978
3.101158
4.527512
3.927803
4.34864
5.291893
4.848904
4.488132
4.537388
4.069122
3.55154
5.187935
4.428928
4.536175
5.266499
3.338829
4.144329
4.718555
4.926491
5.035366
4.745152
4.852676
4.62505
4.691605
4.401432
4.365799
3.422291
4.796238
4.242947
3.765244
2.865395
4.330753
4.205044
4.115101
4.764233
3.499111
3.100071
2.869934
4.887253
4.152058
5.02776
5.765141
3.079239
4.52758
4.695465
4.527046
4.131954
3.79562
4.28281
4.130978
3.938274
5.588753
5.278172
3.631557
3.553059
4.23489
4.449326
4.787857
5.350037
4.923904
3.944065
3.578339
4.062431
5.125168
4.980865
4.677235
4.509151
5.10289
3.889271
3.71384
3.916359
3.584873
4.938652
4.240288
4.951248
5.817112
3.968559
4.358109
4.077099
4.010067
4.958347
4.472153
4.881794
4.833473
4.372147
4.246944
4.148781
4.730827
3.870834
4.254105
3.838898
4.152744
4.696613
5.548176
4.459305
4.139282
4.817944
3.339928
4.589066
3.435905
4.815113
5.474857
3.038593
4.478024
4.462696
4.411289
5.058922
2.568573
1.937836
3.686508
4.880806
4.452438
4.989273
4.233696
3.585815
4.299164
3.958153
4.880753
4.578236
3.330326
4.718292
4.364372
5.048172
5.68491
4.409069
3.550297
3.78017
4.449009
4.506348
3.347404
4.345806
4.359398
4.188538
4.631569
4.274395
4.494102
3.881699
4.021904
4.231236
4.323318
3.146553
5.467499
4.139507
4.826584
5.365948
4.525631
4.602978
4.357662
4.28899
5.201382
4.991486
3.664928
3.283817
3.715885
5.242512
4.196568
4.835659
6.08474
3.574242
3.905949
4.46751
4.823658
5.833679
4.293926
4.02306
4.494102
4.350952
4.412437
3.870693
4.817501
4.714966
4.748211
5.705921
4.458538
3.537933
4.690933
5.143696
4.775116
4.266571
5.815132
4.255951
4.709572
3.931824
3.648685
4.815529
4.562859
4.757465
4.911575
5.416405
4.289749
4.751514
4.274662
3.412418
4.780491
4.232796
5.639557
5.970509
4.961567
4.6633
4.440811
2.695103
3.591747
4.813484
4.298679
4.82148
5.40023
4.654453
4.100975
4.827919
4.579647
5.315304
4.431408
4.955406
4.953632
4.130608
4.399364
5.08007
4.068703
4.438854
4.660469
4.776047
3.558609
4.829563
4.2575
3.485027
4.363022
4.808769
4.504768
4.440952
5.241886
3.549572
4.207874
4.642628
3.136421
3.310169
4.195351
4.708073
5.091991
5.438763
3.511986
3.304089
4.083771
4.333485
4.849678
4.595135
4.394272
4.732239
2.596188
3.849041
4.721512
5.232941
5.282688
3.374443
4.529251
4.035164
3.153763
3.259468
4.467472
3.989471
3.697189
5.047832
4.765381
4.548214
3.025993
3.946671
4.774494
4.8633
4.417259
4.337425
3.778454
3.655785
5.052326
4.056171
4.586567
5.238266
4.487934
4.140732
5.146873
4.975372
3.209335
4.401333
3.975708
4.800846
5.758007
3.643147
4.503368
4.432858
4.234104
5.195171
3.759445
4.063808
3.86026
5.250252
3.965641
3.733322
5.08012
2.854286
4.13829
3.751743
4.957462
4.029984
4.244644
4.779301
5.233063
4.58292
5.037914
4.635159
4.689991
5.072117
3.62212
4.075363
3.531116
4.579586
5.242592
4.474556
5.348354
5.227898
4.648998
4.25613
3.90168
5.085548
4.923153
3.900257
4.705196
4.880985
4.335262
5.775246
4.207207
3.620831
5.121418
3.793682
4.08765
3.752449
4.820309
4.015369
4.711296
4.911991
4.87019
4.63026
4.700279
3.479462
3.846294
4.287487
4.467026
4.547325
4.823357
3.576351
3.871872
3.601372
2.888466
5.316383
4.449814
3.956333
4.699547
5.299847
4.931786
4.323444
3.769985
3.466114
2.792805
5.402554
4.02158
5.357399
5.708599
3.730453
4.023266
3.46386
5.234566
4.044518
5.554157
4.261147
3.689331
4.878853
5.258385
4.832779
5.030121
3.90263
4.363171
4.806358
4.521408
3.757931
5.824429
4.34222
4.436733
3.870129
4.630821
4.036079
4.89922
4.83709
4.344299
4.436184
4.403656
5.069294
3.95343
4.447132
2.978634
4.819324
4.538147
3.71912
4.916451
5.098854
4.353931
4.727917
4.702164
4.16544
4.881977
4.41975
4.760529
4.408939
3.805038
4.270294
4.269245
4.694927
4.158981
4.602558
5.418045
4.816265
2.415237
1.938679
4.265942
5.398849
3.945087
5.169266
3.751141
5.390175
4.423565
4.470539
4.845982
4.708466
5.152821
4.551743
4.710819
5.490982
3.868156
3.854321
2.977695
4.174774
4.471619
5.414928
4.93874
4.861916
5.14217
4.148167
4.413536
5.49551
4.852394
4.793297
4.932884
4.713982
4.485458
4.903954
4.919804
4.187
5.579983
4.954762
4.769909
4.936577
4.900936
3.909977
4.560291
4.974102
3.813992
4.578335
4.593758
2.632996
3.952759
5.219105
4.64959
4.866444
4.764633
2.742687
3.275188
4.335194
4.227558
5.113445
5.195156
4.490929
4.102722
5.663883
4.013226
5.111622
5.410423
4.864902
3.631344
4.451653
5.155884
3.969662
5.329704
4.471668
4.837448
3.486229
5.318718
4.45742
4.94437
3.406239
4.960125
4.688747
5.090942
5.644089
5.255405
4.37405
4.74609
5.634514
5.333073
4.89529
