 0
4.84243
4.050125
3.140228
4.551128
3.66367
4.551804
4.733578
3.740246
2.862236
4.36002
4.029381
4.437115
5.05275
4.451565
3.313465
4.750538
3.234928
3.787743
4.664131
2.552681
3.891552
4.149216
4.474552
4.300411
4.432846
4.077686
3.755741
4.233208
4.109703
4.512871
4.416374
4.003426
4.180996
2.868603
3.336327
4.365944
4.519756
4.635174
3.758114
3.277283
4.353428
4.262978
4.422791
3.600712
4.816956
4.184242
4.417866
4.111431
4.758762
4.437687
2.81551
3.533173
3.045494
5.637039
3.841801
4.041321
5.719128
3.950489
4.711327
4.650589
3.546268
4.26749
4.057732
4.256638
4.079071
3.634602
3.627289
4.42638
2.974918
4.882553
4.846756
3.619793
3.660698
4.435917
3.959911
3.369114
4.518139
4.587635
4.49276
5.402779
4.423569
4.489098
4.686699
4.075294
3.558472
4.065933
3.518635
3.626274
4.575394
3.457729
4.141327
4.71373
3.382641
2.494801
5.07206
4.222824
4.87307
4.618919
3.820843
4.129562
4.610943
5.143559
4.88493
3.903889
3.966579
3.785938
2.730289
4.885712
4.453381
4.169323
4.516674
4.422604
3.935993
4.34129
4.173782
4.208447
4.480679
2.421795
3.995598
4.902946
4.086601
5.381622
5.529377
3.966602
2.852272
4.609146
3.878342
4.947411
5.339191
4.456886
4.130966
4.683624
4.249866
4.787968
4.394474
3.274231
3.900421
4.612461
4.060482
4.104744
4.297977
4.585979
5.211349
4.863457
5.064529
3.192326
4.230038
4.641422
3.971828
4.727318
3.898396
2.928638
3.509266
4.852409
4.271313
4.538612
3.741642
4.517731
4.853256
4.77364
5.293743
4.975452
3.853451
4.306824
4.096573
4.103012
4.637394
4.375614
3.32851
4.949532
4.159309
3.891422
5.017555
4.696423
4.502659
4.770348
4.858479
4.450077
3.872688
4.001545
4.055412
4.825367
4.732368
4.496822
4.617203
4.530891
4.903168
3.12553
4.166931
4.222679
4.910789
4.578255
3.479469
4.866333
4.490105
4.416828
4.939323
3.387314
5.111755
3.931053
4.59367
4.602913
4.220985
4.085293
4.738079
4.921772
3.227692
3.771774
4.127457
4.591026
3.532131
4.929039
4.745171
3.908817
4.866924
4.129276
4.6731
4.148041
4.806919
4.243294
4.14629
3.85651
4.24271
5.097305
3.98909
4.411423
4.455517
4.096809
4.173435
3.784813
4.676094
4.141808
3.439087
4.80307
4.323582
4.345024
4.885803
4.23563
4.105003
4.445839
3.784264
4.088081
4.509502
4.245335
3.664677
4.816586
4.840702
3.967968
4.587669
5.114925
4.131744
3.419205
4.172096
5.273266
4.446762
3.954388
4.161545
4.680824
4.023228
4.419003
3.767834
4.697472
4.948513
4.531689
4.570431
3.987179
4.187588
4.10228
4.249023
4.99995
4.553532
4.3396
5.073708
4.190609
3.914169
3.439224
4.440353
4.130585
5.058064
5.439777
4.135544
3.448826
3.839684
4.920799
4.528473
4.976551
5.231022
4.379391
4.701416
3.994858
3.430298
3.000729
4.467121
5.378601
4.640347
4.4608
5.339134
4.308861
4.185097
4.230217
4.240173
3.536739
3.444424
4.469521
4.534481
4.723286
4.202877
4.195549
4.273582
4.398102
4.382683
4.92944
3.822147
5.304241
4.898289
3.667179
4.356316
3.947853
4.765804
4.045506
4.190018
4.183434
4.307583
4.42083
3.074089
4.38929
3.50573
3.892506
4.872269
3.91185
2.910763
4.177349
4.675056
5.168137
4.51775
4.044662
4.218452
3.366646
4.33424
4.646019
4.644367
4.421188
4.552361
4.276821
3.383045
4.671165
4.028332
4.449451
4.158268
4.833988
4.824085
4.369072
4.444614
4.154301
4.422462
4.560486
4.549667
4.315395
4.323299
3.252789
4.393459
4.748428
3.788177
3.226299
4.624374
4.228809
3.393646
5.312675
4.775135
4.365479
4.238029
4.609192
5.152054
3.828991
4.66745
4.292065
4.800625
4.801022
3.486301
4.096645
4.907429
4.039467
4.313923
4.839859
4.084461
4.113884
4.22934
4.769062
5.068478
4.832897
4.54961
3.248615
4.166378
5.181282
3.629578
4.244003
4.369682
4.460922
4.589657
4.7033
3.871593
4.495186
4.060818
3.835892
4.520969
4.577755
4.102497
2.165627
0.3285866
1.984852
4.274029
3.88945
5.095287
5.159355
5.247822
4.995686
4.941032
3.322388
4.207939
4.549564
4.415745
4.7845
5.38958
3.010685
3.664307
3.278965
5.580418
4.927559
4.652752
3.924324
4.2104
3.970711
5.039547
3.372772
4.031876
4.701851
2.599751
4.309998
4.528751
5.065838
5.895126
4.364506
3.551182
4.740078
5.464882
4.834591
4.417622
3.740829
3.929195
4.613007
5.085842
4.54438
5.076546
4.972988
4.538105
4.870937
4.241638
4.323662
4.80349
4.686234
5.140507
4.928215
4.708599
3.963623
3.887383
4.137043
4.341274
4.737
4.64954
4.724052
4.404312
3.884945
4.694672
4.42091
4.583145
5.189281
3.566658
4.247421
3.753082
3.54612
5.128151
4.306786
4.244236
4.202705
3.904373
3.157658
4.650143
5.124088
4.639774
5.087685
3.112015
3.598637
3.707676
4.095398
3.735264
2.998413
4.351452
3.937374
4.479786
5.225746
3.538754
3.245804
4.633301
4.617256
4.656998
4.802647
4.599178
4.365646
3.745575
3.727119
4.111546
4.358269
4.960827
5.314945
4.850296
4.517403
3.930515
4.061092
3.936195
4.675556
3.970818
4.562176
3.790894
4.392857
4.593773
4.281246
5.248348
4.807663
3.854767
3.262043
2.539948
4.991577
5.144249
4.987209
4.965904
3.935234
4.105457
4.864914
3.937164
4.813526
4.940781
3.928432
3.80106
4.437508
4.295132
4.148678
4.466579
4.717354
3.986778
4.037098
3.023113
4.648243
4.101776
3.993153
5.42588
4.29126
2.776833
4.584648
4.204277
4.388626
4.596184
3.965958
4.316849
4.537514
4.297401
4.747654
4.307301
4.478367
4.331318
5.194172
4.818035
3.725941
3.637676
4.728275
5.141373
4.578613
2.772884
5.135166
4.438217
4.59948
5.020645
3.731224
4.455643
4.7356
4.643154
3.931599
3.972237
4.422779
3.787308
4.519478
4.898682
4.648071
4.494061
5.190525
4.122231
4.147602
4.309322
4.484684
4.704956
4.500576
4.326603
2.570137
1.673931
3.639381
4.20755
4.569767
5.539082
4.093277
3.611862
4.255104
2.609539
3.825817
4.729984
4.167553
4.726578
5.100655
3.734612
3.294731
3.294571
5.310375
4.452461
5.030609
5.315273
3.073746
4.072735
4.877476
3.842957
5.061646
5.299301
3.943302
4.509689
5.305569
4.401485
4.357239
4.124352
4.590843
3.89077
4.607098
4.189999
3.455212
5.047157
3.956944
4.572929
5.385536
4.559711
4.525383
4.107162
5.2766
3.96217
4.775143
4.297466
5.501942
3.291832
4.306927
5.298328
3.700081
5.98851
5.919258
3.942963
4.076584
3.868046
4.771137
4.349915
4.989563
4.783165
4.077564
4.605724
5.161415
4.957405
4.827431
3.646492
5.360321
4.49115
4.600842
5.149971
3.461147
3.820835
5.323498
5.013538
5.22258
4.566395
4.729485
3.595161
4.517002
4.835461
4.520805
4.897789
5.199524
4.3932
4.059601
4.391949
4.492214
4.407196
4.511822
4.444645
3.952023
3.903656
4.73225
3.506668
4.096107
5.062626
4.350945
5.175671
5.498577
4.202709
3.148849
4.137005
3.970085
4.558788
5.010715
3.82914
5.260597
5.320732
4.57756
3.170841
4.073185
5.063694
4.730602
4.664509
4.442116
3.513714
4.763081
4.510826
5.110161
5.319649
4.829384
4.262768
4.439735
4.229393
4.461636
4.098694
5.019772
3.975933
2.960033
3.766235
4.990612
4.571541
4.756626
3.813599
4.208851
4.305515
3.733295
3.872002
4.444187
4.038555
4.914211
4.672852
4.349163
3.526241
2.209988
4.129826
4.608406
4.514259
4.841156
4.728859
4.285099
3.551865
3.20018
4.810143
4.574257
4.65712
4.411545
4.760437
4.648071
3.611752
5.049313
3.429806
4.930565
3.58234
4.215076
5.530037
5.016537
3.953876
4.053173
3.644905
4.508224
4.889568
5.156963
4.34219
4.552372
4.198387
5.086864
4.833969
4.884125
3.859184
4.315815
4.264381
5.032459
5.435482
5.22105
3.494049
3.0466
4.305546
4.851658
3.693863
3.864929
5.346447
4.130871
5.416862
4.941231
4.789795
4.796852
4.636269
4.370022
4.082092
5.033466
3.88353
4.298023
3.836349
4.937565
4.465672
5.101543
4.965149
3.541889
4.150608
3.70948
3.574856
5.35347
4.709057
4.892197
4.848854
4.893402
3.798542
4.326763
3.928185
3.455154
4.47028
3.859089
4.956497
4.746929
4.681866
5.107079
3.593338
4.831913
4.296242
4.602837
5.237801
4.19593
4.257935
4.514111
5.661232
4.539753
3.71468
3.024242
4.674595
4.487335
4.040886
4.574242
4.32901
4.602581
4.630314
4.584576
4.621292
4.039047
4.335686
3.821712
3.070679
3.820553
5.270866
4.781826
4.535793
3.925903
4.627666
4.279198
5.373161
5.914116
4.824688
4.336304
4.200993
2.594063
4.185642
5.613373
4.885246
5.055538
4.413326
4.818268
4.570717
4.98259
3.074795
4.69912
4.887627
4.954861
4.584255
5.08601
4.225021
4.545532
4.976887
4.703701
3.509388
5.622677
4.751148
4.753914
5.393734
4.780796
4.958744
5.150455
4.938538
4.298836
3.571507
4.160294
5.591599
4.859364
4.986393
4.491581
4.982635
4.428513
4.666771
4.480736
4.48204
3.49931
3.742592
3.396954
3.023228
4.157074
4.060345
4.022552
4.806187
4.494705
4.326698
4.451916
3.188148
4.646721
5.146492
4.36245
5.144962
5.156994
4.699974
3.851269
3.260307
5.055473
4.744644
5.147419
5.42907
4.066746
3.818184
5.246498
3.548672
5.260204
5.465057
3.840202
3.845737
5.670887
5.21336
5.538223
5.329582
4.615936
4.827621
4.823044
4.813313
3.82391
4.236851
5.131226
4.926991
4.406967
4.810204
4.956223
4.245029
5.253315
4.538647
3.581146
4.270962
3.980408
4.423203
4.112946
3.326263
2.910522
3.897408
3.997593
4.694141
5.102859
4.551563
3.914513
4.448601
4.796253
5.0975
4.947422
5.5121
4.904469
5.197659
4.829788
4.832169
4.342297
3.080925
4.88781
3.554302
4.876137
5.105465
4.849411
4.493622
4.914581
5.095303
3.706303
4.747807
4.689774
5.271992
3.640953
5.798153
4.626549
4.76836
