-2.314397
-1.695888
-0.07250743
1.80107
-0.4368083
-0.3119594
0.6060734
0.9026842
0.07316117
1.937745
1.321579
-3.671699
0.1558243
2.293883
1.360928
-1.057181
0.6475078
0.2608205
-1.276872
-2.840291
0.9058846
2.114506
-1.513415
-1.46313
0.8875174
0.944845
-1.858387
-1.09144
2.082426
0.690861
-5.225887
-1.053827
2.677606
0.1779451
-2.166212
-1.63644
1.962052
-0.03080751
-0.04730194
-0.9722142
0.2499361
1.951907
-1.025663
-0.5037041
-0.3472334
-1.587642
-2.695424
-1.970085
1.228817
0.629041
-0.9685199
1.181919
-2.439531
-0.9099659
1.976646
0.7887956
-1.133574
-3.086797
-0.4165538
3.106909
0.1167416
-1.298138
0.4803035
2.853687
1.530512
0.6615907
-1.40825
-1.492644
1.489562
2.444376
0.5651131
0.1710524
0.3506404
1.576744
0.749254
1.044944
1.405441
-0.7261719
2.123319
1.096007
-2.363761
-0.7317038
3.435247
1.113541
-2.625041
-2.107885
0.7086585
2.101795
-1.682912
-1.453472
-0.6828203
0.2265354
1.542089
-0.2230627
0.07397925
0.7684556
1.891007
-0.3837783
-0.6948425
0.06651761
1.225191
0.06377031
0.6004751
1.333477
-1.290511
-1.138369
-1.819928
1.331244
2.637115
-0.297962
-1.200388
-0.216251
1.120301
1.371853
-1.762641
-1.991464
0.9102719
1.021597
-0.1444424
-1.562487
-3.455263
-0.7916237
1.778333
0.4337622
-1.161874
-2.828316
-1.056974
-0.3907094
-0.1393287
0.3912184
1.018109
1.401473
0.6561031
-2.402419
-1.317415
2.892953
-1.404945
-2.085196
-0.09530327
2.407766
-0.4404092
-4.551041
-0.7677749
2.783637
0.8282021
-2.263051
-0.9882318
0.6444947
-0.3035221
-1.23841
-0.5780846
0.4943849
0.3070274
0.4917592
1.303679
0.8202749
0.829902
1.516673
0.199959
-0.515047
-0.3032762
2.293987
1.106697
-1.511966
1.052341
1.612228
2.213183
0.3531115
1.315928
1.803327
-2.063565
0.01788788
0.04666124
1.159221
0.9894204
-1.205075
-0.6500471
2.241371
1.124794
-3.873493
-1.663262
2.952878
1.385153
-1.59221
-1.331522
1.82703
0.5008164
1.509652
2.009629
0.7993941
0.2208141
1.319968
1.676965
-0.3274778
-2.407982
0.4006989
0.6576862
1.043664
1.10729
-0.9695299
-1.690563
-2.361306
-0.1871327
1.118536
0.05205446
-0.8693974
-1.74383
1.024838
0.5238489
-1.389356
-2.60184
-0.4907017
1.989698
0.4506319
-0.2888275
-0.2110669
0.6938447
1.940334
0.9843382
1.805391
-0.2040997
0.4189717
0.1827076
0.8060618
2.792716
-1.888021
-2.512601
2.412232
0.7296297
-3.513998
-1.417229
2.390218
-0.4940173
-2.023431
-2.6897
0.8319348
0.6723414
-1.000151
0.4524087
1.343762
0.4864989
-0.9553941
0.2955773
2.916974
1.483275
0.2897351
-0.5735294
-0.5022675
-0.6455809
-0.4031294
1.117082
-0.6294581
-1.686067
0.3577886
0.1199255
-0.8342476
-0.7805263
-1.373108
-3.003494
-0.4298663
1.916244
-1.017702
-0.1292884
-0.5634415
1.083782
-1.975989
-1.75906
2.966691
0.4055718
0.1415535
0.7167566
0.05630884
0.9240661
1.073947
-2.036116
0.3701956
2.878667
-0.2287239
-4.469387
0.2366674
2.160535
0.710761
-0.4554263
-1.392296
-0.9884144
0.8517143
-1.420359
-1.794179
0.5056342
2.70058
-0.04271821
0.382284
0.6882002
2.819365
-0.6554448
-2.243799
0.321637
1.941571
0.9751899
-0.5292047
0.5399945
-1.485892
-2.160194
2.090163
1.205209
-0.1880898
-0.5175543
-0.4091209
1.77731
-2.241526
-0.6278476
3.20353
1.569955
0.6685583
-0.07786635
1.550985
1.58396
-3.962294
-0.08764001
2.107063
1.151258
-0.843789
-0.2399609
-4.667652
0.5202399
1.490021
0.1169529
-4.775187
-1.949566
2.756936
1.364607
-0.7796035
1.518485
-0.0336034
-3.903291
0.1091243
3.366565
0.8539811
-1.098165
1.358824
-0.1453129
-1.644586
-3.717083
-1.299881
1.98218
1.339144
0.2694137
-0.1086259
-1.010249
-1.022873
2.969969
1.367471
-1.364884
-0.5632969
3.18798
0.8365691
0.5177768
0.6827667
-2.759768
-2.021099
2.490381
1.088189
-3.41218
-1.796513
-2.952794
0.9376888
1.660015
-0.7688864
-1.620821
1.855093
2.94776
0.6102772
-0.6847413
0.3902817
1.248741
1.42429
-0.2392073
-0.739942
0.7472987
0.1579622
-3.131571
-1.19583
3.798965
1.042469
-1.742528
0.4910016
0.2423071
-3.644933
0.5125397
1.97313
0.1360953
-1.264624
-3.667881
-0.8283328
1.898311
1.766827
-1.62118
-3.11053
0.263543
3.990106
0.6552854
0.2973166
1.752555
1.198903
1.5383
2.348922
2.129865
-0.1789132
2.259881
-4.270847
-4.191998
-0.1430112
0.8582588
-0.8363779
1.286638
-0.4853121
-3.188068
-1.375274
-0.4064268
0.6539561
-0.2932802
1.216118
0.4935012
-0.4740413
0.7737829
2.447574
-1.128187
-1.373218
0.7781117
1.738
-1.316126
-0.3887171
-0.9157535
0.284185
1.336556
-0.7452388
-3.611341
-1.973011
2.667039
1.507747
-2.283428
0.04652103
2.929139
0.653874
-1.557792
-2.872548
-0.3882956
2.681304
-1.142503
-1.121072
-0.5368549
2.880624
1.224464
0.6038432
0.2426055
-3.294416
-0.1860822
2.314088
1.196388
-0.1968734
-0.09689751
2.120156
1.543243
1.371311
-0.1126893
-1.315831
-0.6383315
1.174747
1.173763
-0.8582795
-0.4166319
-1.343447
-1.197913
2.120735
1.365238
-1.672203
-1.283834
1.399788
2.378772
-3.120884
-3.272549
0.7631133
0.8356705
0.5504867
-0.6494412
0.9414268
1.434994
-1.083063
-1.139962
1.631179
2.483394
0.08451823
-0.5887354
0.1214438
-0.3369136
-0.05619416
2.273169
1.283617
-2.500829
-3.310047
0.1678201
2.044113
0.1050638
0.5046754
0.8458918
1.335846
1.139426
-2.827843
0.4514011
3.736214
0.114748
0.7032511
0.3663694
-1.985229
-0.009459491
3.053376
0.725378
-0.913749
-1.54794
1.174332
2.658979
-3.44235
-1.844276
2.041735
2.005055
-1.168746
-1.098527
-1.435418
-0.3113914
1.372717
-1.09758
-1.048401
1.088426
0.1537343
-2.188812
0.8930724
0.394095
-3.310571
-1.044382
1.404925
1.02144
0.1512512
-0.2115706
-1.799129
-0.5157436
2.217405
-0.7533656
-1.962659
0.6548617
0.1820693
-1.878699
-0.5801707
1.543634
0.2545883
1.127971
-1.32269
0.4729129
1.720993
1.824849
2.35203
-1.605227
-3.372397
-0.04598266
2.77855
-0.5953127
-2.758153
-0.1467624
-0.3271348
0.5487563
0.5143705
0.3194816
1.194976
-0.5523457
-0.8668433
-1.814414
-0.6493726
1.925863
1.065357
-4.284865
-1.076285
2.639906
1.317759
-1.705564
-1.231715
1.36219
2.204991
-0.9100608
-1.687395
0.2320725
0.5269156
0.6577996
0.5123261
-1.074394
0.7548698
1.543665
0.005084159
-0.9776196
-0.3039525
2.032067
0.07586536
-2.128367
-0.199659
-0.9337956
-2.264003
0.0248361
0.6462424
0.09156644
0.8595668
1.33418
3.232949
0.8835431
-2.485339
0.3234758
3.210674
-0.6980001
-0.7320328
-1.728295
-2.158229
0.3515113
1.276778
1.298774
0.01185795
-0.6641046
-0.1679985
1.223906
2.058018
-0.0450196
-0.3037039
1.672656
-1.507394
-0.6009576
0.4137041
0.5412428
-3.190723
-0.8800627
1.924013
0.3688949
-1.737303
-1.449892
-2.077339
-1.060572
1.128698
1.946494
-0.2674965
-1.694897
0.9677979
2.064851
1.050241
0.5267417
-1.105977
0.1399345
-0.0450766
1.58626
0.6605014
1.00156
-0.3739982
-0.09862145
0.3247871
1.470655
-2.284891
-4.77418
0.4384916
2.617976
-0.3841018
-1.410866
0.1347742
2.082008
0.4086734
0.04393954
-0.1434313
1.997189
1.68582
0.6529221
1.507001
0.2253055
0.1571563
1.674726
1.80899
-1.085311
-3.364925
-2.914119
-1.319566
2.074699
-0.08949664
-0.8875343
-3.570648
-0.1409003
2.111338
0.8657477
-1.111206
0.5649452
-1.050064
0.8777016
-2.259978
-3.208571
2.657304
0.9594159
0.6151161
-0.396983
-0.1550632
0.8309993
2.15336
0.1647443
-1.690122
1.16617
0.6617752
0.04767943
1.329522
-0.8959621
-0.748746
1.573546
0.7066256
-3.150229
-0.1466924
1.048231
-0.2411974
-1.89736
0.8936418
-1.689617
0.1611747
1.075534
1.792902
-1.289666
-0.5700619
-0.8393828
-0.6638908
0.1301309
1.245436
-0.2212202
0.06728239
-0.131451
-2.747318
-0.5487112
1.27053
1.325847
-1.629145
-3.083598
-0.2429491
1.616951
-3.489937
-0.3531891
2.665511
-0.174952
-2.762473
-4.325768
0.1383889
2.913155
-0.6249611
0.2224318
-0.6214323
-2.180022
-1.406021
1.104539
-0.002237409
-2.50874
0.3455608
2.588591
-0.941557
-0.6978167
2.066483
-2.222517
-0.854861
2.265213
1.730844
-0.676946
0.8687257
1.603633
-1.392329
0.2572242
1.451722
-0.02065595
-0.9432412
0.5734228
1.542988
1.016483
-0.4921614
1.592763
1.970335
0.3311133
-0.8265917
0.4136299
-1.019324
-2.558242
1.974407
0.684667
-1.170893
-0.6594427
0.6501839
-1.795951
-3.083938
0.5179946
3.499228
-1.818182
-1.054371
-0.1169945
0.1959628
0.3802879
0.706406
0.6182609
1.033888
1.367955
-1.197034
-0.3949499
0.2137147
1.269763
-2.789941
-1.073334
1.530893
0.9898924
-0.02368205
-0.1698138
1.040261
1.297352
-3.061603
0.2628443
1.907825
-0.01789564
0.3982814
-0.08719265
1.525544
1.1466
1.004354
1.227328
-1.199588
-2.838086
0.9812536
2.005893
-1.404993
-1.142668
-0.7540958
-0.1771436
0.2738441
1.602764
-2.176469
-0.397186
2.61205
0.2015892
-0.7512502
0.4012378
-0.1504381
1.002767
2.012011
-0.2058876
-1.756
1.890368
1.395051
-0.01712733
-0.6188365
-1.201984
-4.501633
-0.2530994
2.887532
-0.8750111
-0.8633749
0.8491948
-2.776349
-1.618143
1.108014
1.874297
-0.6812174
0.8625934
1.592946
-1.130147
0.8731416
1.819246
0.09614379
-0.05929332
1.56229
0.596627
-3.641698
-2.045665
2.060126
0.6383502
-2.775143
-4.754618
0.9131709
1.878378
-0.5097027
-0.2444723
-0.2257579
-2.994043
-0.9562047
2.212549
-0.4263853
-1.516768
-1.707543
-0.02768008
-2.481473
-2.040529
0.9449103
1.508332
0.9173598
0.579604
-1.49342
0.2346885
2.872566
1.819239
1.819511
0.4038174
-1.384128
0.36063
0.8503887
-0.06664604
0.8082638
1.178576
-2.676214
-3.034581
-0.4038327
1.345758
-1.695356
-0.521731
2.014144
0.2275705
-3.584638
-1.35897
1.488469
0.1772322
-0.4171526
1.315825
-0.1840531
0.3589561
-0.1668932
-0.9730691
1.906052
-1.07767
-2.364782
0.2550039
2.59883
1.360784
0.1282955
1.159964
1.076592
2.353191
0.2267208
0.1917339
1.642941
1.516457
-0.1975067
1.395378
-1.242682
0.4931217
0.9854306
0.6604343
-1.739186
-2.046592
1.5885
1.541841
-0.1979828
0.1175543
-0.1095103
1.274391
-0.3518787
0.9339564
0.4838586
-0.6355047
-0.3961966
0.8015326
-0.1178438
-0.09752232
0.7080936
-0.7166489
-0.7643985
-0.6185595
0.4362314
-0.4672037
-2.825584
-2.9765
1.115379
0.6154326
0.3532724
-0.4306816
-5.29345
-0.9053051
3.01225
0.6421623
-0.221227
-3.50338
-0.3846536
2.499448
1.104845
-2.905652
-1.435477
1.819646
1.567399
-0.09040942
0.2233747
-3.795336
-2.973065
-0.7348686
2.871208
-2.183566
-1.969589
1.114097
1.410906
0.6491361
-2.801597
0.03182345
3.466878
0.5564197
-0.62705
