53.34691
49.48835
49.48832
49.48175
49.48608
49.44293
49.47228
49.44595
49.40048
49.43142
49.3481
49.33525
49.33306
49.33267
49.33566
49.36161
49.3831
49.4215
49.40961
49.37825
49.46844
49.46832
49.46172
49.4038
49.42609
49.41149
49.42904
49.37844
49.3726
49.41901
49.45364
49.40511
49.35115
49.33593
49.35261
49.38658
49.38654
49.42691
49.41029
49.36363
49.40598
49.46072
49.43322
49.41158
49.47199
49.47702
49.50195
49.42956
49.44416
49.45679
49.48848
49.43036
49.41986
49.46642
49.49188
49.44005
49.41237
49.48833
49.51727
49.43467
49.47705
49.4879
49.42897
49.41434
49.39175
49.41629
49.45392
49.41213
49.36436
49.34201
49.29964
49.35046
49.32922
49.29991
49.26598
49.28381
49.29103
49.29513
49.26083
49.26596
49.26179
49.27263
49.2481
49.27283
49.29528
49.34038
49.28669
49.30826
49.27983
49.30949
49.31308
49.32204
49.31282
49.33067
49.31641
49.30677
49.36643
49.40817
49.36097
49.37007
49.40924
49.4707
49.4006
49.37613
49.43196
49.4202
49.37753
49.33787
49.34325
49.34979
49.29364
49.31943
49.33487
49.29961
49.26935
49.26987
49.34122
49.32234
49.33408
49.35078
49.40023
49.39474
49.44731
49.45026
49.46997
49.42371
49.43734
49.46432
49.4563
49.40056
49.36296
49.39487
49.42794
49.4601
49.39883
49.43508
49.5241
49.56887
49.4976
49.56631
49.51874
49.55696
49.57301
49.55543
49.56152
49.62201
49.62084
49.59612
49.6391
49.67204
49.66291
49.63631
49.57028
49.59559
49.67489
49.6813
49.68066
49.6116
49.62677
49.62474
49.6538
49.67236
49.66352
49.68465
49.73399
49.71423
49.68601
49.70281
49.72136
49.77961
49.82821
49.75981
49.73893
49.68026
49.74539
49.72855
49.71132
49.69386
49.73835
49.75036
49.70687
49.69253
49.72232
49.7083
49.68983
49.60246
49.57323
49.62125
49.65777
49.5896
49.57915
49.54792
49.57173
49.64061
49.57303
49.58945
49.61691
49.62993
49.61002
49.64272
49.63508
49.64883
49.6178
49.6894
49.68325
49.68626
49.698
49.72826
49.71329
49.71796
49.69595
49.67639
49.74714
49.71011
49.72207
49.6911
49.72047
49.70077
49.73387
49.76311
49.75615
49.65939
49.70924
49.70553
49.70986
49.66059
49.61429
49.59284
49.57785
49.55123
49.53868
49.49944
49.57662
49.57779
49.58615
49.52015
49.49613
49.53116
49.55878
49.51178
49.53285
49.53721
49.59283
49.58857
49.58798
49.58
49.58322
49.56873
49.63037
49.61941
49.65905
49.64883
49.71347
49.6819
49.70135
49.65786
49.6628
49.72162
49.70637
49.71082
49.69241
49.66094
49.63451
49.72487
49.74069
49.70042
49.71939
49.75226
49.78846
49.83862
49.77026
49.81852
49.89595
49.8642
49.88176
49.92722
49.90976
49.8906
49.85847
49.8653
49.93246
49.89233
49.85789
49.80399
49.85577
49.91459
49.87874
49.93142
49.94591
49.99384
49.96474
49.99264
50.00653
50.01073
50.00355
49.94836
49.90776
49.90868
49.94947
49.91164
49.86426
49.91565
49.91086
49.85774
49.8986
49.93838
49.90858
49.91023
49.91045
49.93092
49.93111
49.87878
49.88292
49.94745
49.95041
49.95493
49.89423
49.83005
49.78944
49.80546
49.81261
49.74965
49.77499
49.78253
49.82615
49.82438
49.84412
49.9143
49.8912
49.93659
49.93588
49.9577
49.936
49.93174
49.83474
49.87193
49.97432
49.99494
49.95287
49.99731
49.97968
49.92524
49.93964
49.90142
49.8797
49.85555
49.83493
49.78873
49.80437
49.82807
49.88054
49.84833
49.84513
49.85529
49.84119
49.84208
49.84494
49.86573
49.86324
49.82409
49.79489
49.85075
49.8558
49.79934
49.82921
49.84288
49.81762
49.78582
49.8185
49.85503
49.85214
49.84112
49.80073
49.87211
49.86702
49.87662
49.8139
49.86075
49.89633
49.89455
49.89745
49.8836
49.9556
49.89109
49.8634
49.8585
49.86093
49.85275
49.86547
49.88948
49.87942
49.8479
49.90903
49.93699
49.96714
49.91961
49.90177
49.88707
49.91392
49.95653
49.93818
49.96378
49.91238
49.94564
49.99063
50.02513
49.94816
49.96383
49.97219
50.02557
49.99015
49.92863
49.87392
49.83253
49.82951
49.84375
49.7728
49.74784
49.72217
49.80746
49.77198
49.72873
49.75159
49.70375
49.72519
49.7481
49.71375
49.69169
49.6519
49.67176
49.65955
49.6931
49.66497
49.67906
49.67516
49.7215
49.66855
49.68327
49.68456
49.67467
49.70921
49.6799
49.70506
49.7267
49.68731
49.72277
49.76263
49.74281
49.75153
49.7364
49.72668
49.72449
49.82499
49.81388
49.76717
49.77576
49.82905
49.85316
49.85385
49.89618
49.9222
49.93203
49.95761
49.99186
50.01825
49.97115
49.99991
49.98051
49.99988
49.97661
49.94402
50.04631
50.0547
50.058
50.0033
49.9673
50.01856
49.9666
49.96381
49.91391
49.90947
49.92159
49.83496
49.83027
49.82739
49.84864
49.84782
49.8513
49.82873
49.79691
49.86374
49.90002
49.88734
49.89293
49.90179
49.91335
49.91272
49.98975
49.9777
49.99113
50.03144
49.9943
49.96975
50.04892
50.008
50.01501
49.98173
49.95174
49.96071
49.97399
49.99962
49.97602
50.00927
49.98502
49.95369
49.90561
49.93373
49.90347
49.91639
49.87073
49.95494
50.03036
50.03857
49.95768
50.00126
49.93156
50.02461
49.96222
50.00774
49.97501
50.00499
49.98763
49.99525
50.00736
50.03951
50.03602
50.00016
49.99258
49.99798
50.02897
50.01562
49.98183
49.98055
49.96597
50.00645
49.99066
49.94754
49.8907
49.85575
49.86115
49.80798
49.81407
49.81645
49.84446
49.79594
49.74534
49.80174
49.84177
49.86409
49.84757
49.86969
49.93205
49.92125
49.93197
49.96664
50.02267
50.07784
50.05409
50.08739
50.04814
50.11929
50.12761
50.11905
50.17212
50.2013
50.15255
50.17136
50.17197
50.16535
50.15853
50.23843
50.19053
50.18547
50.19394
50.24594
50.16152
50.19193
50.20779
50.17085
50.15937
50.19464
50.18948
50.2138
50.19381
50.11786
50.19387
50.1942
50.18677
50.17015
50.18114
50.22202
50.20333
50.21161
50.1931
50.23645
50.15112
50.1631
50.11276
50.14352
50.08366
50.13311
50.10383
50.14011
50.12039
50.11908
50.11844
50.14203
50.16309
50.20643
50.17719
50.17185
50.21141
50.22051
50.18129
50.21011
50.21901
50.2036
50.16084
50.12856
50.20264
50.17726
50.15089
50.13104
50.16988
50.11068
50.10154
50.10611
50.13601
50.09441
50.08532
50.12928
50.12692
50.08884
50.05271
50.0387
50.04911
50.07109
50.05027
50.0605
50.08907
50.12289
50.01161
49.99021
50.03964
50.05472
50.01191
50.0277
50.04047
49.99099
49.9977
50.01008
50.07027
49.98656
50.00247
50.04816
50.01874
50.01741
49.98885
50.02939
50.03532
49.97789
50.01707
50.05144
50.05674
50.09737
50.08245
50.11605
50.11499
50.11563
50.15615
50.14458
50.16964
50.23354
50.21065
50.118
50.1895
50.15504
50.17984
50.16077
50.20568
50.12079
50.17755
50.17477
50.15718
50.13592
50.11942
50.12912
50.17236
50.11408
50.12926
50.10427
50.10555
50.01155
50.02169
50.09023
50.07739
49.95827
50.06074
50.02349
50.04567
49.99586
50.00975
49.99302
49.99919
50.02423
50.01076
49.95316
49.98426
49.96947
50.00409
50.0099
50.00613
49.95869
49.88129
49.92183
49.99989
49.94674
49.89956
49.8826
49.91805
49.98566
49.95083
49.89844
49.88879
49.8995
49.93199
49.92255
49.94402
49.93327
49.93192
49.93197
49.95924
49.95431
49.92762
49.91288
49.8926
49.93779
49.94656
49.94717
49.93155
49.93125
49.94181
49.93594
49.91265
49.95959
49.9539
49.95312
49.90875
49.89999
49.91089
49.85936
49.83745
49.81239
49.83004
49.8097
49.79439
49.80078
49.80046
49.80072
49.81089
49.82721
49.79775
49.73787
49.76871
49.7509
49.80804
49.78505
49.72084
49.73036
49.74204
49.76331
49.72182
49.69517
49.7589
49.73429
49.77229
49.70904
49.81806
49.83784
49.84761
49.85198
49.88332
49.8819
49.87607
49.84893
49.88309
49.88107
49.86166
49.83551
49.83747
49.83441
49.83464
49.87331
49.89631
49.86472
49.87655
49.87011
49.88789
49.87246
49.86104
49.83221
49.85233
49.8011
49.82429
49.78303
49.86465
49.8615
49.82924
49.81065
49.86212
49.8798
49.9071
49.88282
49.90402
49.92781
50.01411
49.9519
49.92194
49.97591
50.03045
49.99733
50.02132
49.99604
50.06134
49.99992
49.99454
49.98504
50.00158
49.94561
49.897
49.92967
49.96024
49.89092
49.8401
49.84791
49.86389
49.79294
49.809
49.77206
49.78746
49.81216
49.87986
49.84131
49.79425
49.84251
49.8437
49.84303
49.83077
49.91943
49.92252
49.89536
49.90239
49.88143
49.91632
49.89357
49.90461
49.88505
49.92211
49.92984
49.91912
49.88087
49.89511
49.93131
49.85845
49.83563
49.8642
49.83949
49.8353
49.85755
49.85499
49.8604
49.85399
49.86922
49.89468
49.96745
49.98302
49.96806
49.92665
49.98513
50.02394
49.99039
49.97538
49.98047
49.93259
49.89661
49.87659
49.94802
49.88177
49.83821
49.83456
49.84229
49.82425
49.80354
49.77066
49.78825
49.80344
49.82581
49.73477
49.72926
49.76337
49.78135
49.74014
49.69948
49.73881
49.80457
49.7218
49.71548
49.70168
49.69722
49.65192
49.65943
49.70157
49.76805
49.73135
49.74699
49.75576
49.80956
49.83484
49.78613
49.76133
49.79139
49.79874
49.81036
49.78525
49.77134
49.79797
49.84825
49.85178
49.88482
49.93515
49.90655
49.84581
49.87565
49.91553
49.92615
49.90657
49.81888
49.89376
49.90521
49.90432
49.90302
49.94134
49.89162
49.87352
49.90453
49.88873
49.88456
49.83176
49.82676
49.81801
49.76653
49.80087
49.81492
49.77273
49.8055
49.78169
49.78984
49.76945
49.67365
49.69122
49.75236
49.70573
49.69307
49.71937
49.7317
49.73187
49.70668
49.72976
49.69934
49.69894
49.69728
49.72438
49.70699
49.71394
49.68361
49.7379
49.7235
49.72276
49.6562
49.64466
49.64565
49.64854
49.64958
49.63933
49.61341
49.7009
49.61372
49.67922
49.71067
49.74498
