37.23757
36.05044
37.12555
36.92076
37.37615
37.27628
36.42321
37.68166
36.82618
36.4952
36.94448
37.59917
37.42792
37.75638
37.70131
37.23759
36.78181
37.14592
37.25847
38.16033
38.85465
36.49842
38.09411
38.01667
38.25306
38.1617
36.65249
37.49988
37.1847
37.77848
37.49162
37.37472
38.01175
37.43678
39.06863
37.0583
37.6523
37.46121
37.38595
37.76819
37.0919
37.44843
37.29142
36.91338
37.13906
37.43611
37.96775
37.44776
38.64691
38.68009
37.69707
37.04876
38.6899
38.27883
37.24952
38.0965
37.62684
37.98949
37.24416
37.86617
37.75759
37.43211
36.96127
36.26135
36.84413
37.39239
37.62692
37.15159
36.94041
37.03994
36.68993
37.98484
36.71959
36.10349
36.94112
38.24113
36.62058
36.79797
37.07498
37.42664
37.41538
38.00068
37.69458
37.84035
39.00782
37.56203
37.15266
38.20871
38.38043
38.85216
38.94598
37.01987
39.13417
37.60731
37.99141
37.29117
38.11393
36.59612
38.00961
37.95603
37.13822
38.61686
37.28078
37.71159
37.20314
37.48407
37.49114
36.24397
37.14231
36.54922
36.86733
38.66066
36.92738
38.60732
38.21424
37.5371
37.24379
37.73761
37.47739
38.02316
37.59615
37.61722
37.79992
38.07928
37.9017
37.1097
38.22358
37.38564
37.18168
36.64888
37.30795
37.39651
37.56301
37.12886
37.84221
37.94357
37.28564
38.03003
37.89918
38.22206
37.4772
38.56033
36.63499
36.93397
37.99352
36.53688
38.19739
36.9924
37.10937
37.06273
36.27635
37.5446
37.53003
37.53031
36.96669
37.07848
37.03647
37.002
38.32699
37.69498
37.96291
38.27452
37.91639
36.79152
37.23132
37.2103
37.7934
37.69767
37.41681
38.17522
37.91701
37.26812
38.33538
37.01865
38.1193
37.09569
38.42828
37.64505
38.14932
37.76873
38.07982
37.13803
37.14117
38.87889
37.43862
38.94053
37.73246
37.209
37.98127
37.27802
37.13845
38.24754
37.69175
37.68966
37.77143
37.55789
37.43406
37.71726
36.72667
36.32005
37.52303
37.55536
36.7069
37.00762
36.45169
36.36248
36.85638
35.92876
36.64877
38.18677
36.61014
36.46524
36.95078
36.97124
37.22191
37.15698
36.99453
36.95643
37.85798
38.22184
37.09861
36.44346
36.97452
37.02659
37.54886
38.98497
37.22075
37.44042
37.95691
36.88652
37.17795
37.2711
37.58909
37.57394
36.86087
37.75608
38.14414
37.45436
36.81928
36.43819
36.7435
36.24809
36.60156
36.83371
36.87724
36.9645
37.20536
36.62169
39.06879
36.74667
37.95676
36.8356
37.02314
37.8106
37.51574
37.21904
37.11634
37.71729
37.9596
37.57993
37.35751
37.67719
39.11168
36.59264
37.48851
36.58603
37.17329
36.97869
37.83688
37.3406
36.45199
37.34805
36.49165
38.01226
37.60464
36.79783
36.83579
36.60776
37.21131
37.11066
39.01727
39.02139
36.54827
37.51633
36.64429
37.26225
37.76272
37.24266
37.65924
37.04887
37.224
37.21694
36.78116
36.96865
37.1209
37.1959
36.91141
36.30218
36.8479
37.54805
36.15651
36.73076
36.39759
37.06759
36.71192
37.83919
36.93645
36.24754
36.43903
37.41013
37.60879
36.61605
36.6805
37.39502
36.42222
36.37529
36.39468
36.75099
36.70079
36.31155
36.88617
36.67536
36.64083
36.82594
37.23795
36.52585
36.51947
38.25485
38.13664
36.83533
36.78615
37.94761
37.21231
36.69934
37.5782
36.45412
37.43895
36.97997
37.18521
36.92382
37.41785
36.98045
37.09651
38.12584
36.60116
37.37519
37.2827
36.3615
36.89775
37.11226
36.4562
37.15576
37.00464
37.63383
37.31545
36.76794
35.89857
36.51995
36.23018
35.69555
36.23137
36.12704
36.3684
37.63319
38.18559
37.71191
37.06118
36.94221
35.95165
37.79339
37.94397
37.44773
36.95444
38.70743
37.20745
37.82949
37.27506
39.0422
37.85049
38.04718
37.4464
38.10369
37.7108
37.74508
37.85914
37.80212
38.42513
37.79408
37.39579
39.08003
36.73212
36.47336
37.36421
37.52646
37.08971
37.82852
38.50342
36.93491
37.44565
37.81145
37.55421
38.22037
37.01594
38.27177
37.77949
37.67392
37.73373
37.8577
41.78285
44.46006
39.86436
38.52965
39.47896
40.56675
38.33064
39.31127
38.93373
37.99971
38.50842
39.00577
37.8991
37.72223
38.08212
38.81115
37.39882
37.53678
38.55958
39.02838
37.86115
38.46535
37.29396
37.24369
38.11654
38.54752
39.10927
40.18151
38.94445
40.43766
38.01389
38.15531
38.17426
37.94376
38.4649
37.92755
37.2429
38.6315
37.71413
38.04945
38.52372
38.33521
37.49011
38.25059
37.57032
37.58944
37.54057
36.76775
37.1661
37.71755
37.54102
37.49392
37.51658
38.22993
38.30011
38.44217
37.85464
38.90892
38.03893
38.39235
38.73158
37.68392
37.27346
37.59826
38.30446
36.75716
37.97945
36.98626
36.81479
37.60983
38.59142
37.95752
37.08221
37.66175
38.19802
37.10769
37.5323
37.15765
38.75573
37.74449
37.95408
37.05479
37.98255
37.78432
37.41344
38.50624
38.29935
36.61312
36.87442
37.45437
37.94396
37.36058
37.48578
38.11769
37.48715
36.71011
36.93788
36.90922
36.90908
37.07823
36.80146
37.86022
37.57165
38.15685
35.92144
36.69333
35.62054
38.18669
36.95679
37.08287
36.5466
36.36397
38.69095
37.80598
37.86511
36.85917
37.55653
36.66824
37.32459
37.68051
36.98728
37.56158
38.5396
36.60913
37.46483
38.33097
36.9913
38.19001
37.62644
37.72218
37.39521
37.36864
37.89341
38.04425
37.95592
36.70767
38.14124
37.66805
37.95935
37.43338
38.12563
38.21358
38.05876
37.46144
38.39088
38.01747
37.38302
37.37748
37.80796
37.14577
37.09866
38.5096
37.71375
38.472
38.92782
37.01098
36.95173
37.61058
37.43635
38.26287
37.62635
37.71496
38.64276
39.06932
37.88864
39.16984
38.74754
38.92747
37.93204
38.55884
38.69201
37.48433
37.87094
37.97322
37.43075
37.87107
38.76984
38.26906
38.53436
37.91356
37.69679
37.1458
37.96497
37.40628
36.83657
37.18729
37.12118
36.87705
37.60837
38.22702
36.90803
37.79365
36.80032
37.25104
38.36209
39.4768
37.54701
39.19165
39.17611
37.84496
37.87389
38.48928
39.18593
37.42382
38.37108
38.98627
39.84059
38.06983
38.34314
37.48812
37.65715
38.67335
36.94852
37.69925
37.4748
38.03933
37.65054
37.40916
38.02845
38.40438
38.00301
37.44611
39.1729
37.81311
36.8477
38.173
36.91389
38.00212
37.37845
37.75634
37.64243
37.35435
36.81446
38.01428
38.18756
37.62456
38.11074
38.50015
38.08064
37.89404
37.89106
38.6585
37.50534
37.21643
37.29089
38.66395
36.99865
37.33912
38.39
37.65939
37.45163
37.86152
37.44291
39.45203
38.24135
37.49904
37.93607
37.02603
39.05006
37.54078
37.0881
37.04259
37.06654
37.78014
37.16442
38.78216
37.37372
37.80719
38.63066
37.27525
38.28971
37.03094
37.22654
37.20425
36.75156
37.02774
36.41295
37.42087
38.06897
37.47567
37.63322
38.17179
36.82262
37.52001
38.16304
36.07006
38.45536
36.84157
36.29128
38.0923
36.79651
37.06002
38.20695
36.07738
35.78856
36.60377
36.79653
37.05721
36.6276
36.76483
37.23441
35.60142
36.17663
35.96175
36.4698
35.97697
36.5612
36.7025
36.38018
36.89318
36.44428
36.5929
37.88282
36.68625
36.23416
36.43206
36.40228
36.03763
36.52836
36.83869
37.15903
36.46623
36.93742
37.46339
37.40251
37.23658
37.88036
38.15215
37.53732
37.06246
37.93745
36.17327
37.1012
37.50103
38.02632
37.19408
37.81638
37.0154
36.80686
37.20757
37.79686
37.11401
39.74184
38.35085
37.8083
37.56355
38.24527
37.51236
38.32704
37.74545
38.06345
38.08659
37.63366
38.02149
37.6749
36.61803
36.51815
37.58858
37.27203
37.06445
36.57777
38.54398
38.56647
38.96883
37.77804
37.42183
37.86777
37.84988
37.91682
38.77909
37.70261
38.28453
37.51932
37.77258
38.29515
37.97037
39.03427
37.38645
37.48419
37.30252
36.94124
37.31226
37.08696
38.58843
38.69984
38.97494
37.41425
37.34311
38.15597
36.7786
37.15358
37.73886
37.02314
38.5049
37.60342
37.46458
36.8116
37.52847
36.89449
37.73647
38.33348
37.88406
37.38925
37.25797
36.66171
38.28995
37.47832
37.06884
37.51086
37.54835
36.91075
37.96291
36.24787
38.66545
37.87873
38.27116
39.587
37.68505
38.45465
38.36244
37.97998
37.52103
38.91019
37.91578
38.12686
37.64891
38.4386
37.94075
37.90819
37.37167
37.55656
37.72252
38.13513
37.84237
37.35532
37.66631
37.62191
37.04985
36.99395
37.70447
36.9327
36.99842
37.48471
37.12816
38.44319
38.42781
38.25956
37.87071
37.33906
37.63338
37.45171
37.62851
37.51584
37.34845
38.65742
38.01766
36.6545
37.65325
37.14913
37.6223
38.06339
38.19088
40.26867
39.04937
38.69864
39.06781
38.98667
38.17443
39.12835
39.00322
39.91716
38.88596
38.98169
37.64648
38.89379
38.92606
38.21998
37.90572
38.68369
37.95549
38.41343
38.96127
38.67356
37.23811
37.75795
37.97307
38.01057
37.92896
37.4167
38.52761
36.95875
37.05323
36.46225
37.29076
39.24426
37.74932
37.20636
36.88138
37.75589
38.14753
37.15187
36.78038
38.11612
37.02258
41.09857
40.47272
37.98148
38.07388
39.16169
39.45602
38.38623
38.16219
37.80741
37.62592
37.79204
37.40572
37.46198
37.23632
37.65439
39.02737
37.97901
38.64976
38.07475
37.6803
38.27405
37.65133
37.77634
37.54109
38.30449
37.50979
37.27153
37.50487
37.49492
38.55651
38.51116
37.62708
37.65819
36.89419
37.84053
38.07493
37.92817
37.85158
36.97179
36.83102
36.5771
37.37943
36.96596
38.3832
36.78795
37.5966
36.48407
37.73634
36.19871
37.00125
37.65957
37.34669
37.34806
39.08495
38.53501
37.62591
36.87258
37.19637
37.80561
37.91135
37.36454
36.52774
38.07146
38.71659
37.74517
37.4905
36.80844
37.96209
37.10452
37.58538
39.7878
37.36743
36.6739
38.61164
38.45472
37.58742
38.24588
36.33328
36.37707
38.00171
37.58831
37.45949
36.66773
37.12436
36.34635
36.86845
36.94698
37.1705
