-1.635075
-3.849551
0.4612827
2.238598
-3.010745
-2.124207
1.47355
0.2349388
-6.313361
-0.1106792
1.87249
0.173289
-0.4505391
-0.5005521
0.9402865
1.979048
-3.956914
-0.4311311
2.911099
1.089731
-0.3017328
-3.919869
1.402158
3.382642
0.9676601
-2.940698
-0.4143971
3.595364
1.719076
-0.3407061
-1.807412
-0.8523442
1.582323
2.595381
0.2807374
0.6079493
-2.628844
-1.310878
0.7610073
1.820334
-0.03797061
1.034356
2.075433
2.153768
-0.4406411
-0.3843533
-0.1676764
-0.2175914
-0.1808615
1.45539
0.9228312
-0.7454305
-1.40738
-0.3800671
2.002386
0.4843029
0.5349464
0.7215224
-0.1617521
-2.036856
-0.65924
0.2755735
-1.064949
0.6687731
0.6554527
-0.06658781
1.766846
0.9025265
0.4665241
-1.343596
1.526284
1.598349
-3.24604
-1.103377
1.668385
1.493151
0.09730781
-1.63798
-1.014449
1.481295
-0.06049809
-1.885231
-0.2960058
2.98347
-1.139646
-0.8553928
-0.970272
2.369036
0.3427381
-1.864533
-1.922264
-0.7427478
2.355362
0.5755777
-3.711954
-1.549036
2.269544
0.7653754
-1.140395
-1.535823
-3.538885
0.3768404
2.837275
-0.5403181
-0.3673998
1.154496
2.002339
-0.06060618
-2.564115
-1.404998
1.795839
0.9385579
-1.179322
-2.869129
-1.896392
3.847978
1.93572
-0.2940109
0.5756356
-1.91054
-1.943712
-0.9289985
0.782836
1.058021
-3.106216
-0.7019607
2.36776
-0.5150499
-0.9655133
2.052285
2.433604
-0.977583
1.513233
0.7502048
-0.1324381
0.6001951
1.977661
1.244628
-0.8520344
-2.627513
0.4318102
2.200784
-0.2006657
-1.314895
-1.373234
-0.6278555
-2.190242
0.6576531
1.78236
-1.771057
0.5990322
1.483798
-0.08137847
-0.3720239
0.8419936
-1.634282
-0.3126454
2.160812
0.5918382
-1.479433
-0.1439712
1.158745
0.5755545
0.421067
1.212978
-0.1366331
-1.29456
-1.220139
0.8875135
-0.1159863
1.289249
1.001844
0.889863
0.9630853
-2.252622
-1.506549
3.569041
2.123456
-0.9196965
-1.277219
-0.2052935
1.4515
-0.9231346
-2.273941
1.189346
1.724764
-3.024186
-1.842318
2.704556
1.840893
-0.6636503
-1.434001
-0.2100978
-0.6145226
0.4952244
0.9531603
-0.1250737
0.6479858
0.3285529
1.391319
1.225711
0.8037406
-1.191383
-1.475365
-0.04663455
0.07642199
1.348705
1.368268
-0.4755557
-0.7836756
1.611376
2.484945
-3.179506
-0.04240825
2.634032
1.211195
-0.4830758
-3.331471
-1.060283
0.1974098
2.671783
-0.02072204
-0.7503297
-3.140244
0.9432767
1.485917
0.1058722
-1.230844
-2.976814
-0.05257879
3.830313
1.745309
-2.29008
-3.926983
-0.5191637
3.710751
1.404483
-3.097403
-2.541492
0.8044282
2.780928
-0.03058145
-0.7212409
1.485412
0.8605792
1.117471
0.113135
-0.5284218
2.717908
-2.13186
-2.036759
2.364018
-0.6346574
-3.778105
-0.5581391
2.408786
0.4102589
-0.1553396
-0.6861985
-0.481182
-2.202749
1.469668
1.280321
0.01561843
0.3397093
-4.411477
-0.1561867
3.242513
-0.9004104
0.4926309
0.7461506
0.3424929
-1.935565
-1.459414
2.615601
0.8057066
-3.846596
-0.3407192
2.426101
1.400204
-0.4391339
1.183366
2.041209
0.8857309
1.051268
1.880704
-1.361847
-0.7789674
3.95787
0.3873364
-2.076878
-0.2434048
1.591038
1.059135
0.2703345
-3.325311
-0.7143424
2.121529
1.960255
-0.07974782
0.1633482
0.9457746
-1.850497
0.4526051
2.855614
-1.140738
-0.9421597
-0.5385836
-1.172867
0.7492321
1.668406
0.01992621
-0.6480381
0.2473541
-2.217503
-0.6138956
2.180871
1.301674
-2.376017
-0.940153
-2.277406
0.781139
1.660099
-0.9649904
-0.7178342
1.442279
1.559975
-2.113143
-1.07334
-1.369441
1.859402
0.4125814
-0.2365144
1.322241
0.591331
0.4930706
1.870127
-1.694896
-0.2237916
2.980752
0.8682964
-4.398026
-0.310264
2.246812
0.7929852
-1.506667
-3.783734
-0.4607753
1.723291
-0.393972
-0.6328875
2.378283
-0.9661533
0.1305749
0.9594225
-1.665533
-0.2347229
2.743728
0.7859466
-0.2370897
0.5361997
-0.5124565
0.2314323
1.306923
-2.311003
-1.886269
2.160705
0.9818745
-1.414062
-3.67662
-0.2315837
3.828529
-0.0457195
0.4916135
0.8035144
-0.01300206
0.6858502
0.77932
-2.153581
-0.2241991
-2.227881
-0.07460084
1.574156
0.4395064
-0.8542117
0.793706
0.9365396
-0.0470728
-1.742811
-1.264061
-0.01051514
0.3660529
0.9284547
0.001033363
-0.2016935
0.4425677
0.1550711
-2.597327
0.5420186
2.406088
-1.150689
-4.425566
-0.4837039
2.269014
-0.470166
-0.9658778
-0.2353773
0.1401162
3.086353
-5.759632
-4.757045
0.09848931
-0.3932082
-1.429403
-0.8313892
0.187202
0.4735472
-0.7323985
-1.281095
1.082647
0.3117943
0.9903345
-0.8264741
-0.582461
3.211555
0.2748181
-5.42741
-2.305022
0.4387439
2.664514
0.5294551
-0.1861432
2.340134
-0.006075287
0.3559905
0.1625
0.4862833
1.31673
1.570689
0.405189
2.024623
2.302745
0.4765269
-0.6734056
0.3323595
3.372954
2.179178
0.8035603
-0.9935231
-1.662655
0.995142
-2.561005
-0.02819101
2.080263
0.8378499
0.06465615
0.4022402
0.2984622
1.157349
2.480009
0.9757563
0.5987493
0.03827983
0.9585111
-1.797992
-3.724861
-0.5562096
1.667614
-0.1899371
0.1348909
0.3397706
0.3590994
-0.2616361
2.347005
1.56134
-0.4009134
0.005925539
0.2645354
1.600126
-1.004374
1.598371
0.6057312
0.5997249
-0.2784694
0.8657097
0.7314919
-3.519631
-0.4674491
2.36236
-0.3649171
-0.8787095
0.1050189
0.05239898
-0.5322653
0.7191969
2.217937
0.1589805
0.5031267
1.007964
0.6020129
-4.651928
-0.1121474
2.981644
-0.1788493
-0.2237317
-4.091902
-2.569513
2.046068
0.1494572
-0.9407653
0.7764965
-2.758799
-5.179327
-0.2173921
1.997052
-0.2882162
-1.053639
-1.296569
0.1596936
0.4109551
1.031319
-2.26433
-0.1674868
2.91816
1.320812
-0.8060241
1.171206
0.5227193
0.6682022
-0.847483
0.6211559
1.582453
2.739284
0.1509126
1.06189
0.4919118
0.4197396
-0.2333598
-0.7869088
2.320269
0.4800064
-0.5220082
-0.07890882
-2.888534
-1.181114
2.611608
0.1336964
-1.567731
-0.3194863
1.810921
-0.8620997
-0.8399279
-1.898166
1.038915
-0.1651486
-0.9993203
0.3539498
1.150506
1.593554
1.068917
-4.092099
-0.6081946
3.196172
0.2272067
-1.906616
-1.690512
-1.293652
1.621839
0.6384405
-1.100615
0.2623896
1.065663
-0.2989748
-0.4009609
1.014304
-2.16787
-0.5911908
1.241
-1.761822
-1.458293
0.4786533
-1.746257
-0.1153469
2.064521
0.2667204
-1.709818
-3.794367
-0.6701238
3.150358
-0.3001902
0.1402242
1.121798
0.7510498
-1.622379
-0.9497305
1.00943
1.55028
0.539364
0.9671081
-0.2597151
-3.165398
0.06788713
2.955267
-1.581646
-2.472395
-0.190803
-1.684158
0.0929948
2.149244
-0.4161314
-1.659796
0.07860567
-0.05805826
0.6366167
1.286668
0.2798495
0.03621743
0.7923971
1.065624
1.652184
-0.9347974
-1.150943
0.4894073
1.877304
0.6738445
0.6940145
0.2335309
-0.8846997
-0.8302665
-1.06461
-1.273125
0.2290742
0.6134863
-1.010055
-1.83304
-0.9467866
1.460381
0.4430411
1.523433
2.619214
0.7259886
1.06213
-0.8577024
0.9601452
1.466393
2.098628
1.143364
-4.404533
-0.06637749
-0.3061087
0.3579152
-4.059488
-0.9016367
2.464789
-0.4252714
-3.951397
-3.491367
0.115661
1.86035
0.3103172
-0.9579353
0.6428176
-2.366194
-0.1950741
1.78049
1.628595
-1.491755
-1.142564
1.35569
0.07890227
0.4380764
2.202644
0.666554
-0.7835776
1.558185
1.722585
0.39589
0.9001433
1.171517
0.56558
2.323849
1.41985
-0.4594516
0.8495374
1.445652
0.5156979
-0.1616341
2.001321
-2.431195
-1.900414
1.786907
1.574676
-4.534066
-3.571367
0.4346288
1.808989
-1.10034
-0.2791834
-0.05574163
0.4575349
0.3388408
0.03449822
2.184615
-0.110911
0.529755
1.583694
-0.6916755
-0.03690052
1.116808
0.1860566
0.7828023
-0.369423
-0.3160728
-0.0702493
-3.224701
-2.590559
0.3327071
1.387943
-0.8533523
-2.265045
1.102828
1.542668
-0.6030248
1.130138
1.248666
0.1864746
-3.36571
-0.1075642
2.169611
-0.8555598
-2.786066
-3.514615
0.2586797
2.466063
0.07333843
-3.830054
-1.049876
2.212763
0.7805623
-4.226073
-0.7112638
2.589552
0.0669551
-1.275505
-2.93802
-0.5332526
3.588395
-0.7104406
-2.21212
-1.76826
2.176418
1.304157
-2.17758
-0.7372535
2.041904
0.758756
1.36
-1.199158
-2.382209
-0.1796092
1.65157
-0.8304267
-1.611679
0.1616702
1.874101
0.8730739
0.1643892
-0.4107405
-0.08848787
-0.1195205
0.8728371
2.333311
0.05365131
-2.658362
-2.418077
2.785704
1.0659
0.1946153
-0.3812097
-0.149704
2.269176
0.3495205
-0.01246569
-0.2502658
-2.027902
-2.549475
0.6811993
1.995146
-3.954604
-2.348017
3.014548
1.711742
-2.032188
-0.4715833
2.39256
-1.166454
-2.161854
-0.7560648
1.604208
1.834012
0.5240709
-0.7841449
1.319108
2.241094
-1.947198
-0.2371388
0.824264
0.7453418
2.359127
0.03119516
-0.6770364
-3.414263
-0.2190617
2.079001
-0.2530985
-0.8728382
0.5284621
0.2584675
-0.4224338
-0.2519128
-0.50174
1.856534
-1.257978
-1.321298
2.913613
0.6277772
-2.230077
-3.011771
0.2373295
2.376356
0.2405586
-0.6483009
-0.9216988
0.1614513
1.322158
1.650865
-0.892689
0.1980106
2.236132
1.559528
-0.8846702
-0.554778
1.240133
1.457413
-3.284564
-3.829319
-0.2889833
1.312358
1.017451
-1.995071
-0.0148576
-0.1676742
-1.271292
0.1507935
0.3588521
-3.111908
-0.9445814
2.029695
1.905277
-0.03664112
0.9219672
0.3133727
-4.31896
-0.1225914
3.757473
-0.03958422
-4.169579
-0.819531
3.142455
0.9718936
-4.137567
-1.925621
2.359269
-0.06953576
-1.812688
1.9469
1.179195
0.1617832
-3.206168
-0.01740213
2.997204
-0.2735436
-1.191199
1.418069
1.474995
-0.2346908
0.4253947
1.691933
1.022526
-1.942044
-1.59496
0.150958
2.965289
-1.085104
-1.153083
1.933072
2.088454
-3.034916
0.2199144
2.463794
0.5729926
0.6344588
-0.1848799
0.3533958
0.6159222
-0.206792
-0.2961864
-2.761117
-0.1930552
1.963925
0.5335061
-2.002626
-1.990394
-0.5661771
-0.7808193
-0.6572238
1.294007
-1.517757
-2.103343
-0.1013249
2.238905
-0.05018774
0.1428017
0.3124651
-0.9348357
1.633153
2.656346
-0.7179567
-1.004661
-1.352267
-2.834856
-1.808251
0.1410623
1.864311
-0.7000164
-2.823953
-0.3071178
3.583579
1.498495
0.8877285
0.155458
2.051829
1.140109
1.277115
0.7268561
0.5049248
1.875175
0.7652108
1.821732
-0.1391765
0.3472271
1.781034
1.09202
0.7691014
-1.912791
-1.138179
-0.04489888
1.693954
-0.7117879
-1.227525
-4.278598
-1.506972
2.123291
0.4651337
-1.750072
-1.256434
-5.325711
-2.089267
1.474068
0.1349759
-1.775836
-0.2245961
-0.07673638
0.843854
2.162085
1.497982
-1.982881
-0.2408718
2.953557
0.6819772
0.1583271
0.6782265
-0.4155159
-2.61062
0.5400922
2.337719
-1.91303
-3.80811
0.143061
1.886926
-0.8851997
-3.798423
-1.182594
3.981581
0.8924401
-1.466527
0.0417906
3.415099
-0.3046868
0.8144177
