40.48961
39.90041
39.87719
39.88926
39.93298
39.92111
39.87468
39.94953
40.03827
39.99382
39.94498
39.91622
39.96871
40.00101
39.94139
39.88433
39.85072
39.91759
39.94409
39.8851
39.8705
39.82309
39.82985
39.85915
39.83107
39.84193
39.87967
39.84807
39.90826
39.90846
39.90911
39.86878
39.91785
39.92691
39.94682
39.9568
39.93329
39.97236
39.93354
39.91138
39.99088
39.9563
39.86658
39.94113
39.94283
39.95633
39.97145
39.95754
39.91983
39.9257
39.91328
39.95802
39.99341
39.95338
39.92804
39.98996
39.95907
39.90887
39.91613
39.918
39.88622
39.92592
39.92218
39.8827
39.89577
39.8765
39.88809
39.92728
39.94648
39.96087
40.03996
40.0318
39.95977
39.9457
39.99183
40.02817
39.95888
39.94345
39.96223
39.94805
39.88888
39.86626
39.83637
39.92686
40.00105
39.93521
39.94281
39.939
39.95632
39.96873
39.95384
39.91446
39.99849
40.06206
39.98811
39.93591
39.94726
39.99378
39.98523
39.89304
39.89854
39.91953
39.93336
39.98007
39.91975
39.81178
39.85018
39.96358
39.8954
39.84075
39.85626
39.90234
39.94111
39.92289
39.91693
39.93605
39.99051
39.99732
39.9708
39.97617
39.9708
40.01937
40.02052
39.95421
39.94395
39.94969
39.97304
39.96536
39.91909
39.87593
39.92055
39.83848
39.87906
39.86803
39.87816
39.87394
39.94242
39.89318
39.87095
39.87758
39.91664
39.93476
39.8343
39.82766
39.917
39.92682
39.91208
39.88924
39.86423
39.93801
39.98021
39.98506
39.93914
40.01888
40.12041
40.04024
39.98204
39.94557
39.93421
40.00718
39.95016
39.92879
40.01149
40.02888
40.00348
39.99971
39.99652
39.96473
39.99451
40.03615
40.03547
39.93256
39.86597
39.8439
39.88605
39.90325
39.944
39.93295
39.88028
39.85445
39.83712
39.85181
39.89771
39.83939
39.80318
39.83959
39.85961
39.832
39.85658
39.93014
39.86406
39.82111
39.90023
39.9123
39.96598
39.94337
40.01147
40.00919
39.97022
39.93253
39.906
39.92656
39.92293
39.93177
39.91916
39.89751
39.88229
39.84654
39.85005
39.8689
39.89817
39.85345
39.77329
39.76642
39.85972
39.89886
39.882
39.79544
39.85225
39.87163
39.86425
39.89668
39.87317
39.86275
39.86736
39.90266
39.86584
39.86749
39.89881
39.93175
39.88081
39.89241
39.89678
39.85003
39.8327
39.88873
39.92327
39.93851
39.93843
39.97811
39.95572
40.00405
39.97772
40.01537
40.03273
39.99459
39.96129
40.05043
40.12083
40.1526
40.1128
40.04223
40.06064
40.08742
40.13283
40.08838
40.09758
40.13335
40.12605
40.08174
40.07492
40.14284
40.14053
40.04797
40.03855
40.10571
40.07364
40.01564
40.07273
40.04161
40.02896
40.04795
40.04
39.9518
39.91971
39.91594
39.97807
39.98027
39.9772
40.00197
39.93019
39.91175
39.91806
39.92633
39.84916
39.81403
39.8366
39.83988
39.78574
39.81672
39.90101
39.89918
39.87942
39.87441
39.83367
39.80788
39.81211
39.88779
39.92955
39.84858
39.83411
39.86304
39.85271
39.80316
39.80634
39.86308
39.89732
39.89095
39.84726
39.80503
39.80245
39.86469
39.89394
39.90462
39.8278
39.80088
39.91313
39.84509
39.77987
39.7849
39.75909
39.81555
39.81534
39.82546
39.81462
39.82549
39.89608
39.86295
39.73712
39.78054
39.81094
39.86452
39.88596
39.82296
39.77528
39.80665
39.88091
39.87243
39.76424
39.72889
39.84348
39.87306
39.87774
39.87518
39.84494
39.86741
39.90736
39.91983
39.90976
39.90674
39.87547
39.81455
39.84552
39.90065
39.8941
39.88582
39.93119
39.97853
39.93668
39.90556
39.9257
39.95001
39.95043
39.93143
39.93139
39.9525
39.96264
39.9169
39.90754
39.90008
39.92893
39.97029
40.00607
39.9878
39.92754
39.90734
39.90108
40.00002
39.97475
39.90398
40.01059
40.04501
39.87574
39.87385
39.91045
39.95224
39.99194
39.97125
39.89946
39.90238
39.9346
39.89485
39.89716
39.87857
39.9243
40.02908
39.9156
39.88062
39.89257
39.95906
39.96152
39.82852
39.81116
39.87478
39.9258
39.92454
39.89629
39.897
39.94047
39.88008
39.84456
39.95182
40.06044
40.09423
40.06207
40.06723
40.1198
40.13457
40.12658
40.15862
40.1077
40.06414
40.07528
40.18385
40.23417
40.15173
40.0737
40.04114
40.09188
40.159
40.13789
40.13609
40.12659
40.12463
40.16213
40.15724
40.04392
40.07841
40.11952
40.15127
40.16608
40.15937
40.10394
40.12125
40.2388
40.23475
40.17836
40.17715
40.18117
40.21304
40.19345
40.2178
40.20329
40.20444
40.17449
40.11736
40.11621
40.13232
40.15403
40.07759
40.10062
40.12049
40.13848
40.12598
40.10427
40.07788
40.10758
40.14747
40.12453
40.12473
40.14674
40.14497
40.11394
40.08857
40.04715
40.12714
40.13311
40.0537
40.00774
40.01453
40.0134
39.99674
40.00359
40.04219
40.06648
40.03905
40.04942
40.05399
40.07652
40.08528
40.02614
40.0541
39.98417
39.99124
40.04593
40.02385
40.02294
40.01488
40.06652
40.04606
40.06497
40.11876
40.18942
40.09613
40.02272
40.02291
40.07371
40.15597
40.15359
40.06938
40.06617
40.0685
40.13298
40.12862
40.02667
39.94542
40.02647
40.0297
39.92397
39.94198
39.99636
40.02897
40.02764
40.09501
40.04919
39.98901
40.02728
40.14074
40.17348
40.12528
40.07143
40.09031
40.05253
40.05211
40.08599
40.08654
40.06929
40.01326
39.96615
40.04702
40.03482
39.9967
40.01081
40.0084
39.8954
39.85546
39.84398
39.86051
39.88084
39.82558
39.8291
39.87203
39.91386
39.83105
39.78055
39.84559
39.89036
39.82836
39.8073
39.81462
39.84457
39.86682
39.87728
39.81683
39.75047
39.81784
39.9068
39.93154
39.94078
39.91891
39.8395
39.84288
39.85177
39.82022
39.78571
39.77757
39.83607
39.87877
39.89329
39.86805
39.90211
39.98447
39.9616
39.9193
39.93048
39.90958
39.88196
39.89841
39.85608
39.81541
39.82168
39.84436
39.86718
39.81033
39.79188
39.80325
39.87493
39.8415
39.78444
39.84155
39.90365
39.86277
39.82193
39.75026
39.70564
39.7811
39.85126
39.96322
39.91995
39.91842
39.94477
39.90227
39.90156
39.97506
39.92578
39.94067
40.02954
39.96611
39.97019
40.00504
40.01518
40.02247
39.98175
39.96329
40.08868
40.13223
39.98474
39.96671
40.03783
40.07813
40.11149
40.08987
40.05857
40.01262
40.02928
40.10073
40.03613
39.96102
39.91293
39.96928
40.01165
40.02159
40.01283
40.00344
40.05545
40.05489
39.9824
39.99097
40.04347
40.04204
39.9837
39.97257
40.00331
40.07034
40.01246
40.04663
40.02481
39.95519
39.98938
40.00565
39.97536
39.97287
39.95401
39.97342
39.93855
39.94847
39.89798
39.84895
39.81594
39.82182
39.8809
39.86694
39.84993
39.91329
39.98283
39.97197
39.98161
40.01274
39.96477
39.95647
39.98205
40.01443
40.02648
39.91232
39.89892
39.95615
39.94836
39.98984
40.00241
39.90994
39.87792
39.84764
39.92728
39.97009
39.88759
39.83906
39.8447
39.85515
39.96141
39.9922
39.91591
39.96461
39.98351
40.00095
40.0432
40.0355
39.97159
39.91295
39.91971
39.98498
39.99572
39.99291
39.91397
39.8903
39.95411
39.89031
39.79419
39.77755
39.81541
39.84634
39.85161
39.84599
39.8615
39.89666
39.81394
39.80412
39.88034
39.89369
39.8522
39.82436
39.81971
39.76065
39.86102
39.9025
39.84849
39.85024
39.85556
39.8816
39.86393
39.85592
39.92521
39.83466
39.8783
39.85862
39.88422
39.88742
39.85071
39.91312
39.91847
39.8563
39.78832
39.78581
39.81139
39.78625
39.80793
39.83268
39.82315
39.81416
39.85363
39.82847
39.85987
39.88843
39.93428
39.96362
39.95673
39.88214
39.92819
39.93793
39.87472
39.85677
39.90419
39.92646
39.95883
39.97741
39.93853
39.86905
39.94506
40.03452
40.06432
40.03627
40.0021
40.0146
40.04496
40.01421
39.91095
39.86879
39.97823
39.95856
39.91071
39.89703
39.90459
39.94806
39.93217
39.92429
39.99412
39.99577
40.00519
40.03411
40.04963
40.00576
39.97202
39.98234
40.00907
40.01387
40.04576
40.01238
40.02005
40.01825
40.01546
40.00719
40.01202
40.02752
40.06495
40.09583
40.07674
40.03915
40.06072
40.02721
39.90821
39.90097
39.90147
39.94539
39.98697
39.96164
39.86753
39.90306
40.01591
39.94578
39.91612
39.90127
39.92016
39.92942
39.85643
39.85918
39.94321
39.91855
39.84777
39.82901
39.90784
39.91571
39.87423
39.86248
39.9196
39.9176
39.88879
39.91047
39.89814
39.89236
39.91917
39.92719
39.87983
39.83096
39.82835
39.8471
39.81879
39.81927
39.75409
39.75548
39.78082
39.85027
39.79908
39.71947
39.75528
39.8017
39.83904
39.87196
39.81395
39.75352
39.75129
39.79705
39.75832
39.76928
39.81089
39.80724
39.80515
39.77594
39.88857
39.86259
39.86065
39.88506
39.83137
39.82776
39.79933
39.90849
39.9318
39.86287
39.86063
39.95289
39.90361
39.80869
39.8327
39.86995
39.85027
39.8782
39.87079
39.83949
39.89713
39.82447
39.75636
39.8335
39.88995
39.85701
39.86179
39.87865
39.87214
39.88658
39.92514
39.9194
39.90333
39.89535
39.85412
39.86942
39.83083
39.75762
39.77478
39.87999
39.96499
40.03314
39.96984
39.96772
39.98798
39.99798
39.94049
39.92616
39.9741
40.03846
40.00935
39.92784
39.95345
40.02623
40.07625
40.04492
39.99488
39.99475
40.02013
39.98393
39.95628
39.85665
39.90553
39.97867
39.95039
39.99307
40.04357
39.99167
39.91142
39.94519
39.96674
39.88433
39.84496
39.8819
39.92006
39.90717
39.87331
39.86555
39.86892
39.90599
39.90688
39.84566
39.89433
39.94412
39.8675
39.85905
39.9039
39.91437
39.89385
39.89012
39.89217
39.82615
39.82912
39.9175
39.92683
40.01065
40.01838
39.97279
39.97732
40.05646
40.10552
40.03896
39.97215
39.96498
39.97807
39.92499
40.0041
40.00695
40.00598
39.95859
39.94361
39.93474
39.98403
40.01923
40.00509
39.98307
40.08367
40.02456
39.92411
39.90122
39.94667
39.91998
39.93206
39.96866
