37.37493
36.88164
37.10061
36.30606
37.90133
37.53759
37.7195
37.7246
36.86251
36.88677
36.91692
37.20647
37.37201
38.30591
37.53582
37.02781
37.07988
37.08632
36.76832
37.86607
38.24723
37.27304
36.71476
36.83662
37.3657
36.92942
38.42297
37.46305
37.05781
37.02519
38.08273
36.28006
37.29934
36.70438
38.83186
37.22689
38.82337
37.5672
37.30135
37.77672
36.77015
37.04484
36.67454
36.70731
37.7821
36.58022
38.56105
38.04842
37.86349
38.72074
36.69691
38.01356
37.13688
37.30463
36.76728
35.82249
38.01637
36.53245
38.27109
38.21865
36.90072
37.51633
37.351
38.34621
37.26152
37.42547
37.68192
37.52093
37.90563
37.88255
37.59851
37.3112
36.5051
37.79738
37.11334
37.23007
36.92635
38.30499
37.17162
37.38977
36.85043
38.33353
37.33709
37.70367
38.79432
36.87692
37.74679
36.87886
37.82182
36.16742
37.6225
37.54098
37.26334
37.34432
37.18217
38.34332
37.39867
36.65395
37.19632
36.85086
36.98037
36.26981
36.46959
38.00914
36.85366
36.95832
37.05354
37.09843
38.29604
36.44562
37.27449
37.10305
37.50515
36.72639
38.01228
37.93148
37.57256
37.30278
36.45877
36.71872
37.16454
37.20776
38.33852
36.75742
37.14719
37.44524
37.79316
37.68264
36.42427
37.00931
36.84268
37.38058
37.79982
38.16364
38.43023
36.51799
36.64122
37.38173
37.59849
37.51635
37.61708
37.42339
37.59393
37.50739
36.94631
36.44229
37.85201
37.63177
37.80301
37.4179
36.9049
37.63317
37.61701
37.49306
37.42921
37.47038
37.68442
36.65997
38.43533
37.24049
37.02424
37.76288
37.01548
36.88263
37.19174
38.11684
36.82781
38.07232
37.86684
37.56858
36.57819
37.20576
38.73208
37.07341
37.85441
38.80954
37.77535
39.02784
38.62823
38.02575
38.98578
37.78876
36.97816
37.89742
37.20634
38.05646
38.24764
36.89156
38.34943
38.22669
37.76045
38.96445
37.00589
39.26251
38.12939
37.26987
37.12859
37.49868
37.6609
36.59351
36.96358
37.59028
37.18744
36.73141
36.30783
36.0787
36.81049
36.26792
37.33697
36.01902
38.37634
35.99018
37.34739
38.30664
37.62756
37.57879
38.53006
37.36567
37.23924
36.92103
37.82567
38.18016
37.42629
37.78696
37.37202
37.22023
37.62342
37.85712
38.74347
37.0317
37.58162
37.41292
36.78173
37.62191
36.96586
38.01007
36.31888
36.88298
36.36665
38.25258
36.87421
37.31807
37.19316
37.71724
37.145
37.23147
36.4042
37.22921
37.77634
37.40245
36.7821
37.19699
37.89029
38.05107
37.84917
37.03914
38.16206
37.28262
37.02644
37.36439
37.70917
36.79151
36.65081
37.22761
37.32694
37.95873
36.66194
38.1838
37.88693
38.3683
38.07317
36.80439
37.55484
38.09556
37.48183
38.17971
37.76949
37.82948
37.86539
36.97744
37.22272
39.20604
36.66625
37.28226
37.72997
37.64748
37.95972
37.1062
37.37237
37.06362
37.10064
36.65495
36.86077
37.45747
36.55271
36.61792
37.58824
37.23539
37.34626
36.59249
37.36477
36.89085
37.22231
38.44332
35.92001
36.61004
36.21687
37.09114
36.54272
37.94083
36.87181
37.89081
37.53738
35.7814
37.09211
36.72022
36.95623
36.03545
36.57588
36.4259
36.83342
38.15436
37.46424
36.45113
36.83285
36.67909
37.07356
38.13987
36.38887
37.55158
38.02427
37.15997
38.12134
36.58585
37.44061
36.57865
37.17278
38.20858
37.19077
37.85402
37.25637
36.45555
38.13443
38.61743
36.53945
36.423
36.65257
36.97554
36.9528
36.43855
37.06201
36.22754
37.16249
37.08529
36.22942
37.32955
37.72012
38.27784
37.24858
37.57576
37.66039
37.29014
37.20272
38.55223
39.74042
37.70556
38.07916
37.16288
37.34603
37.41118
37.6265
37.89747
39.48859
37.63778
36.69147
37.99688
38.2091
38.77219
37.21035
37.47704
38.51586
37.15784
37.90083
38.22507
38.09925
36.91989
38.027
37.58713
38.43436
36.87683
36.59781
38.05735
37.37354
36.91363
38.12397
38.45682
37.50512
37.37021
38.72185
36.37972
37.84021
37.65339
37.54929
37.02608
37.47007
39.62362
37.6829
36.72306
41.08694
43.44625
39.60924
40.09194
38.63983
38.2732
38.57184
37.62263
38.26469
37.29958
37.37465
37.85641
37.2821
38.09101
38.60844
37.89273
38.44325
37.6519
37.67794
37.6752
38.36416
38.32364
37.81783
40.50115
37.67825
38.22142
39.1552
39.25871
38.45873
36.88826
36.72496
37.64114
36.66693
38.09259
37.12133
36.33083
37.17481
36.20319
37.0305
36.26689
36.47743
37.35696
37.49912
36.53527
36.4724
37.81739
37.91208
37.03527
36.59807
37.50843
36.94329
37.45692
36.69024
36.95691
37.03136
38.13032
37.28799
36.87369
37.17836
37.31861
36.40102
38.07052
36.75562
38.11145
38.73518
37.57756
37.93445
37.11647
37.33553
37.20456
37.42564
39.19641
37.59758
37.90046
38.12742
37.68845
37.05693
37.74155
38.09922
38.2556
36.39197
38.19364
36.75628
38.37581
37.27552
37.70364
37.62784
39.47276
38.39579
37.97178
37.35731
38.0374
37.28608
38.09739
37.57875
37.64886
37.99382
38.07103
37.29455
37.53326
38.09306
37.12452
38.4675
38.25205
38.03209
37.30228
37.99015
37.56554
37.32744
38.50867
37.63789
37.73959
37.22761
37.37364
38.1863
37.6247
37.18922
38.11084
37.70122
38.33346
37.902
37.13812
36.70043
36.81768
37.45821
36.75018
37.88793
38.13899
37.22215
37.1107
38.36014
39.07952
38.0648
38.13704
38.15853
37.05772
37.52681
37.38614
37.17617
38.53038
38.28325
37.93218
36.61242
37.4444
37.08531
38.13652
36.47358
37.5686
37.79131
37.78597
37.66438
37.90929
38.53998
37.41399
37.5093
38.1719
37.58789
39.2927
37.19842
37.66669
37.44572
37.96264
38.11597
38.04629
37.12685
38.19736
37.24368
37.34454
37.57311
38.15718
38.6914
38.40331
38.76858
37.41224
37.79598
38.47898
37.0933
37.5317
37.34401
37.76453
37.05577
36.73079
36.8512
37.95962
38.31014
38.11254
38.71533
37.33833
38.38385
37.69611
38.8606
37.47566
37.64256
37.7258
39.75252
40.55732
39.47912
37.78953
39.45177
37.05476
38.75824
40.48479
39.58947
39.16962
38.08652
37.86275
37.70486
38.18457
38.50808
38.78988
38.14645
38.4998
38.38333
38.79733
37.89509
38.13417
38.11007
38.24948
38.69166
38.82962
37.86486
37.90245
38.49659
37.12076
37.66415
37.96437
37.91392
37.90302
38.69187
38.01701
37.12777
37.73271
37.20403
38.38003
37.99023
38.32006
36.91576
37.06328
39.01794
36.25052
38.2615
37.71589
37.57851
38.0362
37.89886
38.21488
37.90336
37.02029
38.04953
37.55125
36.50977
37.55242
36.4036
37.56002
37.18247
36.96168
37.04228
37.25016
37.01459
37.5429
37.44801
37.08952
36.19943
36.60089
36.61504
36.2777
35.90081
36.67308
36.61627
36.52032
37.87605
36.77134
36.63765
36.7495
35.70571
36.08242
36.92085
35.97539
36.1202
36.24813
36.55144
36.60796
36.97249
36.09264
36.64571
36.85195
37.06024
36.73221
36.90665
35.83986
36.45661
37.06107
35.98005
36.93961
36.86412
36.27826
37.82492
38.68141
36.54248
37.29698
37.4572
36.57432
37.54731
37.7608
37.39517
37.49075
38.12762
36.17446
37.47751
36.60356
37.03166
37.44927
36.77788
36.48215
37.26412
36.63565
36.72271
36.7865
37.0571
36.79212
36.32501
38.25716
36.06755
36.50722
37.99182
36.64649
37.61584
37.67443
38.15336
36.89047
36.69528
37.59518
37.5766
36.68311
38.03027
38.61493
37.68285
38.73404
37.1357
37.74276
36.97009
36.99877
39.92146
39.11074
37.84163
38.27833
38.84747
37.48071
37.85799
38.05399
37.2703
37.77422
36.69166
37.8432
38.00785
37.49393
36.99766
38.2481
38.98251
37.1992
37.10842
37.6649
37.90674
38.24331
37.54601
38.5454
37.23299
37.26296
38.47153
38.01864
37.90419
36.30149
37.35907
37.08768
37.57036
37.2542
38.47807
38.33697
37.32384
37.63871
39.57032
37.24401
38.36013
40.11885
40.48902
38.05793
37.89471
38.30873
37.28744
39.02288
38.37317
37.82786
38.211
39.68034
37.79736
37.71047
37.07183
38.36751
38.136
37.48857
38.25418
38.06216
37.99297
37.01896
38.36445
38.19936
36.67007
37.57724
37.34361
38.77529
37.57713
37.81362
37.94761
37.4007
38.267
37.77003
38.53792
37.63223
36.47887
37.09603
37.67204
37.72284
38.12099
37.38742
37.68814
36.88466
38.78721
37.59058
36.87363
37.47223
37.94804
38.14132
37.81284
37.90681
37.2425
37.8367
37.13523
38.28099
39.2682
38.35972
36.91734
37.97137
38.75586
38.34209
37.86503
37.70586
37.65937
37.52644
36.6394
37.57421
36.47991
37.37709
38.13731
37.32742
37.02109
37.67648
38.29011
37.92258
38.5815
37.6533
37.6034
39.24856
39.60789
36.54261
39.13863
37.64291
37.37303
38.12615
37.92585
37.58737
37.05042
37.88493
38.53661
37.39477
37.55732
38.72748
37.18013
37.91963
36.83828
36.14348
37.7878
37.34525
37.0728
36.60764
37.35313
36.74164
36.47681
36.85196
37.3669
36.51346
36.43155
37.38429
37.28077
36.38504
37.66842
37.97998
36.32644
36.75443
38.08424
36.85304
36.8852
37.11737
37.25116
36.47717
40.56232
40.08949
39.10654
37.08387
39.1222
38.59216
37.75535
37.98196
39.36201
37.91689
37.68849
37.44661
37.35566
38.3086
37.78999
37.8662
38.75847
37.11995
36.57383
37.2129
36.59446
37.16852
36.33019
36.0926
37.26285
35.73278
37.19451
37.56783
37.94177
36.9095
37.55425
37.96379
36.58149
36.64085
37.00917
37.72797
37.3676
37.36285
36.89082
36.78516
36.8288
37.18344
36.76812
37.78951
37.32851
37.36673
37.07891
39.25129
38.54686
36.5589
37.07781
40.23757
37.58499
38.52213
40.29226
38.63722
36.89785
37.47627
38.20942
38.53439
38.14433
37.11692
37.23605
37.32946
38.22321
37.35522
36.70346
36.22411
36.03873
37.14912
36.81551
36.97093
37.358
38.01043
37.05438
37.97477
37.12607
36.92384
37.71796
36.5643
36.29831
36.3757
36.77665
37.46489
36.61053
36.86009
36.14016
37.61808
