53.18312
49.62341
49.62341
49.5784
49.59313
49.63772
49.62436
49.60989
49.57271
49.58163
49.61768
49.64779
49.64606
49.60241
49.6081
49.64761
49.64108
49.64452
49.66138
49.72434
49.68364
49.64899
49.6749
49.70506
49.62912
49.61819
49.62575
49.64302
49.65107
49.63693
49.67227
49.72303
49.60578
49.604
49.64721
49.65327
49.59392
49.57401
49.57313
49.56418
49.60018
49.56337
49.57008
49.56532
49.60072
49.53411
49.53084
49.48586
49.40813
49.34115
49.40285
49.35815
49.30931
49.35621
49.29454
49.26679
49.31754
49.29615
49.30033
49.31064
49.31781
49.37349
49.30799
49.30725
49.33005
49.37347
49.4029
49.41955
49.39608
49.37077
49.38049
49.40454
49.44042
49.43587
49.43387
49.50188
49.4994
49.5356
49.57652
49.59726
49.67127
49.66278
49.6325
49.63927
49.74195
49.72811
49.71587
49.67029
49.66725
49.71706
49.66718
49.58623
49.63936
49.60901
49.6411
49.61621
49.63744
49.63013
49.65588
49.64687
49.65205
49.64611
49.64564
49.69839
49.67967
49.70092
49.70573
49.69991
49.67281
49.69036
49.77326
49.71588
49.73525
49.72338
49.70918
49.77205
49.72657
49.70551
49.70821
49.73
49.72552
49.71623
49.69589
49.70335
49.72355
49.71649
49.66284
49.63657
49.62506
49.61847
49.56594
49.56015
49.59128
49.64705
49.59652
49.59772
49.57811
49.59552
49.52005
49.50164
49.49318
49.54437
49.55285
49.45643
49.45554
49.48346
49.52284
49.49236
49.4467
49.44949
49.43359
49.40855
49.37733
49.35466
49.33458
49.36404
49.3804
49.35704
49.33351
49.39054
49.37512
49.41442
49.34988
49.48317
49.48137
49.47414
49.47173
49.49948
49.54762
49.56625
49.5887
49.65961
49.62907
49.62075
49.5986
49.67596
49.66798
49.65429
49.66054
49.66339
49.71352
49.69719
49.71627
49.71888
49.76532
49.74542
49.70435
49.74327
49.7128
49.75333
49.79698
49.78961
49.81036
49.84877
49.85896
49.89246
49.87993
49.88077
49.87847
49.88025
49.94267
49.95096
49.90419
49.85082
49.83571
49.84869
49.87307
49.81741
49.81816
49.82608
49.83918
49.82813
49.75509
49.75843
49.78615
49.74871
49.72403
49.75527
49.76867
49.75696
49.82192
49.85797
49.86059
49.8858
49.92568
49.89391
50.01656
49.99361
49.95044
49.94684
50.00877
49.98427
49.98069
50.03517
50.03906
49.92882
49.88755
49.87105
49.88007
49.86163
49.86354
49.87648
49.88773
49.87725
49.85416
49.95937
49.98075
49.97283
49.93929
49.91206
49.91973
49.88163
49.93287
49.91726
49.88755
49.86769
49.85764
49.84362
49.80722
49.78457
49.75526
49.78709
49.76934
49.7584
49.72339
49.69236
49.71193
49.72955
49.68677
49.72718
49.69291
49.72387
49.70208
49.76505
49.75786
49.77339
49.73773
49.78598
49.8285
49.80494
49.74472
49.83787
49.84001
49.80952
49.7836
49.78449
49.74298
49.79628
49.77236
49.72535
49.7228
49.79154
49.74425
49.76105
49.75037
49.82492
49.85617
49.77205
49.79336
49.82067
49.85748
49.81404
49.84755
49.82484
49.7885
49.81789
49.8787
49.85987
49.86335
49.80846
49.86184
49.84747
49.82224
49.85788
49.92904
49.9519
49.95859
49.9607
50.03262
49.96537
50.00525
50.05365
50.07929
50.00526
50.02044
49.97573
50.04594
50.03057
50.01517
49.96497
49.97614
49.97809
49.99286
49.93485
49.98216
49.92805
49.91361
49.88778
49.91314
49.93463
49.89623
49.85932
49.87154
49.83704
49.7328
49.70118
49.71462
49.74596
49.72443
49.71583
49.70087
49.71066
49.73468
49.77912
49.78359
49.76455
49.84998
49.87321
49.85111
49.89648
49.88803
49.84938
49.89406
49.90749
49.8705
49.85945
49.79995
49.79829
49.81351
49.83598
49.77368
49.80202
49.86813
49.9025
49.86802
49.89172
49.86794
49.91096
49.8866
49.86971
49.87701
49.8718
49.83867
49.81325
49.86528
49.91627
49.85451
49.83609
49.91817
49.86106
49.90182
49.89302
49.93834
49.90301
49.78597
49.80023
49.79211
49.80524
49.74795
49.74061
49.77095
49.79288
49.79422
49.7771
49.82443
49.86175
49.87701
49.95083
50.00122
49.98606
50.04899
49.96179
49.93429
49.89618
49.90343
49.88047
49.93324
49.9179
49.82712
49.81569
49.80363
49.75896
49.75216
49.78122
49.76886
49.73581
49.76389
49.83067
49.76164
49.75983
49.77961
49.82235
49.79082
49.84312
49.80845
49.77977
49.82275
49.78236
49.7646
49.69401
49.7361
49.80085
49.77221
49.77176
49.79676
49.81985
49.77192
49.75047
49.7564
49.80335
49.71032
49.7361
49.70111
49.76762
49.80074
49.82985
49.83457
49.78633
49.85158
49.80489
49.88849
49.8652
49.88654
49.9351
49.96042
49.95346
49.97006
49.98018
49.96902
49.99609
49.98018
49.94905
49.97548
49.96048
49.91388
49.94711
49.97577
49.9553
49.94451
49.95178
50.00646
49.95294
49.87634
49.87618
49.86305
49.87278
49.87509
49.88952
49.90795
49.91038
49.90885
49.93876
49.97972
50.01368
49.97317
49.96719
49.97851
49.9455
50.00082
50.03918
50.01249
49.92244
49.92139
49.95074
49.96558
49.96522
49.96447
49.96996
50.03372
49.97952
50.03183
50.12988
50.09266
50.07824
50.14082
50.11324
50.10036
50.16851
50.18342
50.18834
50.15198
50.14289
50.26571
50.18908
50.19312
50.19262
50.26492
50.21066
50.18515
50.13866
50.09757
50.12708
50.11122
50.09349
50.10142
50.09631
50.0654
50.09433
50.06623
49.99743
49.97979
50.01082
50.03479
50.01181
50.01924
49.99915
49.8963
49.97144
49.96174
49.92537
49.90962
49.92153
49.89034
49.85385
49.89455
49.89341
49.89158
49.91282
49.92179
49.91775
49.9781
50.05243
50.01441
49.99649
49.94653
50.02538
49.99147
49.96233
49.96437
49.94056
49.93417
49.97905
49.91957
49.97145
49.96242
49.90432
49.9207
49.931
49.96107
49.96122
49.88987
49.89953
49.95496
49.99322
49.9418
49.94412
49.95541
50.0092
49.98124
50.00539
50.00337
49.99764
49.98525
50.00436
49.94036
49.94219
49.96785
50.00774
49.97692
49.95467
49.98667
49.98153
49.94631
49.97697
49.92047
49.87583
49.89008
49.86495
49.86147
49.86551
49.89564
49.95775
49.97403
49.95716
49.99704
50.08022
50.04494
50.04485
50.02472
49.96956
49.99914
50.00995
50.01895
50.02991
50.00936
50.00306
49.9879
50.05534
50.07287
50.02167
50.09602
50.04523
50.07528
50.03428
50.05165
50.04232
50.03218
50.05012
50.08695
50.00333
49.98999
49.99186
49.98098
49.94806
49.98228
49.96553
49.93813
49.94359
50.00605
50.00747
50.0359
49.98466
49.97442
49.95462
49.98561
49.98758
49.99434
49.97701
50.03432
50.02522
50.04713
50.05522
50.00774
50.03046
50.08398
50.05629
50.00772
50.0153
50.08551
50.03189
50.02506
50.01162
50.05297
50.09274
50.08582
50.13585
50.15692
50.13984
50.20145
50.24971
50.22957
50.16252
50.18454
50.15327
50.18787
50.18209
50.13554
50.08326
50.16533
50.14369
50.16824
50.1254
50.14316
50.07595
50.1445
50.07313
50.02656
50.03209
50.04759
50.04899
49.99353
50.04778
50.03411
50.07931
50.04235
50.04991
50.08583
50.08171
50.08475
50.08052
50.09541
50.09755
50.11089
50.13287
50.11103
50.17187
50.13931
50.15615
50.06889
50.09957
50.07771
50.0519
50.03689
50.1069
50.06518
50.02584
50.02214
50.00144
49.96699
50.00406
50.01397
50.00092
49.95591
49.94987
50.00322
49.99151
50.02638
49.99861
49.96983
49.92227
49.94115
49.88705
49.92186
49.98747
49.93542
49.8843
49.82073
49.8457
49.83239
49.86617
49.85838
49.77822
49.76942
49.75338
49.7414
49.67209
49.61802
49.62609
49.69783
49.63256
49.57545
49.62861
49.60425
49.60347
49.60624
49.63878
49.63364
49.66571
49.67009
49.62259
49.69219
49.70542
49.66914
49.65315
49.70348
49.68332
49.71099
49.70122
49.77839
49.81372
49.85135
49.82007
49.82563
49.81929
49.78632
49.8186
49.81589
49.78061
49.76508
49.7573
49.74122
49.73598
49.76808
49.81538
49.75587
49.77587
49.75752
49.74878
49.74802
49.76736
49.77311
49.79218
49.81976
49.80058
49.80594
49.78625
49.81698
49.84778
49.87622
49.83878
49.87249
49.8959
49.86731
49.86626
49.86496
49.9181
49.89545
49.92852
49.885
49.91426
49.89508
49.94098
49.90858
49.94748
49.94419
49.96588
49.9211
49.90948
49.96526
49.92369
49.9256
49.9207
49.89079
49.8363
49.91261
49.85683
49.82977
49.93496
49.92818
49.85206
49.90943
49.90264
49.91958
49.94947
49.95012
49.8903
49.9532
49.98859
49.98723
49.9668
49.95264
49.94601
49.88881
49.98473
49.95547
49.91171
49.94795
49.93475
49.91917
49.91927
49.95757
49.91599
49.97139
49.98848
49.91028
49.94736
50.03997
49.99419
49.96232
50.00395
49.99752
50.02098
50.03444
49.98701
49.99798
49.92805
49.87234
49.94251
49.91649
49.8919
49.85892
49.84942
49.8016
49.81389
49.82777
49.83838
49.80751
49.74294
49.73413
49.71003
49.63449
49.59489
49.64732
49.64726
49.65633
49.63331
49.62618
49.64017
49.70126
49.75261
49.75951
49.73803
49.785
49.75818
49.81284
49.80481
49.83719
49.77175
49.78185
49.77188
49.80147
49.71103
49.68466
49.76204
49.80509
49.6962
49.68145
49.65389
49.67165
49.64001
49.65112
49.62613
49.60138
49.60378
49.59494
49.62146
49.62053
49.57281
49.62813
49.62589
49.67489
49.69141
49.68954
49.68739
49.75539
49.7657
49.7977
49.82072
49.86427
49.86697
49.85043
49.88611
49.87933
49.8699
49.9314
49.90617
49.89729
49.91267
49.94125
49.9324
49.94547
49.94201
49.93964
49.96065
50.03025
50.0031
49.99222
50.01085
50.02819
50.01297
50.05943
50.04485
50.04023
50.01156
49.98862
49.99215
49.98583
49.92749
49.8957
49.8802
49.92737
49.90768
49.90888
49.81567
49.83215
49.8535
49.87986
49.86531
49.82638
49.80342
49.86518
49.85228
49.82195
49.798
49.81113
49.85615
49.83704
49.81579
49.77712
49.73174
49.66998
49.70118
49.66335
49.59821
49.59931
49.6609
49.6317
49.57804
49.55534
49.69254
