 0
3.322277
3.881275
5.061928
3.677326
4.517536
4.473984
3.938026
4.276974
3.820511
4.580528
4.401733
4.166092
4.720627
3.771198
4.428162
4.102562
3.280773
4.328625
3.378307
3.721718
5.213978
3.77282
3.512203
3.779053
2.824654
4.606098
4.230595
4.803204
4.258194
4.39436
3.965977
3.955578
4.031315
4.927689
5.207893
4.641926
3.772293
4.291306
3.799294
4.172997
4.173508
3.340744
5.389584
4.089634
4.063869
4.695644
3.885731
3.671471
4.540169
3.359406
3.841084
3.281784
3.512222
4.747189
4.721386
3.809345
3.882179
3.386169
3.74852
4.651936
4.555962
3.258278
4.952747
4.680386
4.34621
4.868214
3.27729
4.179581
4.661934
4.013542
4.783543
4.884804
4.299294
4.318836
3.675766
4.479668
3.363132
4.152054
3.397926
3.563438
3.557621
5.051521
3.863167
4.216957
3.133736
4.67207
3.996483
4.853947
3.899094
3.34156
4.605488
4.513363
4.836304
4.522251
4.399895
3.553875
4.62545
4.493793
4.933002
4.108524
5.249405
4.117672
3.852741
4.048992
4.273418
4.414097
5.064457
4.574959
3.828266
4.649555
3.757023
4.671207
5.169605
4.503235
3.619881
3.991768
2.762249
3.602165
4.447716
4.646465
4.572598
5.24913
4.543659
4.505245
4.445885
4.208908
3.760838
3.51823
4.516308
4.046036
5.121666
5.180859
5.306297
4.017914
3.352352
3.733738
4.576035
4.293633
4.080509
5.018688
4.11758
5.084644
5.174095
3.701157
4.472622
3.774197
4.105545
4.334259
3.252518
4.91349
4.183762
3.351906
5.33493
4.053215
3.465122
4.672764
4.577347
4.30175
3.927959
4.323833
3.764183
4.888222
4.774754
3.910416
3.783367
4.923603
5.136353
3.973465
4.495792
5.219547
3.108032
4.043224
4.751968
4.381241
4.443909
4.471508
3.391525
4.520397
4.268242
4.263664
4.948593
4.899647
3.997131
4.199459
3.618149
3.538277
4.404339
4.345322
4.151768
5.006859
4.19841
4.509953
3.224209
3.468021
4.137756
4.991806
4.303581
5.212833
4.609478
3.416817
4.130009
5.04575
5.357578
3.860016
4.666782
4.730106
5.153751
5.198631
5.057945
4.663334
4.825672
4.230095
4.687988
3.976345
4.419643
5.388336
4.796738
4.252274
4.530445
3.727928
4.77739
4.249645
4.599628
3.976425
5.167603
4.193542
3.505634
5.015446
4.332249
3.981167
4.497791
4.396702
4.311394
4.311157
4.834991
3.780411
3.13765
4.16584
4.78772
4.495525
4.387833
4.108032
4.085827
4.270992
4.790577
4.829128
4.877586
3.568737
4.373993
4.021244
4.459705
4.287365
3.643208
3.622406
5.0396
4.265179
4.774807
5.021568
4.688721
3.464931
2.441025
4.479488
4.187393
4.005932
4.901428
4.855904
3.904564
3.603073
3.278709
4.543579
3.887676
4.937244
5.448502
4.870834
3.918564
4.575363
4.883823
4.854198
4.379025
3.282116
4.356472
4.582417
3.562027
5.083858
4.48391
4.768925
4.81638
4.15609
4.859982
3.884457
5.015755
4.423035
4.64262
4.478245
4.952648
5.280888
4.880131
4.417927
4.008415
3.944408
2.60857
5.401939
4.914391
4.732689
4.532124
5.096985
4.152088
3.358654
3.805931
4.380783
3.825565
4.173584
3.459892
4.946285
4.486568
4.854404
4.927422
3.56176
4.493217
4.776638
4.456551
3.938362
5.268063
4.275364
4.632736
4.486626
3.196938
3.926331
4.009346
4.270889
3.591122
3.535267
4.257729
3.429905
3.638954
5.0228
5.375858
4.614574
5.829552
4.92181
4.580734
4.55513
3.228512
4.674572
4.696941
3.772533
4.776051
3.366753
4.788486
4.846767
4.731808
5.295998
5.158222
3.915207
3.769001
5.007912
4.7561
3.812706
4.790318
3.881424
5.26712
4.136272
3.236305
2.264156
4.501129
3.484249
3.825287
5.315239
3.469666
3.450729
4.428623
4.739426
4.849831
5.783848
4.391819
4.980175
4.200089
4.257774
4.89362
3.825489
3.895142
3.622242
3.540047
4.311363
4.486813
4.78125
4.200401
4.898655
3.741341
3.974991
5.00359
4.106731
4.691139
5.640228
4.179707
2.814419
4.891769
4.120323
5.127605
5.266479
4.646076
4.531403
4.229633
4.690033
3.432327
3.56443
4.212898
2.017639
0.5142441
2.974991
3.804756
3.697269
4.650471
4.731506
3.764137
3.42947
5.252319
3.516357
3.649422
4.214638
4.234898
5.295212
4.051941
4.161537
2.473606
3.023254
4.690304
5.260071
5.136417
4.72208
4.691021
4.159187
4.302799
2.226788
2.834042
4.383511
4.206104
5.219055
5.030041
4.290504
4.773361
5.119957
5.322662
3.977791
3.760777
3.905064
4.43322
4.690372
4.451363
4.911194
4.045403
4.506477
5.038052
4.934784
5.021408
4.387058
4.851845
5.26807
4.318615
4.145226
4.364796
4.537052
4.512413
4.89547
4.4048
4.262184
4.77895
3.928493
4.35807
4.896248
3.393341
3.07259
3.760372
5.011826
4.107372
5.053211
5.423889
3.308151
3.369476
3.647354
4.296715
4.432583
4.804222
3.905609
3.547749
5.111454
4.398518
4.86739
4.843704
4.542709
2.831394
4.172226
4.633266
4.284172
5.651901
4.1469
5.013832
4.310692
4.619144
5.276615
4.306091
3.890362
4.563519
5.512066
4.598408
4.128994
3.84021
4.365711
4.998135
4.260193
4.075665
4.57328
3.743538
5.470917
4.425152
4.536327
3.386032
5.194023
4.831924
5.085335
4.739964
4.159573
4.601128
3.678196
5.045437
4.202404
4.302353
3.276669
5.154247
4.096813
5.167034
5.436985
4.682732
4.699207
3.6422
2.864857
5.019852
4.453453
4.830727
4.964417
4.058308
3.226345
5.279354
4.717892
4.238979
4.343086
5.095844
4.410866
4.412739
4.210926
4.005089
3.699516
4.284546
4.160023
5.161526
4.201057
3.402496
4.280479
4.822788
4.506893
4.642616
2.954929
4.785435
4.812302
4.463333
4.785179
4.394245
3.602123
4.719551
4.356964
5.516628
4.604904
4.643288
4.103436
4.883617
4.766621
3.954453
4.067707
3.174095
4.443138
4.759647
4.581974
5.162117
3.792679
4.375675
3.68351
3.924004
2.950321
4.915375
4.079548
4.913353
4.851021
4.896046
4.145668
3.68412
5.275757
3.837048
4.382854
5.247505
3.50684
3.806843
1.760654
2.729336
4.958267
4.171421
4.016685
4.614075
4.452721
4.266018
3.507023
4.645767
4.136921
4.909836
4.429825
4.749775
2.650711
3.939632
4.96764
4.624153
4.810005
4.635757
4.242168
4.607071
4.239006
3.603985
4.444756
4.182384
4.486538
3.096653
4.764118
4.1432
4.229065
5.229416
4.763828
3.074345
4.59325
4.512379
4.238499
4.365017
5.10738
4.600742
4.711395
4.785404
4.464493
4.109463
3.288868
4.148304
4.307732
4.691059
4.030296
5.151459
4.757828
4.112823
5.270287
4.378536
3.789371
4.266052
4.745167
5.206486
4.977829
4.156525
3.767433
5.38274
3.456467
4.120972
3.675694
5.09235
4.933422
5.505558
4.253838
3.538811
4.985573
4.115868
4.80286
6.159451
5.276669
4.49065
5.004585
4.822731
4.111702
3.818539
4.700451
4.761112
5.134789
4.506805
4.394657
5.300102
3.939293
3.806412
4.97879
4.322311
4.120113
3.497498
3.87838
4.146488
5.268707
4.799126
4.506672
5.109554
4.819901
5.492813
5.379078
4.529976
3.987263
4.815117
4.565071
4.078453
4.42078
4.671207
5.036148
4.922089
4.419891
4.00956
4.059544
4.907173
4.526146
4.066315
4.840332
4.021057
5.165691
3.780876
5.142639
5.485565
5.081039
4.845768
4.535973
4.207298
4.473721
4.347595
4.991364
3.633076
3.825283
4.365765
4.223972
4.066013
2.895908
4.236282
4.179516
4.488579
4.556332
4.543705
4.366859
4.481621
3.934048
4.493435
4.36517
4.348278
5.332397
4.721577
2.051376
2.923927
3.946911
3.80291
4.814777
4.85939
2.821651
4.847561
4.01017
4.605267
4.520058
3.922104
3.451813
4.963425
4.767406
3.921299
4.298462
4.601048
5.142063
4.179165
4.8731
2.986431
3.623985
4.652615
4.770061
4.563297
5.388226
4.196114
4.01862
4.457664
4.399639
4.39603
3.922787
5.004913
4.445538
5.044155
4.889713
3.916283
4.114193
4.610977
3.621574
2.871037
3.916176
4.637482
4.393806
4.138233
3.645248
5.215599
4.139687
4.069973
6.345493
3.972904
4.889
4.083435
4.694141
4.422459
4.515362
4.916992
4.915909
4.20137
4.046112
3.598759
5.356888
4.871639
4.674583
5.209362
3.295025
4.562717
4.426735
4.79673
5.140163
4.611698
4.591652
3.898243
4.077744
4.595081
5.462406
3.615826
3.623528
5.005825
3.523193
4.491211
4.608898
4.757282
3.917744
4.731041
5.219563
5.659672
4.614807
3.725296
4.355251
4.632778
4.814911
4.500324
3.82206
3.575741
5.636387
3.995792
4.733047
4.777592
3.601433
4.148769
4.325222
4.093163
5.307892
4.319069
4.185276
4.988831
3.771397
4.325661
4.689808
4.004997
3.540314
4.604584
4.551151
4.738426
4.388966
3.628891
4.885921
3.614307
4.602154
4.733307
4.061417
3.503597
4.610363
4.757847
4.556225
3.657078
4.820461
4.294712
3.583874
4.388203
4.543732
4.217609
5.194149
4.88382
3.881348
4.916962
4.858341
3.112816
4.537346
5.162106
4.839607
4.920673
5.034283
3.886749
5.05085
4.116627
4.574123
4.796993
5.016407
4.168964
5.382339
5.465557
4.315327
4.171207
4.109921
4.421783
4.096226
3.153057
4.598328
4.756157
3.225273
3.572216
4.51215
4.454105
4.380905
4.752083
5.039562
4.632507
4.806793
4.207119
4.443527
4.531136
4.350388
4.762077
4.796963
4.185371
5.428123
4.607063
4.098518
5.388657
5.681198
3.974621
3.607132
4.792702
4.229557
5.681332
4.331921
5.116215
4.746071
5.050358
5.456375
5.10973
4.785362
4.511719
4.90815
4.725639
4.46944
5.011059
4.571308
4.586845
4.960442
4.203606
4.780453
4.654114
4.931732
4.611683
4.235538
3.093159
4.199905
5.29631
4.524479
4.929958
4.665985
2.24202
2.313812
3.770447
5.312248
4.718575
4.75428
5.517986
4.601288
4.78598
4.919743
4.655872
5.023849
4.690529
4.821846
4.272732
5.356045
4.741676
4.422588
4.477127
5.228062
2.281601
4.435104
5.179485
4.75507
5.755703
5.126411
4.175964
4.994038
4.992004
4.608807
4.090332
4.714966
5.257759
4.847992
5.830502
