37.63317
36.50892
37.50507
36.90492
37.21868
36.60202
36.7163
36.6787
37.4558
37.02872
37.23738
36.12728
37.26165
37.44685
37.15234
38.08941
37.68053
37.5065
37.0809
36.82056
38.38253
38.13497
38.11229
38.09975
38.84751
37.61369
37.91307
36.58945
36.95682
37.45906
38.20354
38.05151
37.69917
37.41668
37.08934
37.38935
37.14647
37.52422
37.65453
37.65833
38.20492
36.85798
36.81868
38.13484
37.59317
37.10594
36.36033
38.17203
36.75567
37.75828
37.14483
37.00174
37.27784
37.10777
36.98108
36.68446
36.9294
38.6012
37.71535
39.22485
37.14149
37.6368
36.66325
36.28045
36.80378
37.6468
36.53144
37.44639
36.80038
37.30544
36.53022
36.79778
37.89897
37.3247
36.03667
37.13285
37.56514
37.37275
37.26094
36.99822
37.97541
37.83059
36.23281
37.37391
39.01005
37.86731
37.90682
37.98325
38.02218
37.17484
37.52074
37.72995
40.01606
38.63824
38.02494
38.32324
37.65334
37.32503
38.03883
37.94266
38.05353
38.14006
39.0429
37.72647
37.58967
37.87763
38.95262
38.14162
37.45427
37.94169
38.52659
38.80478
37.08197
37.78582
37.39742
38.23328
37.03712
37.23847
37.03427
36.81319
37.51464
38.10749
36.81114
37.88153
37.77185
36.78547
37.00182
37.47116
37.47379
37.76312
38.02962
37.60478
38.77237
37.20434
37.51629
36.59603
37.03807
38.49389
37.23841
37.04702
36.91867
37.67671
36.71894
37.33486
37.85677
36.69094
37.06275
36.90397
37.90405
37.93651
37.334
39.09212
38.72237
36.54095
37.51271
38.3078
36.28653
37.71572
37.50031
37.03369
38.08463
37.21831
38.21067
36.98719
37.95495
37.0716
38.73685
38.15941
38.31056
37.49296
36.88545
37.474
37.97736
36.62204
37.69078
38.26703
37.67458
37.80163
37.48162
38.16379
39.60108
37.52619
38.1486
37.60705
37.95641
37.07838
36.585
36.00856
37.09133
37.48937
37.32519
37.49364
36.61584
37.471
36.80922
37.56703
36.90406
38.54846
37.03586
37.51225
37.72848
37.45211
37.76416
37.2527
37.51961
37.15009
38.10702
37.1366
37.4096
36.9698
37.33966
37.14013
38.14584
36.94782
37.16432
37.32582
36.95096
37.38928
37.2624
36.09818
37.90081
37.62498
37.43037
37.6097
36.94252
37.50142
37.01497
37.43939
37.13823
37.05171
38.35568
37.16173
37.83504
36.48483
37.68797
37.22429
36.98543
36.60508
37.69902
37.80488
37.00491
38.19077
37.21498
37.18863
37.46088
37.23983
36.99691
36.83052
37.99475
37.53023
37.89711
38.25414
37.1403
36.90456
37.19544
37.68168
38.33489
37.35909
37.48512
37.05976
38.21528
37.65971
37.10906
37.3689
37.9446
36.67344
36.51084
37.55685
36.97054
37.55756
36.64257
37.96703
37.01877
38.32924
37.3691
37.07059
38.74247
37.89603
36.53319
36.53988
37.94316
37.6981
35.97247
36.7174
36.59966
36.80546
36.326
37.96193
36.64917
36.55135
36.96926
36.05538
38.30207
37.20961
36.87142
35.84265
37.3092
36.24891
36.49054
36.41027
38.18476
36.64314
37.40953
37.65067
37.29424
37.35195
35.94643
36.82117
36.92476
37.9763
36.94833
36.82795
37.68668
36.61407
39.36596
36.75701
36.99397
36.55256
37.08076
36.988
37.46316
37.56929
37.75358
36.52762
37.30246
37.66833
37.28115
37.93675
38.52291
37.79765
36.68569
37.93542
37.80635
37.13728
37.59886
37.39975
37.39738
37.59446
36.86636
37.05679
37.42057
38.67311
36.35527
37.05974
36.99562
37.17609
37.16013
36.83279
37.15068
36.37048
36.5428
37.14507
36.94936
36.58054
37.55669
36.61382
37.21643
37.9999
35.54338
37.06186
36.99053
37.4818
36.92664
37.95666
38.52359
37.84435
37.71476
37.89786
36.35016
37.09303
37.83783
37.14157
37.42352
37.5186
37.72702
37.36434
38.05418
37.29424
37.68032
36.71697
38.45218
36.67024
37.60397
36.92714
37.14486
37.73
36.71676
36.62197
37.50995
38.10611
37.82981
36.48928
37.75327
37.3617
37.0422
37.53933
38.01975
35.88398
36.7909
37.06535
38.65629
36.79467
36.80591
38.09209
36.43044
37.43027
36.74554
37.03799
39.09489
44.4008
40.3751
39.03061
38.9669
38.43713
38.15284
38.03798
37.92054
38.6723
39.85377
38.46076
37.28255
37.66621
38.06089
37.58776
37.20084
38.32338
38.93392
36.95269
37.27254
37.25898
37.64696
37.53919
37.56179
37.01449
38.01653
38.1642
37.83553
37.54443
38.44147
36.66273
36.83408
37.74019
36.45176
37.70482
38.20262
37.34052
37.34535
36.9943
37.373
38.51838
37.02971
37.81795
37.89762
39.20422
38.04242
38.02392
37.87494
37.40557
39.28135
38.4415
36.99403
38.0135
38.02314
37.9875
36.6166
38.71292
37.76596
36.38002
36.89193
36.79936
38.3583
37.67905
37.23743
36.96678
37.36664
37.46143
36.93364
38.6053
37.99628
40.04034
36.99387
36.7146
37.44035
37.78607
38.08993
37.30967
37.28097
37.60049
37.35619
38.36883
37.18311
36.85997
37.45814
37.22235
37.83483
37.3208
37.10894
38.40257
37.81734
38.29862
37.75784
36.98635
37.87341
37.11571
37.66755
36.9624
39.18083
37.35069
38.40253
38.15217
36.96652
37.13073
37.92268
38.03444
37.43452
37.24951
37.78295
39.49726
38.60338
37.96429
38.44688
36.88528
38.36483
37.40392
37.38687
38.00532
38.57833
37.81615
36.88771
37.32674
37.58762
36.73183
37.94244
38.63841
38.62857
38.02785
37.54134
37.03078
37.28134
37.97113
36.82562
36.92428
37.87386
37.63884
37.50618
37.20094
37.99964
37.42712
37.18101
37.41187
36.39592
37.14554
36.80452
36.74717
36.76566
37.26373
36.93258
38.05802
37.19769
37.49617
37.53019
38.00826
37.21987
36.82565
36.93665
37.75816
36.84818
38.16153
37.44518
38.20351
37.77174
37.78893
37.87784
36.75058
38.59827
39.37212
37.27792
37.81176
37.71892
36.90285
36.7632
37.18723
38.35865
38.59247
38.7522
39.05107
37.49395
38.68733
38.13678
38.16132
39.26045
37.14515
38.56131
37.12901
36.88731
38.17894
37.56133
38.21106
37.38311
38.04081
37.50546
37.72073
38.9304
40.19481
39.28693
40.09386
38.89766
38.4383
38.14319
39.40134
40.23297
38.29785
38.03786
37.90005
38.36545
38.02431
38.71997
38.26152
37.5493
36.66983
37.30997
37.56984
37.50882
38.9046
38.00198
38.38703
38.12585
39.71085
38.53495
38.0852
38.99689
39.13712
37.96563
39.10832
37.57076
39.29918
37.7489
38.42544
37.80891
37.95901
37.70415
37.80077
38.39487
38.86991
37.97205
37.63329
37.10817
37.20706
37.19866
37.57168
37.76503
37.91077
36.88377
37.87416
36.83065
36.77333
36.83899
37.37241
37.01527
36.56928
36.31066
36.59631
36.43706
37.00219
37.23944
37.10419
36.76786
36.729
37.21865
37.63215
37.62314
38.60429
38.38221
37.40844
36.8931
37.27017
37.16505
37.15162
37.40257
36.95697
36.51198
36.11462
36.15689
36.52169
36.91276
36.56336
37.73799
37.14488
36.92978
36.52866
37.45652
37.4521
36.83328
37.36992
36.53547
36.05384
37.51009
36.47562
38.10145
36.88314
37.46208
36.76773
37.27858
37.27166
38.11641
37.44262
38.15728
37.65508
37.67528
37.89324
36.96068
38.05842
37.3124
37.70368
37.33586
38.04633
36.50363
37.06458
36.5902
38.15852
37.24054
36.51103
37.01617
37.02999
36.54155
36.73899
36.46382
36.66581
37.53957
36.35856
36.8303
35.98996
36.42471
37.21524
37.70775
38.20024
37.27573
36.95844
37.65837
35.91961
38.02957
37.17873
36.71983
36.50999
38.13697
36.71197
37.77803
36.52992
37.78766
37.58809
39.16004
38.28015
37.35633
38.14619
39.38668
38.15491
37.63865
37.69514
37.13626
37.71045
37.6008
37.23936
36.76087
37.49971
36.53067
37.19572
37.85145
37.34692
37.04208
37.61153
38.21055
36.90678
37.94817
37.75046
37.38999
37.80711
36.55553
37.29017
38.12786
38.54375
39.23155
37.62574
37.39639
37.69987
37.38036
37.27415
37.18953
36.37248
37.01568
37.33717
37.2459
39.33234
37.293
37.62478
36.63925
38.98422
38.47311
38.32018
37.90666
38.4805
38.35561
37.33327
38.26115
36.85068
38.29663
38.29704
38.76013
37.53217
37.53054
37.91275
39.29141
37.93803
37.26763
36.96729
38.66344
37.45457
38.30425
37.56184
37.12146
37.6619
37.16571
37.37441
37.75874
38.6874
38.41274
37.03703
36.68481
38.20061
36.81802
38.10712
38.30206
38.22329
37.64651
37.91537
36.84452
37.06011
37.79841
38.20682
36.67792
38.42226
38.30525
36.67693
38.2437
38.35795
37.09057
38.31618
37.38086
37.89431
38.10837
37.9216
38.30225
38.51465
37.92048
37.90772
36.92889
37.44326
38.38605
37.40598
36.9639
37.27695
37.84444
36.5861
36.70146
37.14941
36.25075
38.69252
37.95248
37.34766
38.10286
38.10556
38.41467
37.71137
37.78331
37.93819
37.24351
37.10418
37.67793
37.33813
36.59292
36.75612
37.87331
37.70191
37.30897
37.41492
38.02378
37.63674
37.31148
36.84063
37.2141
37.50355
37.85288
36.7193
37.14191
38.00802
37.76017
36.76802
37.01777
36.60942
37.50329
37.94003
38.36637
37.15858
36.47631
37.50962
38.04079
38.04243
39.01096
38.19208
37.95747
37.18511
38.59182
38.07253
41.74392
39.24552
40.06263
38.81024
37.93787
37.7039
37.56297
38.65624
38.0376
37.28611
38.80101
38.19473
38.26051
36.8952
37.60879
37.7493
39.36124
37.86536
38.39357
36.86298
38.34721
38.30633
37.14731
37.97832
37.61357
37.30901
37.73314
37.95531
36.91608
37.47194
37.6633
37.54169
36.97712
37.20039
37.74249
37.79465
38.00051
36.74891
38.69224
37.23211
38.20929
37.40104
37.26314
37.67106
37.39187
37.89632
36.83496
37.03131
37.74332
38.01875
36.82598
37.07469
38.26408
38.1199
40.35786
38.05977
38.66991
37.11085
37.6065
37.2415
38.82099
39.10625
37.83166
38.01011
38.33934
37.60084
37.66421
37.86148
37.20745
37.18402
37.15231
36.85223
37.47339
40.12284
37.80121
37.53194
37.91109
37.54278
37.17628
37.24545
36.78183
37.34457
36.9465
36.00105
36.42919
36.4523
36.9017
36.83207
