 0
1.412864
-0.8261513
0.2619476
0.1495427
-0.3769844
-0.2318299
0.5577679
0.3030417
0.038899
0.07900405
0.1065699
1.335269
0.07158687
-0.2133274
0.04795742
0.3737222
-1.205005
0.9948564
0.0241763
-0.5328301
1.034115
0.6583424
0.2282512
-0.2772354
-0.996877
-0.4868256
-0.2260568
0.5207251
0.8536232
0.8790711
-0.6853629
0.2538283
-0.9816293
-0.6566846
0.1135187
-0.1846471
0.6135325
0.1253923
0.422698
-0.1899834
0.3796704
0.5875522
1.093756
-0.2816176
0.3116634
-0.2960731
-0.1238883
0.3101568
-0.4653403
-0.02573013
0.3120049
0.4491626
0.0827691
-0.5919675
0.5599928
-0.3094113
-0.2434503
-0.120607
1.536072
0.1337593
1.417285
-0.1523277
-0.3618501
-0.4535369
-0.8304031
1.033166
1.741547
-0.4659313
0.6248728
-0.7876075
-0.700946
1.315525
-0.4070018
-0.3249831
-0.7898577
-0.710398
-0.7119793
-0.3647401
1.468529
0.9551655
-0.5919001
0.2625523
-0.5203277
-0.6027877
1.262598
1.402513
-0.1753424
-0.1173515
-0.3134232
-1.656672
0.2861071
0.8169748
-1.358669
-0.3982358
-0.1530128
-0.192174
-0.3812081
0.256532
-0.806594
0.5369846
-0.2175997
0.5405617
-0.02406883
0.774806
0.3216399
-0.9202366
1.07648
0.3665199
-0.5496842
0.04299331
-0.09657362
-0.55256
-0.9009016
-0.3385525
0.2833306
-0.3067061
-0.2262149
0.6255298
-0.478326
0.3362098
-0.2953247
-0.5129943
1.014904
0.8710632
-0.5930955
-0.1683944
1.243546
-0.3253032
-0.4807132
0.4738672
-0.9482766
-0.3613946
0.7989695
0.5663292
0.3530033
-0.3041978
0.3431188
-0.5845723
-0.0800755
-0.04183778
-0.4966376
-0.07099533
0.09545255
-0.05198753
-0.9489413
-0.01935482
0.3097623
0.6137572
0.7444466
0.8096755
0.5904955
0.2895229
-0.5295569
0.2801374
0.00180006
-0.1345455
-0.3002885
-0.3288307
0.6644468
-0.2607266
0.07588524
-0.2251496
0.01288968
-0.4072999
0.3944466
-0.3207314
-0.06134605
-0.2599358
0.6024991
0.4806141
0.4211935
0.3805665
-0.2501764
0.4850616
-0.2006267
0.8274045
0.2280493
0.3518429
-0.5371854
1.708865
0.5212433
-0.8468948
-0.2070508
0.2646871
-0.5630071
0.2752686
-1.037716
-0.3154907
0.04568531
-0.1618272
0.286994
0.1644269
-0.1963874
-0.056633
-0.2542911
-0.6685439
0.15026
0.5123336
-0.1904689
-0.95193
0.9062424
0.6227454
-0.6506946
0.01856196
-0.4433982
-0.3654892
-0.223252
0.02692008
0.2240758
-0.1459225
0.1840314
0.4728557
0.1878874
0.733053
0.08449864
-0.5938834
0.1480324
1.254806
-0.3431942
-0.1766275
-0.117105
0.112926
0.244633
0.7342693
0.2619928
-0.6746491
-0.2576245
-0.3871458
1.015115
0.3560877
0.2840843
0.3685178
-0.6754224
-1.126961
-0.683778
0.259577
-0.7907012
-0.7277822
-0.108278
-0.1144644
0.1568109
-0.3386812
0.8964102
-0.1315373
-0.06315655
0.8017195
-0.02229127
-0.009742975
-0.6618892
0.4723133
-0.3396368
0.3515858
0.6808748
0.02031779
0.001863718
-0.2206274
-0.4974019
0.4208642
1.05797
-0.917069
0.4255772
-0.7326806
-1.83151
-0.492873
0.3904674
-0.4977901
0.1292269
0.5257459
-0.1503479
0.7847517
-1.063573
-0.8466429
0.4903998
0.7904795
-0.5478202
0.3362339
-0.6875321
0.4324811
0.1371658
-0.2989678
0.3245706
0.5909107
-0.597418
-0.7192568
-0.5749577
-0.3546734
-0.2918694
2.004709
-0.09987968
-0.07344818
-0.5061608
-1.23505
0.02449942
2.106018
0.3570785
-0.04993534
-0.7037798
-1.463022
0.3541679
1.476485
-0.6332011
0.2285159
-0.9810975
0.1201303
0.5345418
-0.0270499
-0.4264939
0.6952497
0.1729361
0.865805
-0.8774883
-0.130773
0.8718581
1.530428
0.07051969
0.7708986
-0.2637654
-0.4300395
-0.6626224
-1.235333
-1.028414
0.5351405
-0.1490847
-0.7707925
0.1360176
0.9097385
0.5042256
0.05400634
-0.100806
0.3603058
0.5393102
0.5526638
-0.4173969
0.2282281
0.565939
-1.338127
-0.03518677
0.9150545
0.5457118
0.7837818
-0.6843705
0.16049
0.2994015
0.4612194
-0.1639827
-0.2455426
-0.5013229
-0.218222
-1.255848
0.8083551
1.319083
0.4221676
-0.5075505
-0.6394171
-0.7134661
-0.6859977
2.253799
-0.4788979
-0.548753
-0.3374909
-1.345357
-0.9078816
1.935876
1.461217
0.1362252
-0.2973937
0.09513927
-1.065863
-0.0887585
-0.7984651
0.5029238
0.980617
-0.1923084
0.5560315
-1.14859
-0.6010704
-0.7984769
0.4011224
-0.2339101
0.3976313
0.4318194
0.2267464
0.3559008
-0.04777431
-0.5633861
-0.6739326
-0.43881
0.2436171
1.135212
-0.09795848
-0.6402636
-0.5099061
-1.084793
-0.04397267
0.387099
0.2261008
0.3731227
-0.7488679
0.899367
-0.1829251
-0.1827378
0.9897051
-1.262929
-0.9820815
0.157904
-0.2907557
0.03859746
2.37493
3.880753
0.976784
0.5687109
0.04158747
-0.2418895
0.07798958
0.2939044
0.01005292
-0.02605319
-0.09878343
-0.7368484
0.8376027
-0.0430744
-0.1117671
0.3470414
0.7137128
1.267732
0.2334069
-0.5433984
-0.2678874
-0.8822487
0.3284249
-0.07693862
-0.09321916
0.1884718
1.849685
0.7982671
0.1516514
-0.4931794
-0.5372066
-0.526683
-0.1646459
0.6122352
-0.0173651
-0.2378906
-0.3950596
-0.3990161
-0.5692139
0.06046861
-0.05118018
-0.194536
0.1618822
-0.2318881
-0.2864386
-0.1238768
0.265147
0.5975393
-1.233779
-0.6828573
0.03049278
-1.348232
-0.1753137
-0.6437921
0.2713621
0.2671738
0.8162835
-0.4781349
-0.5418106
1.338266
-0.5214907
-0.2769375
-0.07320833
-0.590691
0.4895675
0.2385247
0.07745576
-0.6167558
0.5612462
0.153713
0.3310552
0.8576949
-0.4198651
-0.1573954
-0.3511227
-0.5296773
0.09036618
-0.8541659
1.380735
-0.3815482
-0.2028205
0.03105938
-1.200193
0.4581583
1.401407
0.8155484
-0.3513103
-0.6918683
-0.5828661
-0.455485
0.594251
1.472599
-0.90805
0.2114913
0.115526
-0.8709944
-0.3791243
-0.7477983
-0.9122558
-0.2425303
0.5585902
-0.541513
-0.6097122
0.3106765
0.4001293
0.686997
0.8514653
-0.1576319
-0.08745098
-0.5599891
-0.7112459
0.4042597
0.5868357
1.195285
0.820735
-0.7624428
-0.01473904
-0.759554
-0.2708603
-1.001256
0.4889389
0.1827208
0.0318583
0.02693725
-0.1342038
0.3294396
0.9319025
0.3337139
-0.175707
-0.7966433
0.1456318
0.5942099
0.8647588
-0.3574933
-0.6479039
-0.532488
0.4495509
-0.04995751
-0.355595
0.1874509
-0.5854596
-0.6590289
-0.3141769
0.3065597
0.3229725
-0.6421949
-0.3047054
0.3250936
-0.5389812
-0.1842031
-0.009361506
0.3709526
0.2856562
-0.8627462
-0.7680919
-0.1498365
-0.09769654
-0.1444842
1.305431
0.4921501
-0.04424047
0.0327253
-1.080088
-0.006237924
-0.3267612
0.1059895
0.7566075
0.2847388
-0.3668079
-0.1091915
0.3551239
0.01756026
1.174683
-0.2049471
0.4374232
-0.5440102
-1.528299
-0.1234699
0.2326143
-0.0004699528
0.4991203
-0.1532679
-0.09935296
1.511638
-0.5771399
0.1923449
-0.8889669
-0.4474704
0.4073889
-0.008372962
0.2069408
0.2643632
-0.2244599
-0.07181042
1.954503
2.841337
0.5476867
-0.4819285
-0.3938647
-0.5989896
0.3842874
0.2057563
-0.3085291
0.3331107
0.2951653
1.340907
-0.780826
0.2675297
-0.269006
-1.392835
-0.2665445
0.1698524
-0.6228101
-0.4873174
0.1847532
0.6272193
0.1997882
0.9102933
-0.57296
0.669104
-0.2678842
-0.1278254
0.3346337
1.566048
-0.3988464
-0.4237389
-0.7118546
1.224041
1.170415
-1.876423
0.6599357
-0.489943
0.7138965
0.460071
-0.08008236
-0.7254156
-0.1205806
-0.7118111
-0.8283865
-0.1041609
0.7902375
0.1296415
-0.417654
-0.5516169
-0.6753736
-0.6228979
0.1509923
0.7392175
1.267147
-0.8977116
0.2656658
-0.6346757
-0.7889079
-1.315987
0.5870439
0.2806623
-0.3367871
-0.4635406
-0.2197309
-0.1888411
-0.3989933
-0.3855365
-0.5893037
1.560034
-0.5111066
-1.087301
-0.02130973
-1.739371
-0.2897024
-0.1997113
-0.02436947
-0.2380107
0.7823136
0.2105674
0.758877
0.228174
-0.7171292
-1.005709
-1.248169
-0.05476663
-0.3632932
0.5242741
0.5652611
-1.068781
0.5653754
0.190643
-0.4477314
-0.2560276
-0.08435035
-0.5724637
0.6582997
1.262966
-0.1505315
-0.6333768
0.519609
-0.3761042
0.7349091
-0.1700243
-0.4201382
-0.57793
-0.8874986
-0.4459143
-0.6868923
0.8908643
-0.4112953
0.4750995
0.4804697
0.7592412
-1.035929
-0.03055859
-0.9080372
0.2427295
0.8056595
-0.2375419
-0.7549849
-0.3242011
-0.3711894
0.3096442
0.1016089
-0.2995887
-0.06067181
-0.7730228
0.2639923
0.9383009
1.040794
0.1335039
-0.6653141
-0.5914631
0.7316573
0.2884865
-0.5886016
-0.4641201
-0.763628
-0.2799766
0.1390394
0.6262366
0.1099945
-0.2579228
0.2806498
-0.4008393
0.05656162
0.3750157
0.8209298
2.130136
0.4828765
0.5461574
-0.09527689
-0.837577
-1.087487
0.4593068
0.7874093
1.006795
-0.490131
-0.2787097
-0.3328004
-1.119806
0.4085808
-0.3618935
-0.2447032
0.2797937
-0.3568273
-0.0328691
0.4738605
-0.4595292
-0.3202831
0.1366252
-0.5152093
-0.3478391
-0.474274
-0.5358955
0.5194285
0.3280151
-0.2524021
-0.4964936
0.07386625
-0.6250293
-1.126967
0.4849212
-0.5779222
-0.5874116
0.2719117
0.2737686
-0.01742804
1.584919
1.22437
0.3820082
0.7294103
-0.488398
-1.794147
-0.4142263
1.324694
-0.9577593
-0.01167583
-1.344769
-0.5284183
0.7396575
-0.187614
-0.3948449
0.06948388
-0.6385863
0.4403794
-0.001178384
0.1024858
-0.5810462
0.1485794
-0.377432
0.0006117821
0.8311172
0.05264556
-0.4439456
-0.415293
-0.3212135
0.01118743
-0.3471237
0.255632
0.6264817
0.7690372
-0.3987916
-0.2882011
0.2780902
-1.168496
0.6422287
-0.6267614
0.2834632
0.7388473
0.9201972
-0.2830358
-0.2186821
-0.1630104
-0.366847
-0.09515822
-0.1952437
0.2150015
-0.5825927
0.4775473
1.566359
0.2406711
-0.5652217
0.001219504
-0.0200882
-0.1144924
0.710006
-1.053186
-0.961975
-0.09447913
1.720291
-0.2459459
-0.3926921
-0.2613784
-0.8136166
-1.650624
0.03844178
0.3462441
-0.1016562
1.01478
0.1596947
-0.8233215
0.0131259
-0.2491556
-1.154513
0.9190795
0.2274126
1.039881
-0.8902392
-0.2861925
-0.6766396
1.315211
-0.318167
0.3288895
-0.4987703
-0.9142574
-0.4969085
0.3321663
-0.4224348
0.1299458
-0.001020908
-0.01099515
0.6083705
0.2800932
-0.575274
-0.5037464
-0.1150594
0.5262606
0.5531076
0.02108359
-0.2600515
0.9477246
-0.1670538
0.8548386
0.1166109
-0.4990109
-1.016672
-0.6754304
-0.1818332
0.5404191
-0.09741545
0.756483
0.4382229
-0.6836152
0.1839559
-0.07610261
-0.970968
-0.966647
-0.1421583
1.813947
0.985867
0.1495001
-0.8042022
-0.4835376
-0.7042996
-0.4512145
-0.5578017
-0.6799024
-0.6250365
0.7363085
-0.2626759
-0.4100516
-0.4590911
-1.169726
-0.8208671
0.1594841
-0.4507549
-0.02703071
0.02430356
-0.5915194
1.559986
-0.5123497
-0.6507055
-0.1781602
-1.053956
-0.6195991
0.7441499
-0.09817512
-0.4456563
0.2000881
-0.5983622
-1.464019
-0.2508113
0.2020729
0.8969078
-0.06928222
0.01747632
-0.1779809
-0.4927791
-0.3855347
0.218775
-0.07161713
-0.7861842
0.4569902
0.1251417
-0.896212
0.7461897
1.85936
-0.1597594
-0.2018056
-0.5865809
-1.2936
1.351926
1.46889
-0.008068547
1.017196
-0.7197723
-1.201994
-0.07218862
-0.7807078
0.4482497
0.8140672
-0.8345585
0.2205894
-1.25366
-0.6599641
-1.288594
0.05957294
1.018574
-0.4306723
0.101217
-0.9805086
0.243162
-0.9027728
0.7875393
-0.1332514
-0.5106747
0.1771129
-0.6894983
-1.607244
-0.1194212
-1.037635
-0.254661
-0.0886488
-0.6604315
-1.180052
-0.1339068
