-1.925699
-1.205424
1.451311
-1.31564
-0.2251199
1.25477
-0.9613762
0.6083732
-0.3657493
-2.524464
0.4111345
2.205757
0.1667075
-0.9150213
2.164338
0.9363123
0.7487692
-2.19697
-0.2958763
3.586192
-0.7590774
-3.511461
-1.175787
0.8112375
0.7503371
1.276202
0.182878
-1.351813
1.422797
2.260998
0.5038908
1.301338
-0.1179808
0.04614905
-2.242296
-1.114575
1.590603
1.429337
-0.9417005
-2.719689
-0.9008887
0.8282973
1.275134
0.299169
-2.634685
-0.4461755
1.623599
1.029708
-1.738802
-1.216698
1.289487
2.853241
-2.936319
-4.500802
0.09995151
2.520794
-0.6523755
0.01887643
1.44911
-1.430644
2.287637
0.03010904
-1.266648
0.2202559
1.408159
1.327495
-1.423007
-2.379
-0.3786355
2.322679
-0.3248143
-0.7962355
-0.2694854
0.6456506
1.162052
-1.870394
-1.850032
-0.002545616
2.91056
-1.573068
0.4215436
2.327932
0.7272791
0.7785318
0.9177013
1.678263
0.8580654
-0.1143625
-3.077209
-0.4854896
1.636081
1.567221
-0.6392736
-3.197724
-1.946048
0.5451767
2.127039
-1.68916
-0.7503593
-1.033499
0.8116505
1.973056
-0.1970859
1.645709
-0.2303563
-0.1709903
1.029449
-3.173019
-0.3089526
1.138338
0.6597546
-0.7470412
-2.589427
-1.804676
1.642903
1.702314
-1.370361
-0.3445379
-3.98293
-1.346466
2.012939
1.459875
-1.117097
0.8967291
-0.07103728
-4.400278
0.7264998
1.904932
0.3566697
-1.748221
-0.3487287
0.02340056
2.774004
1.24149
0.1646955
0.1200448
-0.3399829
0.4764548
1.085012
-0.5245093
-2.734744
-0.3275067
2.80409
0.9906894
0.3674358
0.4147122
-2.11903
-1.305357
2.122315
0.5262903
0.4565655
0.4686994
-2.9082
-1.673187
1.10091
1.429633
-1.675281
-3.276538
-0.3973975
3.020354
0.306615
-0.01923091
-0.6049242
1.217358
1.746751
-0.1697222
-2.126271
0.9342871
1.959699
-1.736334
-1.373251
1.929311
-0.8712512
-0.7934762
1.391796
1.981759
-0.1367243
0.3330384
1.058345
1.229705
-1.386862
-0.4095605
0.1001396
1.316469
0.6125888
2.156201
0.7568024
-0.3465887
-2.249918
0.8620075
2.838113
0.08958151
-0.6497104
-1.802727
-1.196959
3.131169
1.042258
-0.3662286
-2.826513
0.1618331
2.482341
-0.6229041
-1.463076
-0.1397121
2.192296
-0.2184412
0.7147433
0.2041023
-2.317283
0.6054763
1.980032
-2.730084
-1.70657
2.172679
1.804078
-0.5016861
-2.721949
-0.4192298
0.667596
0.4886386
0.9684225
-0.6532058
-0.2623076
0.4061217
1.373259
1.374628
0.458386
-1.452361
1.005005
2.740486
-0.7339785
-1.411382
1.612989
-0.2049179
-0.2833011
0.2981156
0.2879437
0.5036007
0.5242053
0.9112821
0.150436
-1.315488
-1.639156
2.238067
1.064051
-4.253131
0.05478185
2.501329
-0.6073509
-0.4018712
-1.898774
-0.9821865
-0.7046697
-0.06887795
1.057297
0.4989814
-2.095205
-0.4561919
2.050241
0.8881997
0.2538697
-2.780695
-0.3641599
2.667521
1.234169
0.9354854
-2.704399
-2.13622
2.685356
1.26373
-1.158522
-0.64882
1.217924
1.724304
1.969839
-0.8638844
-3.627589
-0.1766134
3.428702
0.4368463
-0.2440325
-1.17752
-1.673139
0.2822433
1.565342
2.327051
0.1040117
0.2674269
1.566671
0.4985737
-1.151818
0.6151477
-2.565725
-1.15684
2.283957
1.634616
-1.303911
-0.3222146
1.514868
1.691383
-1.830955
-1.378835
-1.19443
-2.615411
-0.3241999
2.488142
0.5240191
-4.425832
-0.7289414
1.931089
1.623726
-2.487692
-1.587638
2.215232
1.60478
-0.149227
-1.246909
1.118343
2.616889
0.2475667
-2.188818
-0.3701731
1.712713
-0.2202328
0.6324672
-3.385516
0.3350968
2.038912
-1.020654
-2.861181
-0.7158085
-1.167372
-0.185699
0.8527656
-0.5929437
0.8554479
2.542585
-1.11492
-2.910114
0.129315
3.145748
0.2144116
-0.546852
0.05798116
-0.4811326
-1.685693
-0.2476715
1.046631
-0.1982527
-0.8828372
-0.2794305
1.922167
0.5590875
-1.235517
0.8084279
1.359032
0.511062
-0.982932
-0.6010252
1.935897
-0.92234
-0.7386874
1.6664
2.880785
-5.039835
-0.5416818
1.585683
0.4131112
-0.8645524
-0.7095812
-1.819204
3.146851
2.424898
0.3997576
-1.930473
-0.502091
2.980207
1.473729
0.2301216
-1.785528
-3.159076
1.576565
2.307482
0.07042109
-0.7890432
-0.9575763
-1.116189
0.7918857
2.767501
0.3396484
0.9398546
1.350848
-2.057483
-1.522972
2.363367
1.319455
-4.022903
-1.116384
2.399252
0.5741628
-2.109544
-0.95245
1.446981
0.9818543
-2.217914
-0.7917183
0.4391282
0.9944106
1.212019
-5.203394
-5.51039
-1.842229
1.001023
-0.8444595
0.293406
1.169984
1.11756
1.621232
0.3404255
-2.60351
-0.5215834
2.506296
1.961213
-1.123456
-2.083054
-0.5851288
1.430304
0.4393595
-1.271138
-0.5983394
1.727897
-0.4110768
-1.097749
1.441553
2.032007
-0.75842
-0.4327922
-3.669358
-1.031762
4.023921
0.1523837
-0.5610995
-1.012607
0.1432754
0.8398428
1.930207
1.08578
0.943542
-2.597285
-1.355189
3.115914
2.57061
-2.733006
-0.7094438
2.778337
2.025323
-0.06961024
-2.230874
-0.594763
2.39548
1.535213
0.2339655
1.096371
1.137394
-0.9823425
-1.479387
1.456347
2.533612
-0.2772033
0.5344748
0.8965048
1.727051
-1.796672
-0.7033857
3.581163
0.7680175
-0.2156922
-1.950509
-0.1442484
0.314594
1.706058
-0.9015019
1.133919
0.3827639
-0.7365569
-1.053182
-1.046377
0.8636158
1.735314
0.1192667
0.5330023
1.178499
0.8474374
-3.487249
-0.9110545
2.394115
-4.704725
-0.3625903
1.340634
-0.9997336
-2.18402
-2.156774
-1.668934
0.2218295
1.210463
-1.814888
-0.5443225
1.519788
1.170103
-1.419358
-2.934724
-0.2927045
2.051184
0.8392247
-0.6096276
1.524862
2.245756
-1.5243
-1.536024
-0.5720795
2.16319
0.05974134
-0.2622851
-1.406363
-0.3671046
2.64884
0.738825
0.506152
0.7455951
0.1602141
-3.120153
-1.993553
-0.5505721
2.360806
0.04450033
0.7372103
-0.5162328
-0.2589026
1.267831
1.4488
-0.6065152
1.049165
2.215429
-0.6612859
-2.312652
1.344681
0.7910371
0.02537987
1.273656
1.295114
-0.3835809
-3.095226
-0.9767405
3.570478
-0.1620406
-1.849503
0.1418063
-3.439794
-0.8670207
2.453783
0.8781447
-1.45524
-4.080367
-0.2907285
3.381076
0.261154
-2.192498
-2.510001
2.062516
2.326191
0.03861118
0.6390086
-1.756897
-0.6186985
1.659484
0.5353844
1.288374
-3.190537
-0.6016001
1.976495
-0.2361715
-0.198123
-0.9429614
1.016
0.9629279
1.327313
-1.934467
-0.9264951
1.639968
-0.8548964
-2.032079
0.05637203
1.83036
1.415523
-0.5258716
-0.3779481
0.2902538
2.541922
1.445775
-0.5977277
-0.3311966
1.986098
1.927658
-5.795137
-1.706304
1.541213
0.1404617
0.1745587
-0.5300495
0.1351668
0.122356
-2.20216
-1.879801
0.8795028
1.964186
-1.170769
0.1081585
-0.11474
-2.502128
-2.497114
0.2936849
3.0494
-0.3105623
-0.7466818
-2.235863
-2.061665
1.629706
2.126953
0.2989035
-0.1636955
1.598677
-0.8266572
1.540854
2.278156
0.9254498
-1.034036
0.5912632
1.72342
0.5440032
-1.13904
-2.743706
-1.049091
3.554952
1.16623
-0.8515027
-1.407459
0.6815068
2.906869
0.1965831
-6.305744
0.5374513
2.097548
0.666729
-4.326634
-0.9735015
2.051978
0.3605188
-1.912499
0.4516221
1.596779
0.1989752
-3.663511
-0.6845184
2.794824
-0.1062188
-0.5802079
-1.910659
0.7846302
2.378408
-0.5516254
0.4874275
-1.291239
0.9019326
3.445017
0.6956221
-1.16623
-1.482108
-1.140522
2.778263
1.826149
0.1967611
-0.1565439
1.024741
1.058816
-0.6677429
1.258541
2.258994
-0.1410642
-0.8241001
0.3671367
1.10325
0.3182707
1.36226
-0.1030169
-0.7431973
1.444025
1.910861
-1.779008
-0.5528666
-1.218993
-1.18392
1.369503
2.345191
-1.159009
-0.156418
2.059727
-1.14114
-2.485052
-1.53714
-1.193577
0.2744961
1.217264
-0.1669605
-0.03653448
1.550987
-3.452275
-1.346689
2.478688
0.5440012
-2.754875
0.5011951
-0.9522204
-0.7344627
1.526958
0.7236673
1.188306
0.9843198
1.093929
0.3758883
0.4224652
0.7742519
0.5214522
0.7461077
1.359816
-2.024199
-2.937749
-0.6836206
1.518302
-0.1320762
-2.211145
0.4598545
0.3897016
-0.2655633
-2.078359
0.2114848
1.18099
-0.996501
-2.002826
1.436655
2.231873
-4.183525
-2.599163
1.588043
1.112025
-0.09221304
-0.1812449
0.8055035
-2.278513
-3.40487
0.7550905
2.130055
-0.2701975
-1.528993
0.06700311
1.386725
1.512795
0.6626674
-3.531123
-0.3885656
3.077379
0.5692929
-1.439837
0.7620198
-2.560676
-4.319709
-0.09852234
1.461082
-0.7244081
-0.7280585
-2.260847
-0.5711069
2.051965
0.4330751
-0.3765566
-0.02208273
-2.183363
-0.4403197
2.423479
0.9134072
0.2156537
1.862245
1.082428
-1.198411
0.3246204
1.524151
0.2648051
-4.003393
0.1072955
2.764685
0.5779634
0.750949
0.2596826
0.56738
-0.2729627
1.3427
0.5128914
1.829148
0.2559031
-2.265253
-1.564777
0.8886188
1.982754
-1.829816
0.7323275
1.409623
-1.281341
-2.056984
-1.801042
-0.001500912
1.281434
-0.7914357
-0.05387234
0.8721854
0.01203676
-1.419487
-0.818325
-0.8809568
-0.5961361
-2.4621
0.5481915
0.9907184
1.052474
0.4827219
-2.173413
0.8717352
2.53538
-0.1164692
-1.740302
-1.291947
2.381116
1.019631
0.9259519
0.4258028
-0.7892873
-0.8473208
-0.06237368
2.524685
0.9454743
-1.915894
0.7133573
1.151468
1.37327
0.1627706
-0.05496464
0.6718962
-0.04585314
-0.5336001
-4.119306
-1.471121
0.9676351
0.9732931
-1.558797
-4.371123
0.2255875
1.771882
-0.865271
-0.6980435
-0.02367315
0.3335609
2.010438
-3.712821
-1.141248
1.385837
0.6874949
-0.5412731
-1.861806
1.008759
0.974026
1.299469
-2.716511
-1.891008
2.356932
2.183629
-2.132106
-0.9251505
-0.1476804
0.1716397
1.736785
0.5438756
-4.130247
-1.057907
3.683005
0.08215949
-1.077096
1.516083
1.121048
0.4490813
2.713392
1.064467
-2.659303
0.1968824
3.360428
0.9384654
-0.9530796
0.2419865
0.7992054
2.32089
-0.01035427
-0.3366254
1.445821
0.03202881
-0.8368032
-0.2068979
-0.8963429
-0.9599414
-0.9010351
0.1660518
0.06316547
-0.540906
-0.2308286
0.957301
-3.863477
-1.310222
2.634394
-0.1658415
-1.619038
-0.2653739
-0.6709367
2.022379
-3.375119
-0.944874
1.2883
1.337515
-0.3565799
-1.906423
-2.756196
0.4073033
2.775626
-0.4184134
-2.442768
-4.401697
-0.1729858
3.005738
0.5765373
-0.3515535
1.760088
2.706943
0.8269516
1.254838
0.7393473
-1.280672
-1.230527
2.150942
1.077975
0.3944803
-0.9937982
-0.0799688
2.350481
0.958333
1.990414
-0.5201408
-0.9911278
-0.06635173
1.466056
-1.271727
0.2481097
-2.35835
-2.316015
0.6319451
0.4352956
-1.031055
-1.79418
0.5190845
-0.7153138
0.5911716
1.140154
-0.2718775
0.6983835
2.63867
2.756299
-0.9142935
-0.5143923
0.5422132
-2.317617
-0.5917121
2.201096
0.3775909
-1.604172
-1.094094
-0.1765581
2.214602
0.9576675
-2.326224
-0.9511226
2.024625
0.9480316
-2.564197
-2.104196
2.100837
0.6322819
