53.62371
49.62881
49.62883
49.61314
49.67853
49.66082
49.62011
49.56627
49.59115
49.62272
49.5587
49.52161
49.56365
49.58669
49.55554
49.54765
49.5957
49.55947
49.51707
49.58318
49.55772
49.53243
49.56943
49.55961
49.51902
49.53851
49.56693
49.52683
49.48207
49.46986
49.48623
49.53127
49.49304
49.49166
49.4681
49.54055
49.54708
49.52112
49.52139
49.54552
49.60604
49.61362
49.6039
49.67258
49.69503
49.73973
49.68446
49.72941
49.74165
49.69939
49.72415
49.71748
49.72457
49.6462
49.72691
49.71863
49.66879
49.62487
49.62049
49.61487
49.61319
49.60266
49.59439
49.59872
49.64645
49.62744
49.6022
49.5962
49.67515
49.62565
49.61876
49.59647
49.599
49.54644
49.55824
49.58035
49.54195
49.52969
49.44193
49.44696
49.46851
49.5105
49.47931
49.42548
49.41796
49.46569
49.49785
49.4659
49.43351
49.49743
49.43066
49.48578
49.46741
49.50208
49.58359
49.55304
49.56514
49.5862
49.61855
49.61169
49.59755
49.6068
49.63768
49.6688
49.66808
49.58586
49.63818
49.65521
49.6009
49.62681
49.63839
49.6321
49.60941
49.61286
49.50963
49.51676
49.51804
49.51746
49.49506
49.42388
49.44997
49.422
49.36078
49.41997
49.45723
49.45911
49.41995
49.47731
49.40227
49.41395
49.48147
49.49832
49.50055
49.52737
49.51519
49.56063
49.50182
49.60801
49.5735
49.60093
49.52946
49.54839
49.58759
49.5993
49.58317
49.59316
49.59841
49.58697
49.66027
49.62737
49.55886
49.55626
49.56032
49.60004
49.62236
49.58704
49.56308
49.57178
49.58899
49.55109
49.52669
49.55486
49.57639
49.60034
49.60258
49.63653
49.62523
49.66271
49.65881
49.68515
49.67697
49.69561
49.71859
49.74786
49.76882
49.79449
49.75833
49.7783
49.77074
49.75329
49.79935
49.76553
49.79728
49.84003
49.8422
49.83144
49.9272
49.87072
49.92566
49.89178
49.8852
49.90059
49.90033
49.85127
49.91874
49.87877
49.88939
49.90068
49.84266
49.86318
49.83078
49.85736
49.84814
49.79671
49.80169
49.7993
49.76623
49.78091
49.82243
49.77188
49.78304
49.80064
49.86771
49.80757
49.80944
49.83946
49.83819
49.8187
49.87402
49.86444
49.84298
49.80736
49.81071
49.78149
49.77293
49.81866
49.8392
49.78092
49.81628
49.7984
49.83495
49.85389
49.84161
49.82848
49.79177
49.77847
49.79476
49.79644
49.8275
49.83652
49.82258
49.79314
49.80429
49.78604
49.75217
49.74325
49.82017
49.77003
49.77438
49.79551
49.77413
49.73373
49.71343
49.72188
49.69219
49.69189
49.74132
49.75385
49.72928
49.74066
49.72935
49.6869
49.76491
49.75922
49.7317
49.74106
49.77188
49.83452
49.8532
49.86569
49.8849
49.85447
49.85614
49.86445
49.8667
49.82562
49.82661
49.81978
49.8747
49.89014
49.945
49.86137
49.88448
49.86957
49.88478
49.92051
49.98111
49.94876
49.96635
49.95586
49.91054
49.94809
49.99767
50.01534
49.97936
49.996
50.06881
50.02973
49.98901
49.997
49.95654
49.98687
49.93872
49.99467
50.02731
50.0244
49.98073
49.96543
50.0043
50.05872
50.01386
49.98061
50.06294
50.02437
50.01762
50.03826
50.02234
50.01979
50.08155
50.07902
50.0657
50.09925
50.14766
50.10809
50.11834
50.1162
50.10655
50.15033
50.15596
50.08826
50.11599
50.12847
50.1204
50.12675
50.11855
50.07637
50.1107
50.13539
50.09602
50.15458
50.16829
50.2036
50.14307
50.13586
50.12567
50.18252
50.11248
50.06833
50.06527
50.09062
50.02909
50.00271
49.98811
49.98784
49.99467
49.95866
49.91507
49.91529
49.92777
49.92979
49.87144
49.91123
49.88497
49.90182
49.95208
49.98676
49.95663
49.90828
49.95115
49.89
49.85808
49.87323
49.88592
49.83511
49.88976
49.84435
49.87294
49.85516
49.85091
49.8164
49.85939
49.88118
49.82067
49.83146
49.86591
49.86461
49.87364
49.9033
49.91172
49.87285
49.83242
49.81883
49.83195
49.85041
49.8946
49.90485
49.88279
49.93775
49.96584
49.96423
49.95258
50.00662
50.02332
50.05175
50.0497
50.05711
50.06563
50.09389
50.09333
50.15134
50.11403
50.04481
50.01276
49.94443
49.94063
49.84913
49.83436
49.82992
49.84654
49.85345
49.83887
49.76421
49.74212
49.71355
49.78118
49.79446
49.77296
49.73324
49.65333
49.65524
49.63733
49.59257
49.61944
49.59641
49.59398
49.56504
49.64279
49.65483
49.61891
49.63764
49.61612
49.59941
49.64011
49.61131
49.64397
49.6715
49.70277
49.70807
49.73148
49.76882
49.72176
49.78191
49.80569
49.85162
49.81372
49.82008
49.87479
49.87416
49.84898
49.81806
49.81598
49.84431
49.89633
49.8915
49.90147
49.89708
49.94444
50.00077
49.99255
50.02831
50.07034
49.99432
50.05742
50.0934
50.11404
50.06126
50.14755
50.18435
50.20865
50.19367
50.15078
50.17558
50.15438
50.15084
50.1129
50.09942
50.16753
50.1816
50.15512
50.15506
50.17704
50.19069
50.16188
50.14693
50.16601
50.15414
50.09396
50.0777
49.98652
49.96662
50.00053
50.02375
49.94572
49.9062
49.93999
49.99323
50.04876
49.96301
49.97392
50.02382
50.03025
50.01413
50.00552
50.05281
50.04179
50.03373
50.06514
50.04735
50.0713
50.09315
50.08168
50.06757
50.14352
50.16488
50.16116
50.18482
50.20397
50.16209
50.21804
50.22524
50.28036
50.21022
50.22176
50.13774
50.07206
50.10588
50.11296
50.082
50.09326
50.04256
50.00854
50.06589
50.07101
50.02927
49.94423
50.01474
50.06304
50.06491
50.02637
50.04375
50.07034
49.9669
50.0106
50.03821
50.01758
50.00389
49.95141
49.99698
49.90079
49.86691
49.88745
49.88774
49.91763
49.94246
49.91575
49.88639
49.95102
49.93617
49.87748
49.89796
49.95268
49.91085
49.91431
49.90052
49.87331
49.93396
49.91683
49.90855
49.97033
49.97012
49.94738
49.95193
49.94794
49.9663
50.03934
49.9689
49.95006
49.97321
50.02013
49.97189
49.94445
50.02597
50.0459
50.05539
50.01655
50.05997
50.11982
50.10672
50.14199
50.08055
50.14342
50.12123
50.17477
50.1615
50.10798
50.01836
49.96609
49.93528
49.95662
49.92951
49.98618
49.91787
49.94511
49.94847
49.96072
49.93568
49.93999
49.99165
50.02988
50.02937
50.03005
50.00756
49.97729
49.98648
49.9665
49.98346
49.96783
49.94611
49.97444
49.97356
49.98606
49.95671
49.9516
49.99432
49.95547
49.93686
49.938
49.87758
49.85849
49.90427
49.88267
49.8637
49.84373
49.91066
49.94744
49.9524
49.98022
50.01648
50.07347
50.04051
49.94844
49.90714
49.94484
49.94952
49.91472
49.89621
49.83253
49.84834
49.83015
49.79593
49.81367
49.80472
49.78881
49.86654
49.84686
49.84772
49.82358
49.8937
49.85319
49.83326
49.74423
49.76876
49.78477
49.78535
49.84682
49.78828
49.79403
49.7793
49.80722
49.81646
49.80195
49.78768
49.83665
49.84121
49.81541
49.83266
49.87429
49.85478
49.83967
49.79229
49.83075
49.88189
49.85632
49.84346
49.92437
49.95998
49.96345
49.97645
49.91746
49.94588
49.97486
49.97477
49.8975
49.90239
49.89523
49.87872
49.8178
49.89319
49.91309
49.95769
49.98363
49.99048
50.00363
50.05897
50.06637
50.13518
50.10175
50.15067
50.18109
50.16642
50.19024
50.18441
50.18791
50.13974
50.21176
50.2025
50.25135
50.29728
50.29936
50.29425
50.26904
50.25171
50.23344
50.27598
50.27914
50.25039
50.23962
50.19294
50.23009
50.26622
50.1964
50.2135
50.20524
50.23493
50.23317
50.1969
50.19944
50.24481
50.26406
50.22033
50.16829
50.19707
50.24524
50.1935
50.11078
50.10706
50.1017
50.04328
50.01214
50.00244
50.03284
49.94099
49.93386
49.9801
49.97287
49.92719
49.89355
49.8446
49.79277
49.83742
49.8248
49.80025
49.86608
49.87445
49.85544
49.89504
49.92163
49.9115
49.95463
49.95971
49.93731
49.89632
49.93105
49.9745
49.98526
49.92887
49.95435
49.97807
49.97346
49.97364
49.97515
49.97314
50.00257
50.03267
49.99972
49.94194
49.90085
49.93306
49.94065
49.83997
49.88521
49.86153
49.85267
49.86371
49.85765
49.86696
49.89534
49.86229
49.85867
49.80608
49.86268
49.89959
49.88596
49.93177
49.97142
50.01448
49.9995
50.01869
50.01015
49.98758
49.9564
50.02482
50.02909
49.97824
50.00895
50.00973
50.03658
50.03449
50.03636
50.0343
50.0327
50.06152
50.03317
50.04078
50.08286
50.10542
50.15046
50.14404
50.09505
50.05455
50.14042
50.15652
50.12236
50.09304
50.15001
50.09503
50.16299
50.05326
50.03455
50.01368
50.05029
50.0337
50.05071
49.99013
50.03989
49.94287
49.90455
49.8351
49.89893
49.82709
49.79392
49.78669
49.75377
49.72983
49.7336
49.77209
49.74418
49.76084
49.75696
49.82917
49.79949
49.82117
49.83099
49.8385
49.81534
49.84387
49.90357
49.92926
49.87727
49.90383
49.93694
49.91652
49.94434
49.94576
49.93143
49.92597
49.96062
49.98411
49.99688
50.00139
50.00666
49.99683
49.99467
49.98453
50.01641
49.98716
49.95653
49.91067
49.8691
49.8671
49.87955
49.81906
49.89321
49.87517
49.825
49.84949
49.91131
49.8573
49.86842
49.85892
49.93631
49.91698
49.87931
49.88054
49.97549
49.91798
49.92027
49.88583
49.97747
49.91314
49.8497
49.79889
49.89132
49.88454
49.85064
49.85335
49.81908
49.88449
49.87327
49.81792
49.82421
49.80465
49.82639
49.69218
49.64288
49.62037
49.65546
49.58102
49.67149
49.73492
49.67029
49.65821
49.66442
49.69641
49.69311
49.69137
49.69424
49.6142
49.69996
49.74754
49.7164
49.72314
49.79438
49.80441
49.83827
49.81094
49.80514
49.80902
49.87938
49.81594
49.86575
49.88488
49.83851
49.78622
49.83581
49.82965
49.82821
49.84177
49.69335
49.68057
49.71375
49.75352
49.74736
49.778
49.76792
49.77325
49.85894
49.85455
49.81887
49.83134
49.81018
49.80533
49.78596
49.85428
49.80088
49.80286
49.74839
49.75093
49.70064
49.72959
49.69494
49.65874
49.60652
49.63905
49.62885
49.60239
49.65767
49.66377
49.59211
49.62683
