54.95899
55.96834
58.45444
56.21052
56.90284
58.00935
55.77806
57.16169
56.80739
55.3339
57.90883
58.96185
56.77633
56.06475
58.65545
57.65616
57.16555
56.01862
57.07492
60.2007
56.44083
54.11951
56.01713
57.81047
57.63056
57.68489
57.01677
55.88854
58.19757
58.90342
57.12024
57.86609
56.99245
56.88499
55.80203
56.71902
58.2822
57.98529
55.94515
54.7932
56.71405
57.79271
57.91237
56.88692
55.35706
56.94785
58.36942
57.62295
55.44843
55.68974
58.16829
59.30868
54.79097
53.51262
57.11206
59.41494
56.25157
56.69866
57.88149
55.62569
58.70332
57.20706
55.85707
57.371
58.27976
57.95786
55.67404
55.38464
56.77864
59.13316
56.16035
56.06004
56.86512
57.51033
57.74646
55.50626
55.78702
57.08806
59.14963
55.78053
57.0949
58.83149
57.32088
57.41404
57.70438
58.21822
57.59291
56.87311
54.93731
56.9572
58.61512
58.29095
56.20527
54.94251
55.93815
57.5861
58.80292
55.31802
56.22705
56.16175
57.82083
58.60649
56.53935
58.088
56.87328
56.95319
58.00574
55.30644
57.04241
58.36584
57.49575
56.14859
54.87822
55.74445
58.68354
58.55918
55.56924
56.62196
54.48113
56.33621
58.77401
58.07299
55.59324
57.30029
56.83978
53.94886
58.3324
58.74309
56.94991
55.30677
56.54684
57.22609
59.23726
57.6926
56.78984
56.91252
57.07327
57.43779
57.75827
56.62472
55.12289
57.11038
59.41593
57.30269
56.7073
57.29918
55.40588
56.11861
58.82828
57.6836
57.10996
57.09621
54.92989
55.76901
57.83753
58.08577
55.35706
54.61782
57.2051
59.48438
56.99825
56.57173
56.45251
58.16418
58.60545
56.5615
55.52551
58.2201
58.54939
55.89272
55.81104
58.70913
56.40961
56.25966
58.19335
58.52325
56.66369
57.12716
57.88883
58.16441
56.33125
56.77868
57.49835
58.21046
57.5369
58.73883
57.65484
56.44094
56.09154
58.29918
59.48284
56.83137
56.23072
56.15697
56.5745
60.13025
57.75436
56.52005
55.49709
57.26854
59.68711
56.58197
56.06049
57.10533
59.01282
56.95908
57.66845
57.59184
55.51157
58.27455
58.7762
55.39483
56.49583
59.10192
58.58935
56.01511
55.21066
56.99088
58.13263
57.69407
58.01572
56.73648
57.10896
57.47544
58.12387
58.20418
57.2121
56.05072
58.23103
59.6229
56.62568
56.01593
58.70963
57.10588
56.85342
57.5028
57.29721
57.45737
57.56121
58.05066
57.41331
56.47888
56.49927
59.27724
58.18509
54.11879
57.73072
59.3568
57.27861
56.78219
55.41477
56.56724
57.16589
57.39316
58.17831
57.37928
55.9739
57.22612
59.06443
57.94179
57.21785
55.47959
57.34509
59.69758
58.21812
57.48235
55.2832
56.00684
59.86462
58.07401
56.06277
56.68409
58.39293
58.74078
58.86612
56.33662
54.98363
57.99196
60.30579
57.22379
56.42581
56.35381
56.68617
57.95776
58.56476
59.00719
56.84574
57.59472
58.61852
57.78164
56.7125
57.98048
56.24927
56.7164
59.37655
58.56812
56.22968
57.10376
58.97004
58.60708
55.81305
56.41747
56.47288
56.11892
57.63142
59.245
57.323
53.7916
57.05954
58.87074
58.39638
55.22501
55.97376
59.26412
58.41743
56.98239
56.56475
58.61351
59.58048
57.06281
55.90321
57.082
58.8425
57.1246
57.66515
55.41002
57.96963
59.06102
56.02182
54.74215
56.73659
56.97083
57.179
57.77982
56.47895
58.0029
59.19981
56.09508
55.05908
57.7579
59.98885
57.25826
56.7203
57.18461
57.05654
56.44648
57.34518
58.30468
57.11449
56.65651
57.46405
58.93068
57.43326
56.44043
58.11292
58.20911
57.35743
56.44665
56.83757
59.10673
56.8014
56.61953
58.69271
59.3373
53.38264
57.0051
58.77159
57.43427
55.72445
56.52959
55.7778
60.18106
59.36178
57.21818
56.18707
57.05728
60.16019
58.51642
57.26686
56.23346
55.34148
59.10114
59.47895
57.11998
56.01782
56.7788
56.60877
58.57067
59.63941
57.48021
57.88305
58.33759
56.47984
56.31011
59.57544
58.76499
54.64195
56.95964
59.40928
57.53946
55.27058
56.8668
58.62394
58.33265
55.79372
56.46466
58.04886
58.58339
57.95224
53.28282
52.80714
55.84967
58.03118
55.92417
56.98421
57.48994
58.03432
58.30212
57.72098
55.3796
57.28415
59.71147
58.39606
56.19839
56.04248
57.30281
58.27503
56.88739
56.03823
56.72957
58.76222
56.74367
56.74599
58.44228
58.90116
56.11049
56.44497
54.79457
56.71865
60.44223
56.74143
56.1907
56.33119
57.70095
58.06592
58.69099
57.88544
57.80835
55.45219
56.49897
60.12752
59.26974
55.09796
56.60082
59.66914
58.92792
56.72614
55.85123
57.51572
59.62524
58.64871
57.31355
58.06395
58.35506
56.97364
56.5556
59.13897
59.52979
56.95135
57.86313
58.0531
58.80815
56.25446
57.33605
60.51514
57.93746
57.18589
56.16685
57.72886
57.98816
59.01286
56.44456
58.42664
57.8692
56.94991
56.93586
57.50096
58.23245
58.59559
57.56039
57.79635
58.70486
57.96646
55.01245
56.75441
59.5363
54.66322
57.55074
58.60423
56.42792
55.23616
55.94295
56.48833
57.56091
58.51045
56.09626
56.81588
58.63512
58.39584
56.06796
55.45192
57.62282
59.33127
57.94459
56.30364
58.43156
59.01002
56.34174
56.5803
57.30534
59.29154
57.43314
56.59645
56.29356
57.34098
59.88235
57.72082
57.27715
57.72503
57.55928
55.54725
56.56681
57.33896
59.23939
56.89201
57.7428
56.7392
57.05141
58.68402
58.6658
56.75339
58.2873
59.38068
56.92744
55.63669
58.90268
58.12249
57.33815
58.27665
58.48621
56.75905
55.50192
57.06608
60.71865
57.34278
55.71002
57.40144
55.43348
57.25148
59.72018
57.79958
56.06736
54.51324
57.52591
60.85273
57.38934
55.39042
55.81766
59.36055
59.25431
56.97055
57.67952
56.49689
57.51368
59.03955
58.09514
58.38594
55.50319
57.29273
59.15142
57.18122
57.25854
56.88199
58.37158
58.12205
58.44406
56.04363
57.09185
59.05502
56.78738
56.02609
57.5383
59.064
58.26698
56.90405
57.11659
57.78674
59.54489
58.35045
56.69775
57.01845
59.32568
59.05202
52.9283
56.09024
58.62118
57.37962
57.21374
56.75237
57.39753
57.27534
56.25313
56.09462
58.13114
59.02159
56.15033
57.18598
57.51044
55.83685
56.0246
57.94819
60.15765
56.70456
56.27349
56.15514
55.77312
59.00481
59.22536
56.89498
56.78152
58.44139
56.40141
58.67163
59.2784
57.82106
56.72531
58.04366
59.08365
57.64144
56.77589
55.7294
56.83107
60.6591
58.32028
56.37125
56.69001
58.33072
60.06433
57.13363
55.11448
58.70253
59.27518
57.79509
54.76486
57.03983
59.4637
58.09853
55.52865
57.80653
58.91566
57.66906
55.06214
57.44007
60.14637
57.23195
56.73133
56.32729
58.27122
59.37672
56.97419
57.69633
56.87285
58.49253
60.46836
57.60332
56.24881
56.95203
57.17195
59.90514
58.66173
57.48059
57.27464
58.2414
58.49266
57.60897
58.62173
59.31782
57.2641
56.82932
57.83258
58.58072
58.21119
58.62595
57.53128
57.20583
58.92344
59.27707
56.51508
57.18784
57.39602
57.04665
58.8596
59.59726
56.67073
57.29546
59.50994
57.10905
55.92323
56.97025
57.00665
58.25263
59.00261
57.0439
57.25772
58.72409
55.34309
57.43607
59.91658
57.7847
55.64111
58.21138
57.12914
57.00772
59.08544
57.91255
58.12599
58.46683
58.56365
57.87063
58.06039
58.39852
58.15176
58.12328
58.75496
56.80441
55.63853
57.45647
58.73417
57.41538
55.98581
58.16066
57.93514
57.59097
56.09633
57.74734
58.3472
56.35886
55.76694
59.10703
59.5211
54.56792
55.15422
58.6369
58.11878
57.07453
57.13218
57.98779
55.66861
55.1979
58.54015
59.23894
57.0766
56.19738
57.35342
58.56167
58.86287
57.66101
54.97723
57.67099
60.53018
57.72076
55.97068
57.94741
55.65298
54.81113
58.6762
59.13587
56.71294
56.37518
55.81561
57.11662
59.27158
57.6246
56.74498
57.1466
56.02308
57.36425
59.68585
57.98366
56.98962
58.68743
58.39976
56.51992
57.5246
58.29017
57.42076
54.50973
57.82833
60.06076
57.47741
57.4601
57.77497
57.48354
57.19911
58.75502
57.78666
58.89819
57.61578
56.06797
56.5937
58.64706
59.2011
55.59295
58.17047
58.80034
56.60844
56.3091
56.2889
57.67307
58.46518
56.66899
57.2897
58.06089
57.60125
56.44769
56.93192
57.27386
57.00383
56.06086
57.86475
57.96339
57.78919
57.42109
56.14328
58.17529
59.46856
56.89125
55.9468
56.64851
59.74767
57.90142
57.75978
57.65825
56.6884
56.88493
57.20311
59.50788
57.82857
55.74861
58.06578
58.20221
58.53904
57.48445
57.33467
58.1306
57.58995
57.17021
54.97817
57.04522
58.24179
58.08864
55.72443
54.61614
58.3056
59.34111
56.51366
56.42995
57.26498
57.80654
58.96702
54.88867
56.86237
58.33913
57.62742
56.57819
56.21913
58.21864
58.28434
58.37757
55.94318
56.00599
59.54766
59.40011
55.47449
56.54599
57.55904
57.88086
58.9291
57.60654
54.90364
56.90489
60.63333
57.18849
56.21326
58.51926
58.1936
57.6214
59.56198
58.25589
56.14077
57.93198
60.08189
58.02551
56.60886
57.66315
57.87508
59.41015
57.47587
57.13917
58.59706
58.05747
56.97898
57.06305
56.76729
56.44342
56.65935
57.60872
57.34288
57.20272
57.26383
58.20562
55.18219
56.79438
59.81214
57.3051
55.88869
56.67097
56.95237
59.34301
55.20755
56.80264
58.6818
58.47583
56.92383
56.04318
55.74598
58.32005
60.23719
56.58972
55.20871
54.39587
57.9063
59.88799
57.54866
56.76373
58.58948
59.85352
58.15345
58.32017
58.02287
57.03339
56.89808
59.57864
58.15668
57.61508
56.98265
57.6459
59.66655
58.17477
59.27097
56.87114
56.87925
57.46424
58.91246
56.75197
57.92283
55.53682
55.2796
58.22087
57.55201
56.13754
56.28099
58.14905
57.05416
57.93502
58.31574
56.83162
58.1436
59.91935
59.71743
56.82286
57.15096
58.06951
56.40063
57.7307
59.66519
57.63138
55.71024
56.55338
57.56073
59.53522
58.30642
56.27301
57.23163
59.57483
58.43893
55.58556
56.27554
59.73694
58.06632
