54.78514
49.63512
49.63514
49.61893
49.6032
49.60093
49.61628
49.57686
49.54168
49.55555
49.5555
49.60291
49.58078
49.54119
49.60463
49.58476
49.58338
49.58141
49.63221
49.65574
49.65473
49.70278
49.71358
49.68739
49.65429
49.62635
49.5573
49.6405
49.56755
49.55845
49.58598
49.56691
49.55732
49.58585
49.54669
49.5255
49.58033
49.48506
49.4829
49.52396
49.49872
49.51371
49.57912
49.50527
49.50476
49.46296
49.50616
49.53358
49.5094
49.52814
49.53527
49.5186
49.52073
49.57396
49.60234
49.56047
49.60346
49.67162
49.66321
49.65093
49.65878
49.66808
49.68963
49.7436
49.7108
49.68345
49.71849
49.71956
49.67563
49.66066
49.64803
49.62978
49.65703
49.68844
49.72399
49.68808
49.73942
49.74783
49.71635
49.69678
49.74926
49.74966
49.73495
49.71718
49.65141
49.7307
49.71078
49.68434
49.63162
49.66923
49.61248
49.62252
49.59512
49.5945
49.57219
49.58804
49.5877
49.57933
49.56739
49.54946
49.54811
49.55478
49.52909
49.51183
49.53484
49.54407
49.5583
49.46849
49.44722
49.47359
49.51142
49.44779
49.41639
49.47011
49.45351
49.4126
49.42772
49.47123
49.47982
49.52652
49.54525
49.541
49.53831
49.56023
49.62273
49.62906
49.59488
49.60247
49.56251
49.64534
49.61677
49.61824
49.52053
49.50812
49.56932
49.56096
49.49583
49.52608
49.44563
49.47422
49.42303
49.40864
49.41357
49.48159
49.43087
49.43827
49.44272
49.4628
49.53654
49.48628
49.46962
49.42452
49.48705
49.44818
49.42007
49.42512
49.44986
49.50207
49.4848
49.50136
49.51379
49.56561
49.52901
49.55386
49.59275
49.56327
49.55969
49.60228
49.62602
49.59009
49.56351
49.5852
49.57904
49.6039
49.57864
49.57723
49.59111
49.63404
49.66902
49.69145
49.71075
49.71696
49.64251
49.65335
49.6585
49.64694
49.64674
49.65875
49.66288
49.66329
49.65791
49.72715
49.72905
49.72993
49.76247
49.77495
49.82745
49.85109
49.88868
49.81513
49.84433
49.83703
49.86019
49.8469
49.80019
49.77398
49.7988
49.81989
49.81781
49.77797
49.8061
49.80005
49.77273
49.88086
49.79903
49.7959
49.84242
49.86569
49.82443
49.82397
49.84212
49.84197
49.84716
49.93507
49.92046
49.87736
49.89521
49.9274
49.89826
49.87729
49.87461
49.88053
49.8508
49.82778
49.87205
49.80366
49.78595
49.76857
49.77742
49.70483
49.74433
49.69786
49.72997
49.74863
49.75176
49.70604
49.77246
49.7402
49.73734
49.71527
49.75947
49.8072
49.74481
49.77823
49.7629
49.73575
49.80526
49.80944
49.8223
49.82262
49.79586
49.74975
49.78355
49.81137
49.80407
49.75922
49.79269
49.83418
49.77971
49.77157
49.83651
49.86738
49.8343
49.92589
49.93734
49.91475
49.95337
49.95126
49.9873
49.89374
49.94419
50.01616
50.01766
50.00087
50.01488
50.0482
50.0171
49.99956
50.01035
50.01395
49.99454
50.01385
50.06977
50.04725
50.03419
50.12656
50.09049
50.07767
50.00717
50.06835
50.05363
50.04543
50.06231
50.05564
50.0487
50.04438
50.04347
50.03222
50.01754
50.02462
50.03299
50.02248
50.00357
50.04221
50.07159
50.09299
50.06672
50.10129
50.16497
50.18167
50.22441
50.15267
50.13829
50.12911
50.11442
50.13626
50.06609
50.02913
50.03382
50.01966
50.0047
49.97063
49.91859
49.89569
49.94006
49.91729
49.92047
49.89018
49.87005
49.90281
49.88846
49.89562
49.94982
49.9103
49.93004
49.94291
49.95996
49.99803
49.99268
50.00257
50.03849
50.10885
50.07381
50.07081
50.07703
50.11596
50.07303
50.02732
50.09506
50.08752
50.0605
50.03392
49.99213
50.0553
50.05053
50.05392
50.06924
50.10815
50.10078
50.10544
50.06838
50.06002
50.0446
50.01276
50.05851
50.05051
50.10645
50.03374
50.06297
50.12214
50.06132
50.00628
50.06618
50.11923
50.07531
50.04366
49.98241
49.93962
49.96154
49.92583
49.88139
49.8811
49.87272
49.91838
49.94885
49.93124
49.98027
49.96316
49.91936
49.88748
49.8849
49.90733
49.90899
49.89028
49.91247
49.90239
49.90987
49.95337
49.96129
49.94145
49.92253
49.91172
49.85467
49.86613
49.85266
49.8596
49.8229
49.8224
49.83801
49.79918
49.78436
49.8336
49.83877
49.78905
49.75897
49.87931
49.83104
49.86524
49.8362
49.81212
49.77307
49.74691
49.82031
49.82665
49.83528
49.81538
49.86436
49.84828
49.8577
49.83702
49.85509
49.91236
49.94053
49.91518
49.86427
49.8591
49.91061
49.88502
49.93384
49.88186
49.92866
49.90739
49.94797
49.94382
49.93301
49.99664
50.03265
50.04579
50.007
50.09227
50.0798
50.05572
50.06805
50.01465
50.02884
50.09004
50.07763
50.05733
50.07668
50.10738
50.08364
50.08114
50.04763
50.02456
50.05265
50.02528
50.04238
50.05774
50.08918
50.04962
50.05394
50.10394
50.13956
50.09584
50.10061
50.08846
50.11778
50.15502
50.17561
50.11628
50.17356
50.15539
50.1534
50.17561
50.11143
50.11683
50.08179
50.14837
50.10098
50.09848
50.15781
50.13274
50.11549
50.12492
50.11059
50.1244
50.14333
50.15069
50.11527
50.16111
50.17255
50.16889
50.13035
50.09221
50.1255
50.13408
50.10786
50.09899
50.11349
50.11935
50.1343
50.1224
50.15814
50.1669
50.17162
50.24967
50.22351
50.22388
50.29351
50.3134
50.38257
50.32877
50.3911
50.40077
50.39091
50.36488
50.37414
50.41892
50.4038
50.36899
50.33824
50.37416
50.33875
50.33773
50.28857
50.33139
50.2584
50.24318
50.23468
50.28849
50.20718
50.20876
50.12885
50.12636
50.13211
50.10727
50.0456
50.09476
50.12406
50.07679
50.08756
50.0677
50.07592
50.10631
50.10244
50.09125
50.10303
50.06614
50.07851
50.10962
50.16531
50.13354
50.1462
50.18939
50.16703
50.1606
50.15826
50.17107
50.12767
50.18075
50.15882
50.1472
50.08245
50.10155
50.04244
50.08448
50.11036
50.08338
50.1084
50.16993
50.16273
50.17816
50.14803
50.18605
50.18478
50.22985
50.20378
50.22832
50.22592
50.2345
50.2132
50.23499
50.26786
50.28105
50.30281
50.23545
50.22027
50.14093
50.16924
50.20564
50.14529
50.19889
50.14439
50.14692
50.17078
50.16953
50.06294
50.10268
50.09339
50.10301
50.09726
50.07594
50.10143
50.10999
50.08327
50.02265
50.10836
50.08471
50.06317
50.07858
50.02113
50.00481
49.99989
50.04165
50.03947
49.96271
49.99212
49.96494
49.97381
49.97223
49.97205
50.00621
50.02873
50.02259
50.0295
50.00576
50.05718
50.11429
50.06434
50.16475
50.15322
50.10626
50.1506
50.12393
50.20632
50.13301
50.14518
50.16627
50.2217
50.14167
50.20335
50.21968
50.2322
50.21755
50.25639
50.25223
50.27269
50.21244
50.26118
50.27156
50.22213
50.24739
50.31428
50.31944
50.24886
50.26191
50.3347
50.3091
50.36204
50.34897
50.27194
50.3362
50.27546
50.32422
50.343
50.28469
50.39994
50.34181
50.31581
50.34941
50.42089
50.45311
50.39423
50.31465
50.40823
50.40355
50.35393
50.39907
50.41904
50.42668
50.38871
50.35771
50.33278
50.38372
50.39585
50.36107
50.40569
50.40199
50.37603
50.37412
50.34213
50.2996
50.37877
50.36478
50.32372
50.34134
50.34931
50.35247
50.36019
50.33338
50.32281
50.29309
50.28791
50.25787
50.27823
50.27455
50.23466
50.24224
50.26009
50.25373
50.25526
50.30249
50.19148
50.18635
50.20725
50.24375
50.27149
50.19683
50.15928
50.16162
50.05553
50.15121
50.11695
50.13197
50.09471
50.07675
50.14054
50.11394
50.05788
50.05739
50.15467
50.10254
50.10513
50.08783
50.10397
50.06928
50.06941
50.05833
50.00129
49.98321
50.00335
49.95598
49.93444
49.92056
49.92123
49.92117
49.9234
49.85704
49.88394
49.86483
49.83755
49.84738
49.88228
49.90693
49.87936
49.8399
49.87674
49.88657
49.84358
49.88581
49.89222
49.88284
49.89031
49.9725
49.98866
49.99665
49.98597
49.98285
49.97648
50.01394
49.99984
49.98889
50.00237
50.07431
49.99321
50.06068
50.02007
49.9805
49.96704
50.02005
50.03565
50.07316
50.01706
50.04011
49.98133
49.99025
49.98493
49.97338
49.90667
49.93969
49.89647
49.90648
49.88516
49.8515
49.83898
49.89603
49.86793
49.85446
49.8777
49.87434
49.93443
49.89658
49.83794
49.89519
49.93223
49.94567
49.91473
49.96788
49.9836
49.97746
49.99943
50.01933
50.06931
50.05624
50.04188
50.02707
50.14827
50.09698
50.05098
50.04087
50.04266
50.02261
49.98113
49.97709
50.02541
49.99818
49.92898
49.90701
49.89434
49.87127
49.87317
49.85146
49.89063
49.84291
49.83994
49.75755
49.82607
49.80259
49.81289
49.79107
49.78833
49.8129
49.82543
49.80393
49.78595
49.77892
49.87733
49.89563
49.90264
49.92746
49.92376
49.99949
49.93561
49.98574
49.98163
50.03344
49.95436
49.95609
50.00426
50.00114
50.03933
50.04134
50.11588
50.02061
49.99163
49.97736
50.0361
49.98549
50.02531
50.04392
50.05698
49.96709
49.99926
49.98223
50.00346
49.99372
49.95375
50.02936
50.05638
50.01567
49.99559
49.99579
50.01939
50.02031
49.96745
49.94918
49.95519
49.93345
49.9903
49.9151
49.93642
49.89238
49.89658
49.85736
49.86705
49.8299
49.78101
49.72802
49.70594
49.70246
49.75075
49.73978
49.7906
49.83416
49.81958
49.81083
49.81151
49.8451
49.89665
49.87159
49.8213
49.89473
49.8855
49.96011
49.92509
49.96841
49.99182
50.01037
49.98069
50.00929
50.02538
50.05196
50.01089
50.06692
50.08217
50.12597
50.07211
50.09493
50.17112
50.13875
50.09128
50.05413
50.1093
50.10135
50.11742
50.05744
50.02999
50.0952
50.09468
50.03308
50.06816
50.06337
50.03408
50.04055
49.9859
49.98083
49.93501
49.9565
49.94414
49.95377
49.91436
49.86157
49.88127
49.88694
49.91005
49.88512
49.9
49.89194
49.88876
49.90789
49.82349
49.90051
49.86384
49.90105
49.89469
49.92807
49.94894
49.96314
49.95114
49.97877
49.91349
50.02451
49.97218
49.99555
49.98399
49.9979
49.98497
49.97845
49.90351
49.9252
