 0
0.2234746
0.7089946
-0.4826926
0.1822937
0.9266362
0.7043085
-0.2864466
0.1556599
-0.5407564
-0.2194607
0.08957613
0.2015059
0.2612318
1.69911
-0.03893161
-0.05915689
0.0816853
0.4455209
-0.4968866
0.8477431
0.1048701
0.8715763
-0.7219937
0.1129282
-0.5392907
0.121131
-0.3254804
-0.1207402
0.3691176
0.9648337
0.06143796
0.1278897
-0.3370533
0.1664678
0.6460348
0.2515331
1.182603
0.6692859
0.5737498
-0.5069768
0.1802185
-0.149421
0.7814007
0.4112713
-0.0847778
1.032737
0.4037676
0.3158079
-0.1968334
-1.248312
0.4178888
1.604641
-0.7774817
-0.08764946
0.9099168
-0.04146433
0.1236791
1.068273
-0.4394843
-0.4350843
-1.042756
-0.5402255
-0.1287985
-0.4600797
-0.09702508
0.3200799
-0.2021192
-0.3733315
0.5500383
0.4876127
0.1494997
0.1281338
-0.1252723
0.4796064
-0.5065396
0.3134449
-0.6032871
-0.4506158
0.6133705
0.3916756
0.2444623
-0.1194073
0.05541557
0.5105907
0.7339754
0.06581092
-0.2696074
0.3081915
-0.1250745
0.1702945
0.4371319
0.4090268
0.4551225
0.6904551
-0.0196732
1.059562
-0.09281254
-0.6987319
0.2210221
-0.4592624
-0.7792996
-0.6233021
-0.5008366
0.9505968
-0.08940506
0.8868558
-0.3886473
-0.2939814
-0.2292395
-0.1268637
1.771988
-0.1101172
-0.2690549
0.4551388
-0.3334053
-0.01880938
-0.403258
-0.285977
-0.2515322
-0.09374177
0.6109117
0.9149565
1.287047
-0.4948076
-0.493287
-0.1421573
-0.2998393
-0.4577873
1.202419
0.3242726
-1.168403
0.5031188
-1.222089
-1.315919
-0.1487402
0.8408316
0.8997457
-0.379068
-0.6304564
0.3275456
-1.041203
-0.01538193
0.03567535
-0.3554976
0.604486
0.1987562
-1.061766
0.6721504
-0.8175172
-1.657908
1.290884
1.335012
0.1692697
-0.6160494
-0.05266964
-0.1126212
1.114999
0.02856332
0.2024548
-0.7662637
-0.9395793
-0.2339762
-0.3377318
-0.7880993
-0.2733203
0.2034685
-0.9179105
0.3961794
0.1194496
-0.6019509
0.1070096
0.5126424
0.6742488
-0.542254
-0.2557697
-0.08310908
-0.04924083
-0.2159326
0.401233
0.157459
-0.2560712
-1.586575
0.5343196
0.03043711
1.001749
-0.2648538
-0.2324629
0.4511002
0.3357687
-1.098746
0.6210417
-0.2706424
-0.8534002
0.62175
-0.1954813
-0.3619163
0.2611613
-0.3223963
1.283222
-0.09905776
0.2991953
-0.2874255
-1.085993
-0.737473
-0.08228755
-0.1079875
-0.001088977
1.788251
0.3742673
-0.3369306
-1.145305
-0.8383535
-0.2882031
0.0563491
1.203266
1.139748
0.05258757
-0.3234694
-0.4674647
-0.5905969
0.04473138
0.5608417
0.04020572
-0.1599684
0.367331
0.6570008
-0.6106465
-0.2357993
1.331479
-0.7007144
-0.3531816
0.1961961
-0.8700003
-1.203613
-0.07119203
1.610432
-0.7917668
-0.4549873
0.04210162
-0.8195552
0.584313
0.5940907
-0.01404727
0.2851653
-0.4947542
-0.7324023
-0.5120963
-0.4662933
-0.1784906
0.141613
-0.4846323
0.5833159
-0.6683621
0.4208868
0.5751418
0.3005364
0.272782
0.8950644
0.2387241
-0.800343
-0.5462354
-1.113657
-0.921225
0.006786823
0.2175055
1.254868
-0.2466192
0.3680634
-0.0743506
-0.279929
-0.6632957
1.946769
0.8182747
-0.6514764
-0.7991523
-0.6314032
-0.6691322
-0.2130079
-0.08075941
1.186166
0.4874945
1.279479
0.3327816
0.1204849
-0.2770788
-1.198777
0.4908227
0.4980812
-0.452631
0.7010655
0.1970636
1.621807
-0.3792595
0.8902763
0.5996332
-0.7899485
-0.9777409
-0.4884151
-0.9176805
0.9714223
0.1985919
-0.3578954
-0.3763646
-1.001233
1.05581
-0.5355493
-0.7882288
0.576449
-0.7775212
-0.3938142
0.1655097
-0.8955967
-0.02107868
1.076898
-0.851153
-0.3754961
-0.8356261
-1.039239
-0.1345015
0.2306491
0.07796299
0.3086839
0.8704753
0.1686559
0.08527994
-0.1549793
1.576155
-0.5896436
0.2639713
1.380604
-1.066923
-0.4758258
0.3841007
-0.258369
-0.4175828
0.5658844
-0.1722118
-0.322929
1.338847
-0.2870762
-0.02521956
0.2653758
-0.3601
0.2351087
0.2088464
-0.587809
-0.1883798
0.1638844
0.8239886
0.3401027
-0.4204352
-0.3132001
-0.9909971
0.3604653
0.6016049
0.4926738
0.2997525
0.1907368
-0.2863577
0.383584
-0.5146852
0.6503015
2.236936
1.293757
-0.06224246
-0.3370477
-0.1338846
-0.4688454
-0.666994
-0.448298
0.744242
1.125797
-0.7773151
0.1999857
-0.3816736
-1.255251
-0.09583926
0.0788902
-0.449302
0.1533291
-0.2312947
1.01643
0.6667604
-0.332356
0.106057
0.1806546
-0.1200169
-0.7375425
0.3899544
0.07936406
0.3321051
-0.5421334
0.5115061
-0.4493178
-1.025996
0.5967864
0.422798
-0.932543
0.4770048
0.2093608
0.5215297
-0.5647272
0.5944734
0.02743697
1.292219
-0.396067
1.834368
2.236669
2.382029
0.9421401
0.1280208
0.2054015
-1.105978
-0.5086118
-0.97041
-0.2588153
-0.3722514
1.403001
0.2694479
-0.2512294
-0.07083607
-1.184033
-0.4514416
-1.102028
2.043639
0.8842671
-1.140707
-0.2966471
-0.4088559
-0.5789969
-0.07190382
0.2250234
-0.5644379
0.8079959
0.6634088
-1.330798
0.2927736
0.6222212
0.05240601
-0.8279471
-0.208061
-0.6575646
-0.8236093
-0.6809216
-0.4135286
-0.2963547
0.01174414
0.1775031
0.3207288
-0.4735106
-0.8472714
0.8869262
1.124618
-0.5156159
0.1096888
-0.4210528
-0.7673022
0.6027063
-0.0563488
-0.5403245
0.8946344
-0.4382955
0.5653983
-1.922367
-0.2439893
0.5536124
0.3692591
0.6608155
-0.5462415
-0.3530626
-0.4761293
-0.9047306
-0.07025349
-0.0352746
-0.665566
0.3116934
-0.04172747
-0.7828819
0.9934214
1.078294
0.8311187
-1.547328
0.3064979
0.6473851
-1.27291
0.989743
0.5662801
-0.2495456
-0.5715734
0.1659474
0.08929896
1.07147
-0.4416268
0.5629809
-0.3591178
0.8417957
-0.3033351
-0.2098696
-0.02761066
-0.8033751
0.09026027
1.828563
0.8589497
-0.1726933
-0.9238582
-0.03027439
-0.01913816
-0.3839552
-0.3114981
-0.2915892
-0.1282755
1.558848
-0.2548702
-0.2754297
-0.8558882
-0.9743884
0.3115799
-0.4101093
0.4035256
-0.001536191
0.1419878
0.02249837
0.2544008
-0.514998
0.7604325
0.6542347
-0.02807593
-0.6282483
-0.2949513
-0.5251035
0.3529189
0.2138922
0.2624535
0.218639
0.04979616
-0.06007653
0.1341123
0.0821196
-0.09538531
0.6366674
1.124077
-0.6118972
-0.197188
-0.1169669
-1.170379
-0.005621552
0.4258413
0.3140876
0.79828
-0.8842117
-1.028593
0.109418
-0.2194746
0.3395164
-0.0102306
0.5975215
-0.2152335
0.8119187
-0.1211428
-0.2904551
-0.597035
-0.4085665
0.07570505
0.8654566
0.1370823
0.9563833
-0.7209152
-1.181799
-0.003917098
1.765244
-0.3229122
-0.5689381
0.7967843
-0.677644
-0.8820123
-0.4190988
0.229749
-0.685433
1.399728
0.1243604
-0.2191026
-0.3291945
-1.259688
-0.3813898
-0.09557764
0.1200671
0.4602543
-0.3119672
0.5578051
0.4016007
-0.7655332
0.06080365
1.349538
-0.110056
0.07504821
-1.094631
0.8108199
0.3395407
0.5985863
-0.7170963
-0.6481169
1.801099
1.841159
0.1288593
0.356149
0.2367237
0.2518338
1.26534
0.3394403
-0.2761521
0.07442266
-0.02369642
-0.5628514
-0.6460609
-0.1177537
-0.1131454
-1.358094
-0.046983
-0.2887876
-1.212244
0.4218194
0.8101814
-0.3972248
-0.6186852
0.3253523
0.1480043
0.6923625
-0.6403835
1.311677
-0.4297943
0.246448
0.9696034
-0.7397338
-0.1315997
-0.1221792
-0.5406308
-0.5480236
0.185045
-1.136628
-0.5023092
0.07462454
-0.4700155
0.682219
0.7417374
-0.2979335
0.8034999
-0.7423375
-1.003645
-0.4378498
0.6767521
-0.4373894
0.105187
0.9270089
-0.1515388
-0.3800962
-0.8997878
-1.17877
-0.3969546
1.539195
-0.497874
0.2038622
-0.7648404
-0.5394475
-1.051315
0.6913044
-0.3958955
-1.408327
0.2490702
0.2547626
-0.3153369
-0.5903604
0.05647647
-0.5354955
0.02182713
0.08674163
-0.04021418
0.02218151
0.3098104
-0.7440599
0.3781346
-0.307053
-0.2197727
-0.2979277
-0.1517875
-0.5954283
-0.1830506
0.1210477
0.5668976
0.4822108
-0.6462985
-0.08868599
-0.2200276
-0.1640282
0.1553205
-0.03329295
-0.6221322
-0.4928302
0.05265152
0.1017485
-0.7525861
-0.3162831
0.07386637
1.678236
0.7221665
-0.8784408
0.5018574
-0.9472444
-0.3241148
0.3681141
-0.07584512
0.4553286
-0.1286042
-0.4891524
-0.5270706
-0.01558036
0.1957488
-0.2973449
0.7947372
-0.3366693
0.0544017
0.02847794
-0.3947924
0.6017063
0.7781627
-0.2688876
-0.3811984
0.06870556
-1.115909
-0.9303102
1.136238
0.1412624
0.158231
-0.1541329
0.7245247
0.2462281
0.3480942
-0.583465
-0.2358138
-0.414638
0.8783757
-0.4732445
1.035905
1.129313
0.4930275
-0.5691719
-0.4517423
-0.8743129
0.4973384
0.1220095
1.230047
1.257879
0.4911942
0.1273434
-0.6354038
-0.2051502
-0.5951177
-0.9325389
0.04805553
0.3713314
0.6985521
-0.5686592
0.4478681
-0.2610189
-0.8853202
0.1228169
0.08597541
-0.3009577
-0.2907584
-0.3832852
0.9559602
-0.2069581
-0.32892
-0.2412052
-0.9291508
-0.1663265
0.9382766
-1.07132
-0.255537
-0.2953833
-1.077781
-0.5027113
0.530483
-0.7982349
0.123276
0.6157753
1.110741
0.06758893
-0.8005142
-0.2663317
0.125173
1.881622
-0.4054517
0.5293286
-0.3388053
-0.4849633
0.4277768
0.9658104
-0.9414171
-0.04284909
0.8928338
-1.5985
-0.4590798
0.2958546
0.390107
0.7914255
-0.51187
-0.2290637
-1.020759
-1.018341
-0.2557101
-0.1317612
0.206046
-0.7839566
0.5741682
-0.3550295
-0.4273179
-0.2174989
-0.1004326
0.3019544
-0.4871584
0.3030932
0.1868048
0.3486031
0.3539084
0.19778
-0.1257902
-0.2745763
-0.573684
-0.4958695
0.3911984
-0.3761482
-0.07676637
0.9329052
-0.03843272
-0.1928681
0.1667793
0.5217541
-0.3731999
-0.7148497
-0.8761905
-0.4106688
0.1284728
0.1471479
0.8535931
-0.1448362
0.326295
0.07112198
0.1954026
0.1065488
-0.3234736
0.7956612
-0.04324996
0.5944738
-0.1856631
-0.9773183
-0.06956142
-0.7722735
0.2868153
-0.1400035
-0.5285773
1.174481
1.045593
0.4654873
-0.9768755
-0.04050148
-0.1951714
-0.569855
0.0993253
-0.2899281
0.4423438
0.3185312
-0.9033753
0.7577906
-0.05921829
0.02194524
0.4001784
0.06259918
0.1392965
-1.392995
0.09780204
-0.2553251
-0.100364
0.5001273
0.2623976
-0.003527641
-1.054625
-0.7111591
-0.01600027
-0.02381122
0.2224793
-0.534766
-0.6409112
-0.4565395
-0.1090306
0.4153075
-0.7452599
-0.3948628
-0.9746768
1.33177
0.6105856
-0.8662533
-0.3296938
-0.3003072
-0.8250778
-0.7383832
0.1987534
-0.1027839
1.312153
0.08961335
-0.7425068
-0.1619177
2.367215
0.7471154
0.1903637
-0.09007096
-1.143257
-0.7164012
-0.04069936
0.5490018
-0.3496862
0.4953569
0.335572
-0.3397024
-0.1659904
-0.9767784
-0.210394
1.647314
0.8553355
-1.011401
-0.427981
-0.06369519
0.2827001
0.01002015
-0.08636427
0.02958983
-1.572728
-0.4027398
0.8024273
0.2199503
-0.9320242
-0.2360078
0.7103019
-0.6303666
0.5633421
0.2214083
-1.34508
-1.244517
-0.3261054
-0.6156132
-1.002553
-0.8466994
0.7563827
0.0992742
-0.683957
0.8320484
-1.968177
-1.736895
-0.1369884
1.292828
1.367459
-0.9986138
-0.0400753
-0.07971931
-1.717152
0.3527912
1.647743
1.829937
-1.325714
0.06574035
-0.691526
-0.8865582
-1.135484
1.094612
-0.1719044
-0.8933306
-0.5607572
-0.6318355
-1.021252
0.3454067
0.9889995
0.01775514
-1.106723
-0.1419514
-1.472468
-0.109605
0.01178518
-0.1050494
-0.1122029
0.5716287
-0.2814228
-0.5130305
-1.503078
0.1256299
-1.010255
-0.3431072
-0.03249672
-0.1765804
-1.458594
-0.1047826
