37.9292
37.10592
38.01753
37.25779
37.15413
38.79369
37.17655
37.13803
37.65493
36.89965
37.05199
38.59825
37.15791
37.55789
38.05529
37.10764
37.54128
37.72178
37.60481
36.77042
38.14342
37.28412
37.75604
37.60538
37.63354
37.37072
37.46867
38.25678
36.99914
37.22815
39.55043
37.28116
37.4068
36.62909
38.20646
38.40724
37.08355
38.21947
36.9346
37.43911
37.31017
37.90751
36.80284
36.7126
36.77168
37.85979
36.59948
37.51911
37.18663
36.96577
36.91452
37.93626
38.56712
37.33863
37.84173
37.30521
38.02826
37.62375
37.01826
37.68031
36.7281
37.73928
36.79118
36.44549
36.37448
37.00849
37.45817
38.29401
36.86215
38.19193
36.9971
36.57682
37.00519
36.64083
37.46958
37.36085
37.28833
36.94189
37.16286
37.56422
37.55031
37.39014
38.10007
37.68748
39.39769
37.8074
39.03711
37.82535
37.86579
37.89707
37.55627
38.22333
37.68458
37.31356
37.22014
36.41737
37.38688
36.66262
36.80705
37.83536
37.19182
38.20827
36.74684
36.42529
37.59654
36.86449
38.35611
38.28223
36.48241
37.33483
37.18141
37.79737
37.80622
37.59812
37.72345
36.53478
38.73703
38.16449
37.75985
38.18522
37.57423
38.35091
37.67696
37.64727
36.85752
37.43532
37.7988
36.71842
37.41417
37.02479
37.16102
37.84671
37.75221
36.87537
36.35347
37.21297
38.09879
37.1174
37.13191
36.42005
36.74397
37.02652
37.75868
36.84357
37.8596
37.81319
36.5827
36.74224
37.82759
38.37292
37.10623
38.80368
38.33502
37.05916
36.1824
38.08178
37.16217
37.38853
37.2472
38.14859
37.01448
37.2607
36.46133
36.91623
36.94197
38.02637
38.12008
37.06754
36.93098
37.35601
37.11991
37.99387
37.28107
37.18935
36.81493
37.65261
38.8183
37.72577
36.90823
37.16459
38.00412
37.06745
36.51633
37.19201
38.429
37.9662
36.69857
37.44949
37.59887
38.27035
37.50768
38.00531
37.1816
37.09682
37.39266
38.46013
36.98224
37.54813
36.87795
37.97698
36.85808
37.13371
36.70972
36.85489
36.63218
38.03943
38.1808
37.61303
37.04523
37.44301
37.03344
37.07628
36.4161
37.28447
37.52171
38.07011
37.53186
36.88874
37.94506
36.853
37.60236
36.40245
36.94922
37.00351
37.93866
36.77418
36.83783
36.9549
36.84833
36.82905
37.32135
36.7677
37.44939
37.25406
36.79146
37.4753
37.98384
36.59206
37.06748
38.44731
37.10324
36.84567
36.77353
38.57633
37.57263
38.10142
37.99162
37.55752
36.47458
38.38493
37.9795
37.65472
37.27907
36.86492
36.7823
37.20534
37.21051
37.08231
36.9964
37.40896
36.9211
36.87434
36.82315
36.59948
37.34642
36.48516
37.47876
36.92427
38.07191
36.94986
38.09701
37.9612
38.09107
37.83797
36.93776
37.25605
36.88893
36.16416
37.18438
38.26339
38.40031
37.19185
38.23175
36.6129
38.88091
37.29185
36.95658
37.82721
37.00779
37.85752
37.08903
37.55188
36.63798
36.95885
36.94186
36.18831
36.86419
35.85998
36.98573
36.5251
37.43724
37.88177
37.74045
37.15818
36.87929
37.42128
37.43996
37.2454
37.69296
37.51947
37.60604
37.7952
36.94552
37.22972
37.23689
36.26422
37.398
37.58542
37.00143
36.16323
38.43245
37.2253
36.94064
37.06707
37.33
36.91328
37.08005
39.98376
37.65443
38.16831
37.21951
36.78174
37.26974
38.4873
39.11195
38.40038
37.91566
37.74053
38.49236
37.81242
37.85258
38.49897
37.35635
37.66142
38.44397
38.63606
37.49636
37.99567
38.10899
37.35931
38.77343
37.17097
36.56078
37.21886
37.8733
38.38897
37.20518
38.24409
37.13849
37.18624
37.47202
37.7307
36.62402
38.93117
39.51382
37.81734
38.72738
37.48198
37.88276
37.26256
37.638
37.10857
37.66527
37.6238
37.99099
36.85171
37.20012
37.7797
37.72512
37.59472
37.74823
37.5326
37.56573
37.76773
38.1176
38.20227
38.16872
38.52103
36.65473
37.53524
37.28049
37.50692
37.70435
37.21841
37.13906
36.68784
36.61245
38.00273
36.91793
37.55531
38.09963
38.12671
37.63837
38.03085
36.59137
37.24503
36.63876
38.82188
40.22483
43.60042
40.54172
39.43721
38.60847
37.98292
37.6621
38.53924
39.09322
38.07804
39.99535
38.07598
37.34934
37.70223
36.87862
37.32275
37.95046
38.35261
37.58578
38.33105
37.60485
37.12621
37.90597
37.45959
38.11234
36.99707
38.14973
39.3386
37.21121
36.80329
38.58187
37.48561
37.37019
37.41959
38.39736
36.75629
36.64905
37.89108
37.55657
37.56946
37.72818
37.92299
37.25269
37.44714
37.32111
37.53825
37.02666
37.73516
36.80786
37.1693
37.93208
36.92881
36.89451
37.59541
36.35097
37.19854
37.59448
36.79859
38.10818
37.50086
37.4228
36.19049
36.91214
37.46442
37.65561
36.99532
37.12676
37.85145
36.6686
37.72158
37.8768
38.78667
37.2419
37.12873
36.61213
36.96769
36.90941
37.37291
38.11864
37.51205
36.83334
36.642
38.06867
37.32164
39.46971
38.13602
37.84512
37.29123
37.51151
37.64941
37.26881
37.56076
37.69591
37.53099
37.8404
36.80201
36.40195
36.22807
37.42466
37.39494
38.22063
36.58441
38.24664
37.76472
37.48446
36.91953
36.31377
36.98034
37.67931
37.09007
36.62515
36.36724
37.4443
36.74081
38.73534
36.86516
37.84604
36.83406
37.20185
36.78477
38.1079
36.02346
37.33241
36.98402
37.11645
38.2387
36.98997
36.83126
37.69842
37.74443
36.81631
37.91225
37.56571
38.01049
37.59098
37.47803
36.99584
37.98902
37.46313
36.47382
36.68058
37.02979
36.92284
36.21601
36.59111
37.3758
37.23525
36.31947
36.71483
36.26863
36.45355
37.08087
37.10585
36.45089
37.12409
36.65479
36.81861
37.62492
37.68473
37.69662
37.1179
38.20232
37.55682
37.53297
38.2639
37.83914
38.64162
37.6621
37.25032
37.64991
37.80625
37.84098
36.86708
37.681
36.71871
37.32643
38.08123
37.31978
37.93976
36.50689
37.92527
38.11586
37.60161
38.24043
36.63585
38.96354
37.5091
37.3255
37.84919
37.25821
38.44698
36.97991
36.80274
37.03859
39.07785
38.97347
38.07972
37.68134
39.3349
38.2863
37.80157
38.65968
39.31714
38.91638
38.79262
37.11959
38.05598
38.48697
38.45512
36.97563
38.87053
38.2351
38.53003
39.21143
38.25692
38.02859
37.89444
37.5873
38.85994
38.14035
37.3641
37.7812
38.06444
37.82711
38.62106
37.20504
37.64472
38.14973
37.67322
36.92097
39.35636
37.4584
36.46329
37.41671
38.87155
38.69546
37.97348
37.4576
38.17158
37.17357
39.55299
37.62867
38.36627
36.99704
36.77554
38.11697
36.55621
37.70807
36.9377
37.16462
37.71429
37.09531
36.80002
36.87014
37.55459
36.9847
37.19194
37.59097
37.59302
36.73487
37.94883
37.97927
36.72099
37.82989
37.93495
38.17416
37.74524
37.50093
37.45586
37.96189
37.86289
36.84489
37.96982
37.0308
37.06094
37.14645
39.10354
37.6146
37.81443
37.66628
36.54264
37.98364
36.31256
37.3059
36.40578
36.79094
37.61214
36.77001
36.94397
37.13588
36.80208
36.84497
37.30629
37.24912
37.09313
37.70258
36.78977
36.2778
37.4015
38.00019
37.22109
37.65546
36.94165
38.21098
37.1005
37.58538
37.79334
36.81871
36.66317
36.17252
37.85712
36.43174
37.89661
36.37498
37.24287
36.85019
37.64872
36.66258
37.44942
37.11108
36.71569
36.8618
37.73882
37.72718
38.12757
36.7446
38.91676
37.58223
38.4205
37.00621
37.36438
37.23112
37.16687
36.64121
37.31723
38.26791
37.25812
36.77868
37.36189
36.22622
37.51399
37.27233
40.50675
38.69163
37.90414
38.00138
37.57747
37.16745
38.00558
37.90329
38.04949
38.39661
36.93842
36.93079
37.36991
36.82991
37.14545
37.6611
36.32427
37.64186
36.75064
37.12808
37.33734
38.01792
37.20276
38.08903
36.61776
37.70193
37.82288
37.11169
37.25282
37.59279
37.41857
37.38314
37.46619
36.95902
38.56317
37.60378
37.47086
37.26335
36.62531
36.76538
38.16652
38.11728
39.02663
37.80113
38.03882
37.97785
36.94252
38.07278
37.16389
38.24323
37.00539
36.46683
37.0892
37.21093
37.38895
36.48804
36.74493
37.20245
36.97925
37.2879
37.49619
38.60932
37.34827
36.93578
38.11752
37.7009
36.39104
37.04747
37.91376
36.96638
37.57145
37.43786
38.06454
37.13019
38.33892
37.66312
36.87007
37.10008
36.69366
37.60753
37.27033
37.61402
36.61068
37.05717
37.59227
38.14501
36.85668
36.69037
36.85452
37.09953
36.93436
37.65968
38.49994
37.49632
37.09781
38.52166
38.1876
37.90639
38.34071
38.1306
37.27512
37.09954
37.8186
37.53978
37.13855
36.83742
36.82398
37.12132
38.04831
37.57395
36.81868
37.01907
36.52187
37.97918
36.62423
37.0747
37.34447
36.30886
37.04476
38.05251
38.23264
37.81928
37.76207
37.62782
38.31889
37.55308
37.44247
37.73712
38.87043
37.36493
38.81823
37.95691
38.62541
36.87456
37.37631
37.07855
36.72818
36.87741
37.50461
37.47729
37.38422
36.6981
37.81844
37.28847
36.2486
36.97223
37.2087
36.52317
36.26782
37.88067
36.85389
36.80609
36.33889
37.35073
37.00761
37.47445
38.83323
37.34939
37.91235
37.63524
36.57763
36.79952
42.1473
39.02815
38.45012
37.53366
38.50597
36.93055
38.0383
37.40884
37.7289
37.63522
36.89169
38.24536
37.61526
37.70438
37.31028
36.92039
37.34318
36.55228
37.77156
37.53814
37.65833
37.51387
36.59221
38.26969
36.90954
38.31684
36.53265
36.51437
36.47777
36.38032
36.96657
36.73828
36.82884
36.74517
36.45842
37.71199
36.63597
37.00185
37.23914
37.03094
36.47539
36.71014
37.26635
38.64428
35.7424
35.92211
36.32307
37.22451
37.21149
37.77957
36.38124
36.83556
36.65184
38.18122
40.33495
39.90395
37.63474
37.05193
37.5051
37.0603
38.25794
37.45127
37.98727
38.11639
36.69536
37.29503
36.65572
37.06397
36.59949
36.88851
37.24998
36.68085
36.7597
37.30866
36.52888
36.39101
36.33729
36.80688
36.12494
35.94566
35.48117
37.24075
35.83641
36.80683
36.36319
36.49996
36.34622
36.35695
