40.97026
39.76833
39.7575
39.78443
39.82623
39.81221
39.80542
39.88612
39.8195
39.78167
39.77972
39.75106
39.72466
39.78519
39.77736
39.71659
39.61777
39.63734
39.71354
39.66512
39.69645
39.68719
39.65465
39.7091
39.68095
39.70865
39.77961
39.74557
39.71723
39.72841
39.73402
39.79365
39.76535
39.74125
39.79792
39.76992
39.78081
39.77985
39.7405
39.74619
39.81199
39.75926
39.71014
39.72805
39.76796
39.79723
39.73206
39.72618
39.77552
39.75032
39.81699
39.81391
39.86296
39.7854
39.77786
39.88279
39.93651
39.90321
39.93393
39.89234
39.89549
39.95605
39.93129
39.86887
39.91988
39.92199
39.88651
39.85636
39.83043
39.77565
39.74591
39.72289
39.72323
39.79501
39.79736
39.70345
39.69262
39.73823
39.73124
39.69371
39.66621
39.69012
39.67127
39.64561
39.70752
39.71467
39.72916
39.66524
39.62337
39.64335
39.74709
39.86025
39.81376
39.76051
39.81986
39.90062
39.87547
39.80039
39.80421
39.85599
39.86877
39.86513
39.88379
39.86007
39.87355
39.85006
39.86145
39.95467
39.88105
39.84745
39.85255
39.86196
39.82075
39.80986
39.87378
39.90368
39.86771
39.86185
39.9052
39.93928
39.94524
39.92349
39.94733
39.98844
39.96673
39.914
39.93217
39.95963
39.93675
39.87129
39.911
39.98631
39.9157
39.90576
39.94344
39.92773
39.83767
39.86924
39.87492
39.88126
39.87155
39.92675
39.91372
39.94473
39.96766
39.93352
39.87039
39.84147
39.89661
39.92054
39.9696
39.94881
39.86205
39.89573
39.9268
39.92549
39.8449
39.84929
39.91728
39.8991
39.91417
39.92971
39.92996
39.92199
39.8993
39.89574
39.89011
39.81098
39.80735
39.8353
39.84261
39.87645
39.86616
39.86191
39.94191
39.90308
39.84274
39.81159
39.87164
39.83345
39.76307
39.70221
39.67512
39.73833
39.82772
39.77641
39.77671
39.90076
39.78017
39.77484
39.82069
39.85803
39.82754
39.81855
39.79739
39.81466
39.78612
39.77018
39.76
39.71783
39.74622
39.7715
39.78115
39.78085
39.77819
39.68024
39.67277
39.71888
39.74219
39.75354
39.7346
39.73948
39.76188
39.75779
39.76759
39.79966
39.73261
39.69437
39.6859
39.65853
39.67395
39.73415
39.74347
39.67898
39.62838
39.67246
39.73643
39.78453
39.77638
39.71294
39.67712
39.71893
39.74142
39.74162
39.75221
39.7936
39.77906
39.75848
39.78643
39.76189
39.82442
39.83526
39.78753
39.77353
39.82495
39.79334
39.80141
39.83855
39.78451
39.76064
39.79191
39.77356
39.72351
39.77314
39.84464
39.8514
39.83182
39.83048
39.77353
39.80599
39.85978
39.82932
39.78955
39.81838
39.85309
39.84307
39.73874
39.77034
39.83909
39.76571
39.73467
39.7306
39.79752
39.73345
39.72467
39.74834
39.77427
39.76518
39.74482
39.69073
39.72305
39.73726
39.68432
39.69852
39.72885
39.75826
39.74255
39.72496
39.77035
39.83963
39.80631
39.81965
39.76299
39.76923
39.72272
39.79142
39.85866
39.85976
39.80462
39.80693
39.88906
39.90617
39.80251
39.80919
39.82146
39.81557
39.8587
39.86394
39.81785
39.79646
39.85509
39.85621
39.85261
39.87828
39.82478
39.7645
39.72954
39.74506
39.75975
39.78931
39.75771
39.74495
39.7758
39.6886
39.64662
39.69039
39.75214
39.81572
39.68144
39.68016
39.68097
39.72152
39.76022
39.77204
39.68469
39.69882
39.78704
39.80013
39.75896
39.79838
39.8027
39.84919
39.84425
39.69043
39.64324
39.67703
39.74159
39.78653
39.74329
39.76102
39.7715
39.76674
39.75667
39.70562
39.72367
39.75738
39.74259
39.74436
39.72399
39.65038
39.72353
39.81018
39.72195
39.61171
39.61258
39.61211
39.69319
39.70272
39.67378
39.67188
39.74034
39.75526
39.72259
39.78474
39.78952
39.74547
39.80645
39.86362
39.86033
39.82825
39.84793
39.79363
39.77172
39.76257
39.72364
39.81613
39.88203
39.84343
39.80559
39.81657
39.846
39.76778
39.796
39.88998
39.8223
39.75571
39.78643
39.79193
39.7919
39.77993
39.80424
39.83015
39.80469
39.82983
39.74804
39.7592
39.87125
39.78688
39.8003
39.62844
39.63696
39.744
39.83403
39.86416
39.80848
39.8372
39.91497
40.00385
40.01236
39.95751
39.94204
40.04663
40.05655
40.04451
40.01517
40.02497
40.01068
39.94854
40.01061
40.04603
40.01271
40.01374
39.91774
39.89208
39.96024
39.97215
39.86786
39.94761
40.06295
40.0441
39.96563
40.00009
40.09097
40.15786
40.13765
40.14646
40.19573
40.13684
40.12294
40.1768
40.23616
40.12565
40.09015
40.10802
40.18044
40.13535
40.11126
40.18892
40.15314
40.05366
40.04401
40.08329
40.0657
39.99764
39.96838
40.0451
39.9984
39.8758
39.8404
39.8922
39.90172
39.89978
39.90792
39.87945
39.85367
39.85237
39.83321
39.85941
39.88099
39.81158
39.78128
39.81226
39.85667
39.91755
39.90528
39.91828
39.87953
39.90156
39.91015
39.85019
39.8138
39.79847
39.79127
39.81627
39.83733
39.79061
39.7252
39.71817
39.8089
39.8065
39.77157
39.77674
39.73699
39.66161
39.67812
39.72473
39.73962
39.7518
39.8548
39.76442
39.68734
39.68131
39.70344
39.75758
39.76126
39.73022
39.75419
39.77057
39.71799
39.73574
39.72815
39.71771
39.69865
39.68333
39.72539
39.76391
39.77596
39.72389
39.65234
39.65031
39.74074
39.75437
39.71542
39.71429
39.67766
39.64789
39.62016
39.66435
39.68502
39.73899
39.75098
39.721
39.70589
39.70344
39.72881
39.76428
39.75798
39.71453
39.66905
39.77784
39.87887
39.74289
39.66608
39.69499
39.77281
39.7621
39.76038
39.7838
39.74348
39.74288
39.68689
39.68998
39.70067
39.70747
39.72756
39.73744
39.77692
39.74994
39.72156
39.72123
39.75522
39.78127
39.74926
39.76007
39.85729
39.80049
39.78586
39.82232
39.79898
39.74834
39.76283
39.82822
39.80131
39.83224
39.80928
39.87178
39.90046
39.8672
39.91585
39.90186
39.92849
39.90676
39.84857
39.84929
39.88388
39.82483
39.79076
39.82732
39.81161
39.81157
39.84183
39.83525
39.80395
39.76417
39.8065
39.87641
39.87513
39.82519
39.82427
39.89255
39.87315
39.88226
39.88309
39.93668
39.94341
39.87132
39.84963
39.9139
39.93275
39.9135
39.87895
39.87888
39.91964
39.93433
39.90275
39.82234
39.85672
39.9314
39.9154
39.87792
39.86752
39.95634
39.98604
39.96619
39.94411
39.96841
39.91287
39.95175
39.98338
39.97054
39.97266
39.97345
39.92691
39.87743
39.83257
39.87021
39.9234
39.93782
39.96964
39.91806
39.93922
39.98753
39.99388
39.94276
39.86984
39.89785
39.9385
39.97861
39.95922
39.91413
39.92577
39.95521
39.94213
39.98309
40.03454
39.97423
39.92398
39.90657
39.85281
39.85159
39.89659
39.84546
39.78892
39.79913
39.83048
39.79766
39.74013
39.79036
39.84235
39.84787
39.8409
39.84784
39.83834
39.77565
39.8348
39.88198
39.78804
39.68652
39.67893
39.74613
39.78798
39.85736
39.77884
39.74517
39.76355
39.76174
39.82578
39.84701
39.88791
39.8594
39.77596
39.77785
39.75363
39.82592
39.82497
39.79591
39.80609
39.82598
39.81101
39.75454
39.70594
39.70016
39.78842
39.75867
39.74864
39.79775
39.77116
39.71879
39.78638
39.82787
39.78412
39.7498
39.75695
39.74611
39.74015
39.75055
39.70929
39.72174
39.8062
39.83868
39.72575
39.71362
39.76605
39.79516
39.77111
39.70944
39.6941
39.71019
39.68602
39.69116
39.67085
39.70797
39.71075
39.69291
39.64783
39.73824
39.80609
39.6954
39.72017
39.7646
39.77316
39.7326
39.79934
39.88673
39.91293
39.84615
39.81253
39.87285
39.9071
39.92671
39.87873
39.86554
39.93227
39.93652
39.91203
39.96523
39.99192
39.97793
39.91105
39.91961
39.94235
39.99232
40.033
39.95133
39.93462
39.93508
39.93103
39.90291
39.8926
39.94679
39.86814
39.87811
39.91494
39.88791
39.86813
39.87801
39.88481
39.86948
39.90427
39.88827
39.83401
39.81793
39.71015
39.75861
39.80949
39.83049
39.83937
39.84616
39.94583
39.94767
39.88076
39.86989
39.87308
39.91192
39.95729
39.8625
39.84148
39.84511
39.86584
39.83384
39.78263
39.79259
39.86421
39.84299
39.74785
39.74964
39.77861
39.8073
39.83891
39.87545
39.882
39.81713
39.82061
39.83594
39.83201
39.79108
39.82171
39.82983
39.79396
39.74883
39.80478
39.84822
39.86979
39.81447
39.81792
39.85022
39.84112
39.90031
39.87011
39.83215
39.88409
39.84362
39.81864
39.84599
39.83664
39.87452
39.88737
39.8658
39.8302
39.83531
39.91134
39.86203
39.87492
39.9058
39.93555
39.85937
39.78206
39.78013
39.86533
39.81272
39.78773
39.78081
39.80606
39.78436
39.70372
39.72394
39.74815
39.76559
39.78957
39.75546
39.68813
39.64212
39.73722
39.79447
39.72876
39.74498
39.75925
39.85006
39.82049
39.79694
39.7919
39.82663
39.82483
39.78392
39.80151
39.90494
39.93179
39.75102
39.72403
39.82109
39.90951
39.82664
39.77868
39.74249
39.75935
39.79332
39.74618
39.63595
39.76164
39.82926
39.80927
39.75787
39.74726
39.78487
39.76969
39.73224
39.82193
39.91542
39.85286
39.82362
39.86613
39.85422
39.7865
39.78146
39.92564
39.98351
39.98797
40.07915
40.09125
40.03554
40.02421
39.97792
39.95252
39.95673
39.96935
40.00394
40.0275
40.03932
40.0549
40.08025
40.02404
39.98679
40.03564
40.0462
40.01788
40.04583
40.08956
40.04337
39.99419
39.9767
39.9819
39.9734
39.92749
39.90902
39.93484
39.90176
39.94019
39.94599
39.90676
39.87196
39.91866
39.85313
39.77849
39.79044
39.84879
39.85658
39.92376
39.90874
39.84722
39.85152
39.90308
39.80079
39.82232
39.93422
39.9948
39.93051
39.82016
39.77281
39.83742
39.74367
39.76764
39.83484
39.84053
39.86081
39.90905
39.9086
39.92921
40.01509
39.99353
39.99362
39.99126
39.99944
39.9229
39.85379
39.87541
39.88281
39.87063
39.8685
39.89001
39.9195
39.90559
39.9506
39.9255
39.89458
39.92348
39.94315
39.91653
39.88425
39.92998
39.9212
