 0
2.959946
5.071247
4.160358
4.047832
4.680882
4.312134
3.871819
3.921516
4.046589
4.171074
4.014332
3.15955
4.269966
4.344894
4.159782
4.12151
5.498615
3.31572
4.208141
4.700607
3.281364
3.871113
4.005692
4.388187
5.284878
4.752342
4.389748
3.793144
3.45845
3.532108
4.828747
4.073742
5.389675
4.894024
4.155716
4.356228
3.618813
4.27002
3.944801
4.183842
3.8881
4.030472
3.252159
4.308548
3.886406
4.618958
4.640366
3.908043
4.66293
4.230453
4.089153
3.760761
4.31625
4.730919
3.609646
4.698246
4.358917
4.28384
2.851696
3.870193
3.018154
4.468857
4.442898
4.801968
4.986458
3.176739
2.740566
4.718895
3.773056
5.098724
4.913155
2.93541
4.738373
4.769699
4.938721
4.959167
4.963398
4.362713
2.990086
3.517281
4.731686
3.933842
4.698437
4.695465
3.054794
3.222973
4.316811
4.397507
4.570889
5.79398
3.904503
3.71674
5.619598
4.645641
4.626175
4.541321
4.589977
4.18565
4.976086
3.907688
4.537056
3.713509
4.258652
3.45623
4.028214
5.222874
3.160694
3.978607
4.970558
4.227253
4.391029
5.003506
4.873363
4.683407
4.156921
4.680023
4.304344
3.855217
4.708336
3.926315
4.662132
4.627903
3.385357
3.656544
4.743549
4.426311
3.168926
4.520885
4.729961
3.905888
5.021832
4.487061
3.732666
3.968578
3.89183
4.416668
4.110729
4.880684
4.514439
4.370136
4.702496
4.478794
4.155659
4.414429
5.138321
4.42588
3.90773
3.681644
3.419945
3.675789
3.748554
4.032314
4.65921
3.970917
4.280117
4.441628
4.662048
4.526787
3.906738
4.408142
4.120991
4.554443
4.18837
4.717373
3.906761
4.493851
4.55315
4.564648
3.692768
3.827305
3.827118
3.946243
4.514263
3.811794
4.455578
3.667667
4.243019
3.742657
4.872982
2.898418
3.686451
5.034805
4.401333
3.98447
4.919609
4.252888
5.101421
4.647297
4.241074
4.381561
4.242874
3.91325
4.522827
4.346458
4.423393
5.113255
4.268543
3.762707
4.521206
5.05653
3.454479
3.743862
4.986298
4.396431
4.625198
4.599873
4.526096
4.319725
4.1647
4.447498
4.197433
3.836025
3.865799
3.847301
4.227772
4.757687
4.10146
3.302025
4.65041
4.343491
4.58004
4.126244
4.082142
3.415325
4.256279
4.753273
4.689465
4.836754
3.363762
4.015919
3.819054
4.069294
5.048504
5.250961
4.841434
4.241302
5.094982
5.13929
4.214958
4.336395
4.424965
4.568295
3.521355
4.451176
4.23267
3.732811
4.168083
4.469082
4.933006
3.890461
4.50761
3.980305
3.796108
4.329067
4.189392
4.616669
4.742523
3.733849
3.289143
5.101418
4.154175
4.994141
5.868698
4.88681
4.090015
4.804665
4.166126
3.950985
4.613678
3.608368
5.230236
5.159935
4.050365
3.511818
4.664429
4.094013
4.974682
4.251564
4.281803
4.414078
4.11964
3.939034
4.908981
4.990768
4.736671
4.768196
4.690857
2.431564
4.449463
4.378017
4.979229
5.444809
4.139423
2.395206
4.081459
4.432461
4.991543
5.549709
4.116177
2.925236
4.987434
4.209457
5.201641
4.301888
4.007641
4.315643
4.780331
3.795723
4.158112
3.388573
5.26836
4.17659
3.513653
2.76273
4.256443
3.551025
4.529079
4.644119
4.984646
5.551601
5.292004
3.936047
4.216545
5.018703
4.30785
3.415977
3.771156
4.153599
4.381168
3.980751
3.545387
3.749287
4.797523
4.14793
3.878593
5.484657
4.215931
3.459167
3.797611
3.802734
4.649448
4.123756
4.076164
3.845768
4.326988
4.849792
4.757355
4.509109
5.628559
3.484608
3.134151
4.081661
4.783653
4.774639
5.155582
5.002296
2.102367
4.776466
5.090778
4.556957
5.642815
5.043068
2.371983
2.805473
4.148884
4.62825
4.273293
5.262058
4.361984
4.942463
3.851311
3.329422
4.597977
4.04921
5.53175
4.740932
5.057476
4.183914
4.249733
3.971298
4.047359
3.933739
3.988995
4.491535
4.803429
5.076744
4.688541
4.196434
3.318985
4.42691
4.896923
4.858013
5.530766
4.464725
3.813274
4.083073
3.962734
5.023167
3.489975
4.642845
4.735733
3.409954
5.458996
5.435806
4.00301
4.6702
4.455502
1.823269
0.4063263
3.164421
3.655544
4.226002
4.462097
4.31422
4.239029
4.079334
4.554161
4.307232
4.916012
3.650448
4.401779
4.34375
3.918655
3.753834
3.115116
4.040375
4.806084
4.573734
5.082722
4.154816
4.290195
4.138432
4.243019
2.406864
3.555084
4.169525
4.71558
4.881615
4.786304
4.272873
3.905392
4.470905
4.55143
4.568962
4.841152
4.788441
4.340115
4.301994
4.515236
4.219826
4.556492
4.596794
4.303959
4.022518
4.089577
5.324001
4.930622
4.540695
5.592491
4.547619
4.856884
3.948448
4.101753
3.503319
4.734348
4.760529
3.024078
4.960232
4.683365
4.350494
4.969604
3.856346
4.065052
4.405159
4.796772
3.841335
4.137032
3.885246
3.752857
4.728703
4.557598
4.587669
4.745529
4.361412
5.174648
3.088425
4.536415
4.490582
4.567944
5.378185
3.939434
2.970394
3.508923
4.702816
5.040291
4.901234
4.895607
3.90131
2.930477
5.166489
4.242615
4.332981
5.307281
4.70845
5.09679
5.305984
4.592251
3.956585
4.796368
4.903923
4.019291
3.669952
3.700527
3.6245
4.298244
4.311039
4.910381
5.233341
3.881519
3.740322
3.103405
3.6171
5.172646
4.377441
5.008038
4.660084
5.325108
3.683567
4.191326
4.258633
4.309399
4.503757
4.154881
3.263416
4.206024
4.727825
4.889774
4.306995
3.857395
3.468258
4.715836
5.062538
4.991081
3.830517
4.388187
4.473408
4.319973
4.888493
4.979748
4.664585
4.169544
3.875687
4.96526
4.575966
4.1227
4.795231
4.394154
4.230724
4.138752
4.059387
5.118343
5.004169
4.486763
4.587791
4.306755
3.124786
3.886406
4.397026
4.375267
5.252022
4.442883
4.617157
4.246426
3.63382
4.144543
4.710949
4.324364
4.10463
4.291164
3.121075
4.472347
4.146439
4.713444
5.755554
4.427086
4.117622
4.223938
3.88895
4.593021
4.419525
2.844296
4.752083
4.27256
5.219517
4.552345
4.214443
4.20467
4.083862
4.148506
4.456051
4.45433
2.202282
1.45895
3.934853
4.654255
4.601246
5.036972
4.135967
4.034142
4.239403
3.999634
4.184258
3.010895
5.225269
4.043087
4.62986
5.781288
4.505196
4.308617
5.030094
4.61742
4.299549
3.737846
4.197956
3.455025
4.862263
3.767025
4.694439
4.380463
3.899376
3.118671
4.604935
4.646809
4.877468
3.468941
3.314583
5.957394
3.740429
4.837795
3.610096
4.114937
4.536232
5.202812
4.392895
4.938324
5.290813
4.36787
3.520535
4.187325
4.779934
4.73785
5.035065
4.877796
4.083778
3.828598
2.975773
5.401794
4.177349
4.886467
5.207424
5.69558
3.736931
3.966576
4.814671
4.581795
4.702305
4.647728
4.604183
4.785156
4.896259
2.897579
4.859585
5.397465
4.68454
6.011356
4.53735
4.54274
4.421089
4.520763
3.780003
4.139793
3.694279
4.217281
5.293709
5.272041
5.668713
4.519131
4.660789
4.092773
3.933273
5.312881
3.829445
4.21389
4.889812
4.72113
4.512314
4.875401
3.615765
3.413872
4.200741
5.185726
4.022758
4.706532
3.470699
4.815578
4.97438
5.051556
5.196514
4.752289
5.018284
3.636677
4.710274
3.794552
3.915668
3.724403
5.329639
4.550735
5.215523
4.313507
3.708294
4.690582
5.074196
4.829468
4.668453
3.981613
4.500225
4.766712
4.486927
5.12365
4.150078
3.433449
3.554867
4.551525
4.8825
4.652782
3.763451
4.142197
4.911407
4.919651
5.038548
4.59322
4.295841
3.815632
4.186352
4.683582
3.970856
4.720871
4.260921
4.020138
3.237503
2.184715
3.994919
3.868183
4.306423
4.998405
5.282082
4.00053
3.469273
3.499733
4.943382
4.55743
4.712307
5.520229
4.137562
4.647144
4.537525
4.386402
4.680859
4.399212
4.052437
4.762535
4.788582
4.471779
4.73888
4.577972
4.863926
4.815796
3.99036
4.123264
4.568626
4.873848
4.254753
4.985531
5.209011
4.031258
4.742889
5.06197
4.202587
4.055553
4.243057
2.669525
3.181149
4.177341
3.732864
4.764824
6.17033
4.71727
3.223236
5.28756
4.402256
5.855366
4.857349
3.601128
4.628899
4.745827
4.399769
5.019161
3.944633
4.595371
4.178284
5.003418
4.338329
4.75399
4.433052
3.654938
4.267334
4.783718
4.875633
4.843407
4.257023
4.427177
4.264011
3.753716
3.631599
4.764751
4.666962
4.175026
5.465256
3.742123
4.88686
4.132313
3.650326
3.66325
4.625858
4.657272
4.511932
4.678829
4.62801
4.651867
4.327595
4.790306
3.985348
3.217896
4.072021
4.787506
4.300278
4.508965
4.685303
3.718235
5.601372
5.156902
4.481709
2.949184
4.788078
4.860065
4.604641
5.258442
6.006981
4.389664
4.010094
4.5504
3.48811
4.371899
5.332478
4.572262
4.666855
5.42868
3.569584
4.042313
3.57299
5.339249
4.605888
4.916538
3.361504
4.850533
4.003025
4.938171
5.3801
4.807293
4.147408
4.784069
4.451473
4.32925
4.443611
3.716446
4.424274
4.84367
5.040207
4.647739
3.919445
3.920128
4.437592
4.546436
3.699974
4.487377
3.669086
4.624962
4.85574
5.387802
5.236565
4.453259
3.857632
4.50423
3.740181
3.872875
5.093418
4.422653
4.47361
5.320179
5.325516
4.570415
2.576859
3.153107
4.19635
5.243893
4.928883
4.93544
4.833199
5.147713
5.009659
4.798962
3.876686
4.800724
4.970009
4.914349
5.356979
5.260601
4.207909
4.965042
4.29755
4.442909
4.712864
3.112309
4.876736
5.120773
4.548847
5.545948
5.154083
3.551678
4.805172
4.751888
4.556961
4.912823
5.681458
4.830173
4.158905
3.674644
4.459579
4.596161
4.571121
5.012939
4.695789
4.244011
4.426048
5.118206
4.030331
4.400951
5.10622
3.754684
2.861359
4.457085
4.729351
5.000278
5.554058
2.95982
2.972008
4.564007
3.428734
5.084282
5.395248
4.35183
5.341534
4.155449
3.540504
5.190315
4.349716
5.778603
4.933708
5.772812
4.353691
3.497494
4.920765
4.392555
5.454105
4.180885
5.183399
3.587826
4.3652
4.797005
4.45866
5.016136
5.782173
4.770535
5.300499
4.817554
4.644226
5.015766
5.715958
4.631927
