 0
3.90509
4.522953
4.467243
4.116592
3.715378
4.014397
4.103432
4.008293
4.261314
3.721516
3.181965
4.300732
4.164066
4.511253
3.99205
4.321877
3.435688
2.870628
3.782593
4.618782
3.049973
4.461758
4.363171
4.115398
3.815605
2.972595
3.942741
3.781128
3.05011
4.253998
4.457672
3.751644
4.477051
4.395714
4.173248
3.730862
4.126503
4.282608
3.154564
4.365486
4.142994
3.497864
4.319077
3.827072
2.856777
3.283272
3.48103
4.752518
4.692478
4.372078
3.375866
3.085915
3.915634
4.772743
4.209908
4.536274
2.742588
4.562885
4.354633
4.936684
5.695839
4.42794
4.791363
4.725857
4.951736
3.288109
3.936367
4.825115
4.228844
4.260563
5.199055
4.64323
4.024887
3.582458
4.469799
4.358524
4.084583
4.296085
4.286621
3.498672
4.537086
4.227962
4.119217
4.19347
3.897869
4.561489
4.284588
4.015373
4.637417
3.047855
4.280979
4.983036
4.190071
4.504242
3.956589
4.491592
4.807621
4.202198
3.766853
4.291237
3.865784
4.352924
4.339691
4.414474
3.812958
3.790874
4.930069
4.143177
5.050625
4.381031
3.321991
4.129677
3.692966
3.86026
4.064922
4.168449
4.01186
4.480831
3.817276
2.65387
4.932327
3.94521
4.46891
5.12492
3.719265
3.02174
3.587704
5.604408
4.294094
5.391953
4.139416
4.183159
3.973152
4.622471
4.107204
4.61768
3.874664
4.492424
3.585377
4.441566
3.063961
5.409348
4.404518
4.413818
4.628021
4.694252
3.966213
4.48856
4.335758
3.929398
3.999279
4.612103
4.582394
4.91906
4.608978
4.681526
4.303009
4.392971
3.929665
4.938351
4.070927
4.34985
5.119682
4.925404
4.498367
4.355335
5.058708
4.565536
4.324417
3.260338
4.627632
3.670288
4.962948
4.570213
3.873478
4.584023
4.212452
4.512814
3.318668
3.98452
4.657555
4.297501
5.178349
4.437527
3.980595
5.095959
4.873383
4.463257
3.921486
4.597897
4.148163
4.625511
3.466949
4.096897
4.063774
4.152615
4.888477
3.678089
4.150169
3.705013
3.341766
4.602226
4.728554
3.98822
4.787998
3.592449
4.348003
4.040825
4.334995
4.077114
4.383068
4.334473
4.567692
4.640896
4.205803
4.183113
5.197361
4.472126
4.620621
4.406704
4.674995
3.656628
4.759483
3.536182
3.931461
4.804012
4.156269
3.872707
3.703888
4.685822
3.484814
3.774574
4.604572
4.45969
4.243984
4.222549
4.196804
4.646057
4.35775
4.529095
4.833042
4.515724
3.816654
5.08997
5.073524
4.664032
4.290661
3.256657
4.752136
4.236183
4.081684
4.088356
4.49445
4.49585
3.902245
3.99229
4.132633
3.35537
4.582859
4.283649
4.899597
4.864208
4.418732
3.94281
3.056469
4.983604
4.685181
4.864735
5.457893
4.77364
4.095337
4.139942
5.140717
3.89402
4.645504
3.719959
5.140339
3.77692
4.640682
4.005154
4.760361
5.560394
4.138596
4.507858
4.081814
3.532631
4.536213
5.649723
4.510674
5.132446
5.160801
5.278313
4.240234
3.381241
3.877369
4.82885
4.513283
4.64777
4.851151
4.38163
3.275108
4.21769
4.331779
3.33041
5.167103
4.575447
4.375355
4.082745
2.782982
5.161629
5.053589
4.775303
4.8092
4.575356
4.969841
3.530914
3.453762
4.207363
4.549759
4.843899
5.232616
4.167076
3.269184
3.905979
3.775745
4.659649
3.068722
3.883282
5.216293
4.998173
5.715084
4.126377
4.24741
3.527401
4.399067
5.069271
4.135368
5.39056
4.870689
3.34201
3.51897
4.096779
3.847942
5.059235
4.52549
5.685318
5.032215
3.380409
3.886543
4.794106
4.240284
4.791309
5.285278
3.683826
5.109898
5.502789
3.765633
3.296207
4.127098
4.471909
4.480042
3.814651
3.159233
3.710621
4.670349
4.165913
4.715347
5.064442
4.985233
4.226337
4.65152
5.011375
4.291904
3.843582
4.365833
4.576817
3.972542
4.3009
3.733425
2.662102
5.198898
4.369598
4.110493
5.599728
4.97773
3.223866
3.165771
5.018501
4.04837
4.518597
5.179935
3.812954
4.187199
4.505165
4.387951
4.696621
3.539982
4.443783
4.804165
5.71851
5.779629
4.609951
4.088329
4.340755
4.697468
4.633244
4.839718
1.800003
0.1160393
2.479641
4.477581
3.987324
4.189957
4.621941
4.055336
3.976082
3.333389
4.055206
4.311646
5.051418
4.624722
4.101463
4.933041
4.712814
2.496323
4.009663
4.45425
4.932037
3.677101
3.862206
4.159599
4.528877
5.37022
2.998451
3.229275
3.414894
4.766949
4.734566
3.94725
4.937824
5.028419
4.470547
4.914642
4.697559
2.968643
4.115265
4.591579
5.084522
4.371117
4.629772
4.441498
4.60186
4.986404
4.132954
3.933052
3.473778
4.946163
4.999313
5.220951
4.424976
4.4589
4.515503
4.775249
4.232998
4.068424
3.195492
5.577995
4.111485
4.594921
4.691162
3.238953
4.485073
3.829121
5.291855
4.273853
4.504982
5.092258
3.672577
3.744682
4.026363
4.248775
4.188213
4.994419
4.5107
5.144402
4.273682
3.527805
4.271492
4.524448
4.611198
4.240089
4.357567
4.286835
3.448868
5.049011
4.444656
3.861179
3.54031
3.800465
4.552498
4.615505
4.971294
4.676323
4.676353
4.807163
3.630569
3.689034
4.619556
4.757866
4.673477
5.134403
4.169254
2.708981
4.662491
3.728313
4.208481
5.400368
4.484383
4.57555
4.183926
3.298435
4.886715
4.650921
3.8479
4.571793
5.42437
3.641083
3.918404
4.072552
3.45932
4.607269
4.202927
4.061359
4.412483
4.517368
3.85577
3.859287
4.969551
4.944878
4.2719
4.10751
4.662849
4.067783
4.923267
3.811508
3.763538
4.421894
4.140018
4.8433
3.200287
4.351536
4.430855
5.114563
4.661629
4.08054
4.465893
4.8274
4.454884
4.721928
4.495419
2.881203
4.674034
4.360821
3.796589
4.83107
3.709412
3.981171
4.825005
4.457127
4.446934
4.352982
4.360226
4.685123
3.584122
3.42136
4.844475
4.442703
3.717045
5.172348
4.307121
4.808113
5.287579
3.964279
5.05751
4.149025
4.301003
4.077282
3.965397
4.897186
4.604927
4.193356
4.649673
4.927898
3.831757
4.048328
4.183601
4.578876
4.468952
4.70694
4.087395
3.794102
2.076813
3.097042
3.971474
4.454346
5.008213
5.217724
5.07513
4.687214
4.364189
3.425838
4.887722
3.388657
5.145729
4.86385
3.952103
3.619511
4.438862
4.683189
5.38731
5.276783
4.693714
4.063599
5.047478
4.481049
4.352077
4.568714
3.965893
3.751648
4.314888
4.213387
4.287525
3.146004
4.695637
3.959766
4.711338
5.271664
4.831776
2.459198
4.066612
5.569248
4.382259
4.871239
5.486347
4.369461
4.120773
4.774551
4.630245
4.527397
4.346394
5.147358
4.740368
4.408714
4.663464
4.979145
3.792706
4.523273
4.095604
3.907745
3.484249
5.023796
4.160374
5.768375
5.12479
5.009563
4.100212
4.516563
4.586712
4.977295
3.928226
4.684189
5.13549
4.580757
4.225006
3.907524
5.031776
3.915581
3.91317
3.598923
3.095901
4.551453
4.408623
5.270172
5.532612
3.755733
4.345013
4.817772
4.638058
5.60619
4.62854
4.17485
3.963444
3.081772
4.975128
4.718731
4.671169
4.874153
5.342384
4.062355
4.145519
4.354298
4.352768
4.737694
4.064865
4.151718
4.566471
4.584988
4.137325
4.479717
4.754768
4.979801
3.067379
4.493267
4.577263
4.454742
5.91888
4.468323
3.411457
4.608021
5.874413
3.761322
4.797054
4.618664
3.447659
4.056606
4.133747
4.322742
4.55143
4.192757
4.416679
2.748325
4.435184
4.438461
4.222931
4.607891
3.805206
4.155716
4.503521
3.770336
5.645813
3.394817
5.254921
4.711571
3.664745
4.07473
4.311634
5.267494
4.899529
4.963295
2.290798
4.357082
4.136917
4.464127
4.482651
4.918652
4.540272
4.306538
5.359226
3.970394
3.060997
5.019772
4.950188
4.930027
4.940517
5.021549
4.205715
4.885456
4.122787
4.173889
4.597572
5.198425
3.53112
5.057022
4.143925
4.92009
4.717041
4.391758
4.526791
4.655441
4.609978
2.965244
3.944145
4.937717
4.345852
4.979584
4.14283
4.066952
3.617699
3.30241
4.876926
3.04884
4.434166
5.345322
4.129559
4.403004
4.817677
4.398243
4.31039
4.669907
3.960888
4.858112
4.45182
4.236008
4.606964
3.224213
4.518509
5.023674
4.629845
5.305214
5.298008
4.688877
4.756516
2.697083
4.491737
4.457195
4.985298
5.175034
4.442986
4.893047
4.570744
4.863251
4.664524
2.659496
3.901814
4.994019
4.079433
4.998524
4.714626
3.202324
4.307537
4.854958
4.159149
3.923939
5.077572
4.093765
4.627487
5.082176
4.100872
4.488621
4.291122
4.326351
4.633125
4.249199
3.529297
3.573929
5.34029
3.942661
4.069786
2.24897
5.184418
3.888584
5.032299
5.931774
4.953362
2.671387
4.27293
5.077171
5.016266
5.634502
4.87175
5.11401
3.982155
5.369869
3.406963
4.316948
5.441288
4.067177
4.356571
2.848351
3.754677
4.468033
4.215286
5.238796
3.467812
4.55933
4.860012
5.556858
5.687393
3.597267
3.629227
4.025284
3.84856
5.935966
4.563828
4.15292
4.425735
3.302391
4.401047
5.697174
4.471706
5.538372
5.92672
3.799809
4.687073
5.103722
4.706059
4.868477
5.167427
4.698204
3.851868
4.779442
4.807842
4.982285
4.58424
3.857288
2.954403
4.726116
4.376118
4.564789
5.906986
4.061649
3.025154
3.204006
3.923321
4.872822
4.69268
5.238976
4.33065
4.640011
4.486019
3.872936
4.609024
4.540543
3.728619
4.172821
4.774845
5.098042
5.36475
5.102184
5.510445
5.314011
4.860474
4.318317
4.459431
5.175213
4.274391
5.251419
4.674374
3.831825
4.541916
4.283249
4.359978
4.835163
3.468754
5.066998
4.575565
4.785927
4.706848
4.653027
4.661594
3.770302
4.590797
4.385098
4.277149
4.442982
4.792309
4.611526
4.535614
3.434052
3.600952
4.627403
4.833481
4.191509
3.931046
2.206203
2.924377
4.31937
4.468952
5.107574
5.539867
3.13308
4.810745
4.437698
5.177696
5.504032
3.656441
5.675613
5.051971
4.642506
4.069767
5.012737
5.165573
4.652832
5.085262
4.225609
3.527992
3.135895
4.536465
4.653877
5.122501
5.684196
4.905865
5.047394
4.720806
3.837814
5.341473
4.474003
5.511452
6.057388
