 0
4.301533
3.474274
3.9016
3.700916
4.357338
3.95541
4.60302
4.066414
3.092319
4.518333
3.945633
4.604912
3.726425
3.82209
4.565426
4.106972
5.141735
3.884335
4.178448
4.584274
3.468742
4.654976
4.982536
3.536137
4.493477
3.978931
3.770824
3.998035
4.537788
4.440239
3.865208
4.038708
4.065731
3.753056
3.591152
4.695671
4.274879
3.250931
3.813427
4.015842
4.646156
4.011684
4.468716
4.184677
4.040951
3.867287
2.987949
5.422401
3.592175
4.081734
3.225838
3.257801
4.393864
4.095837
5.182968
3.20483
3.782539
4.559719
2.866955
4.882317
3.941593
4.234238
4.274986
4.381443
4.812668
4.586369
4.688339
4.242435
4.115261
3.260105
4.71106
3.991081
5.04253
5.908306
5.040367
4.726692
3.770527
3.56694
4.16991
3.912525
4.787895
4.51656
4.148247
3.747723
2.851208
3.877285
4.359287
4.256359
4.960281
3.881199
3.495014
4.533749
5.357346
5.001232
4.653721
3.620781
4.448318
4.347115
4.169659
3.872234
4.058422
3.267632
5.467911
3.799755
4.755463
4.898865
4.013321
2.626846
3.802643
4.416073
3.45504
4.930058
3.682434
3.258579
5.15316
5.313435
4.96851
4.344757
4.890594
3.377075
4.634998
4.342682
4.419216
5.807304
4.51881
4.614471
4.205185
5.377026
4.732113
4.234997
4.277493
4.691669
4.952511
4.415539
4.111176
4.192101
3.830189
4.053047
4.793316
4.500813
4.121967
4.050095
4.224876
3.901096
3.517097
4.630306
3.675674
4.27343
3.933216
4.725143
3.896507
4.71645
4.652451
3.896465
4.082142
4.220131
3.784271
3.585842
5.137367
4.642025
4.749462
5.951546
3.902683
4.495674
4.428181
4.932705
3.698013
4.490326
3.641953
3.680229
4.635937
4.490124
3.588936
5.378361
4.415112
4.45932
5.510811
4.744514
4.186504
3.341373
4.012016
3.940033
4.422783
4.474327
4.938637
3.735634
3.805519
4.045486
4.42926
4.920692
4.715385
3.631817
3.802807
4.035236
4.795277
3.200817
4.44315
4.451813
4.387192
4.579556
3.879681
4.444656
2.901505
5.017296
4.057205
4.744709
5.1562
4.108471
4.511261
3.967621
4.254734
4.095982
3.789471
5.317341
4.065907
4.370262
3.213299
4.002918
4.763409
4.636135
4.819935
3.838184
2.990196
4.642281
3.525333
4.641865
5.151051
4.254471
4.781021
4.506218
3.79195
4.159035
4.317722
4.686569
4.653938
4.076569
4.700237
4.947536
5.264008
4.878071
3.401787
4.381783
4.334011
4.692753
4.466839
5.080521
3.251877
4.250603
5.555008
4.006481
4.739742
4.896015
3.308109
4.386749
4.180927
4.962482
4.484913
4.929649
4.495113
4.791889
4.979153
4.518307
4.318283
2.71027
3.915619
4.597786
3.984303
5.288342
5.293083
4.608868
4.517719
4.027264
4.028496
3.673256
3.748566
4.542755
5.296837
5.024227
5.016159
5.097172
3.584713
5.114799
4.413551
5.116608
6.192932
4.358994
4.491848
4.82238
4.817963
4.199329
3.641315
4.640514
3.769733
4.739223
5.057098
4.134735
4.365849
4.018913
4.414093
4.996944
4.26725
2.480297
5.006947
4.409687
4.62154
4.963821
3.694969
2.850563
3.35553
3.903122
5.641335
4.786037
4.810417
4.357544
4.212517
4.753445
4.786777
3.75108
4.474621
4.660088
4.040672
3.959557
3.957962
5.126694
5.070889
4.149796
3.052673
4.150295
4.011677
4.772774
4.43082
4.530746
3.725933
3.636635
4.339188
4.433296
4.56522
5.334743
4.920639
2.61512
3.205269
5.58559
5.534904
4.849209
4.680267
4.650543
4.123589
4.747593
4.740051
5.08168
4.302841
5.017429
3.562599
4.46666
4.23381
3.906712
2.841618
4.619431
4.3484
4.972012
5.29895
4.738327
1.971062
3.769524
3.988567
4.595581
4.562366
4.762768
5.221062
3.982292
4.615692
4.935013
4.019077
4.467983
3.939075
5.061001
4.154709
4.14389
4.134121
4.252285
4.245995
3.481342
3.881149
3.132004
4.357906
4.249649
4.813675
4.956348
4.548294
3.071468
3.342941
4.684383
4.440891
3.441082
4.442245
4.841408
4.290878
5.097069
5.146961
4.837177
3.887367
3.720753
5.054653
3.497284
2.972275
5.012558
4.473434
1.443474
1.386612
3.630867
3.92749
4.4613
4.960968
4.24789
3.751266
4.893986
3.868118
3.768261
4.339966
3.649315
4.743267
4.518826
4.784225
4.588997
3.666725
3.493904
5.06546
5.671982
3.758072
4.325058
4.845703
4.287922
4.43399
2.845032
3.569477
4.813728
4.719433
4.196732
4.578056
4.719143
4.388847
4.071735
3.264729
4.423763
3.653164
5.358311
4.906593
5.406387
4.872669
4.689354
4.846752
4.502151
4.477379
4.729366
4.603283
4.915222
4.275761
2.965752
4.10405
4.99509
4.128635
5.069012
5.552139
4.469921
5.250145
4.220757
3.765705
5.144897
4.653767
3.976212
5.182472
4.953415
4.634697
3.709496
4.568954
4.65604
3.805878
3.570171
4.150913
3.877144
4.314762
3.8769
4.395638
4.154255
4.232643
4.37315
4.000099
4.529903
4.082142
3.978085
3.231113
3.719398
3.000031
4.554352
3.717663
4.302513
4.897991
4.560387
4.416607
3.781887
4.165863
4.755264
3.627018
4.981155
4.269348
4.85273
5.697979
4.183548
4.48436
4.540527
3.749523
3.451939
5.231159
3.781597
5.07848
5.426403
4.631546
4.054153
3.47123
4.895142
4.065174
5.320786
5.503601
4.186954
4.245029
3.370815
5.0168
4.296417
4.483299
5.474049
4.041855
3.070358
4.757076
4.915016
4.895866
5.946758
5.291931
4.182354
4.597389
4.059868
5.129612
4.176018
3.656677
3.868973
4.854343
4.291008
5.114014
5.23851
4.925411
4.684654
4.508972
4.050182
4.04269
4.241009
4.795082
3.633667
4.30608
4.6702
3.710175
3.177242
4.38615
4.016129
4.302048
4.315319
3.983459
4.524391
4.203304
4.149071
2.986408
5.236004
4.255455
4.569622
4.171196
4.063541
4.068832
3.815815
4.423058
4.148087
4.588009
4.643402
4.117058
3.595421
4.031757
4.923225
4.268967
3.512589
4.742836
3.324982
4.110695
5.180313
3.694469
3.939125
4.220135
4.712791
4.427536
4.598648
4.553505
3.629246
4.501831
4.246773
4.451626
2.771595
3.328747
4.141388
3.830883
4.295864
4.818459
3.661053
3.890957
4.354172
3.88554
3.823856
4.712563
4.826855
4.896248
4.923203
4.734371
4.455051
4.559834
4.670639
4.320663
4.900574
4.601254
3.652687
4.235897
3.974052
5.35482
4.560467
4.692753
3.136398
4.628841
5.099091
3.50285
3.515179
4.871429
4.341301
4.928352
3.823994
4.341839
4.804287
4.908947
4.389229
4.914654
4.347687
4.747318
4.392807
3.580254
3.738514
4.972149
4.676952
5.361504
4.130505
4.424961
4.202255
5.274521
4.917446
4.920238
4.008629
3.86515
4.292355
4.435116
4.801205
4.295464
4.641979
5.157581
4.99057
5.256779
4.457401
3.425648
4.942219
4.142994
5.073845
4.535892
4.792843
4.711308
4.456253
4.51368
3.37204
4.487083
4.739037
4.116322
4.590435
4.3265
4.296089
4.947601
5.127918
4.85582
4.462261
5.164783
4.198029
4.870129
4.358818
4.79327
4.474365
4.070621
4.846306
4.651474
3.710381
4.90197
3.431747
4.439968
4.49379
4.4832
5.966705
4.747047
3.507065
4.252823
4.581795
4.976753
5.719273
4.523003
4.798004
3.972404
4.812374
4.00943
3.453838
4.588848
4.964062
4.578526
4.96439
4.56435
3.803642
4.302505
4.681667
4.521839
4.775372
3.419304
4.417805
5.176086
3.752228
4.890705
4.707863
3.92448
4.020397
3.42939
4.172085
3.515083
4.779873
3.72287
5.074169
5.197247
4.752579
3.85516
4.666157
4.232521
2.735123
4.133865
4.863976
5.142559
3.70097
2.598175
4.477184
4.379108
4.042343
5.154053
5.596603
4.483395
3.697155
4.669331
3.131786
4.617973
4.597836
4.209782
3.819221
5.168381
4.402283
5.621723
5.451794
4.542152
3.582924
3.898388
5.210384
4.125301
3.494556
5.317619
4.85878
5.286964
5.473415
5.446194
4.793839
4.322651
4.871677
4.383564
4.697945
4.484867
4.090477
3.850487
4.726933
4.847912
4.28014
3.930843
4.130642
3.469559
3.901157
4.748447
4.670509
4.660023
3.475803
4.711628
4.439266
5.241688
5.283649
4.94838
3.974503
4.664082
4.44376
3.81773
4.575466
4.005585
4.540985
5.583397
4.931015
4.556461
3.652367
4.398338
4.950714
5.165482
4.886036
3.540031
4.832253
4.405994
4.323914
4.144249
2.812469
4.888653
4.044952
5.118843
5.498028
4.311771
4.199497
4.049446
3.774574
5.164894
4.500011
4.862949
4.716881
4.771469
3.923622
4.504471
4.396282
4.551815
5.796947
3.519859
2.701267
4.428226
4.711178
4.539013
5.838181
5.281143
4.392754
4.631523
4.085186
4.763691
4.770138
4.61507
5.212742
4.826435
5.036701
4.225925
3.838013
4.314686
4.979622
4.475189
4.518852
4.234406
3.870659
4.812794
5.108315
3.904335
4.587788
4.564056
3.890583
4.34026
4.680069
4.531399
3.415581
5.082668
4.700939
4.8433
5.212898
3.64539
4.96859
4.807594
5.007034
5.384106
3.320053
4.462288
4.917152
4.915215
6.074089
5.218842
4.278938
4.542992
4.748714
4.558235
4.63493
3.167801
4.833122
4.820564
4.609432
5.648819
3.082977
4.468655
4.778099
5.544884
5.538815
4.633881
4.90567
4.787968
5.008831
4.081028
2.240475
2.122665
3.663685
4.420876
4.983982
5.094414
3.922821
3.75996
5.00349
4.843098
5.002552
4.81501
5.429527
5.307587
4.328102
4.819584
5.126686
4.67152
4.993111
4.807476
4.873547
4.950378
4.017136
5.410316
4.33469
4.708199
3.451675
4.229298
5.232235
5.793179
4.195084
4.656624
4.791454
3.940968
5.334007
5.042507
3.56739
4.427368
4.583111
4.316402
5.828445
4.528255
5.307583
4.916367
4.989166
4.539707
3.760883
1.81403
4.7976
3.778946
4.91428
5.680893
3.608833
3.399635
2.946922
4.679157
5.14539
4.593491
4.358887
5.576004
4.581493
4.747932
4.261635
3.639549
4.527454
5.391865
4.869129
5.523499
5.31572
4.387463
3.537689
5.377865
5.034061
4.71661
4.78793
4.514191
4.172527
4.992329
4.34713
5.098122
4.810112
4.843349
4.213852
5.157505
5.111748
5.824085
5.553028
4.773342
