40.03702
39.86907
39.86893
39.91141
39.89275
39.84089
39.80531
39.81379
39.85985
39.91123
39.89199
39.84982
39.81738
39.84202
39.86907
39.86469
39.8823
39.90429
39.8904
39.83418
39.87748
39.85639
39.76344
39.78642
39.86029
39.9129
39.85411
39.84013
39.91459
39.86051
39.80386
39.88677
39.98238
39.89142
39.81308
39.77288
39.87793
39.87731
39.83876
39.79746
39.8094
39.86152
39.80355
39.83251
39.77143
39.76784
39.78246
39.7534
39.86425
39.90764
39.79067
39.88075
39.85829
39.80872
39.86293
39.8951
39.89197
39.92169
39.87896
39.95543
39.93387
39.85199
39.90578
40.00038
40.06896
40.00544
40.00921
40.04615
40.04627
39.97996
39.98238
40.03699
40.06071
40.04748
40.06315
40.04641
40.10978
40.09683
40.07841
40.04295
39.95215
39.98841
40.09253
40.05924
39.94925
39.92675
39.98491
40.01949
39.98913
39.93054
39.97993
40.05789
40.01948
39.97562
39.92979
39.9588
39.96086
39.9472
39.94826
40.0044
39.96454
39.96029
40.0279
40.03136
39.94754
39.88894
39.90033
39.96923
39.99569
39.88637
39.89762
39.97316
39.93466
39.93559
39.92986
39.90843
39.90268
39.88781
39.87475
39.86402
39.8428
39.80548
39.81949
39.75056
39.73956
39.84492
39.91283
39.84455
39.85723
39.85615
39.89798
39.94307
39.90403
39.91157
39.9382
39.92219
39.86224
39.80935
39.88667
39.98125
40.00959
39.92395
39.88767
39.93723
39.88173
39.86986
39.86706
39.91561
39.93637
39.93281
39.92098
39.92228
39.91427
39.96291
40.02317
40.02479
39.95349
39.93455
39.95977
40.00143
39.99022
39.97697
40.01355
39.92448
39.89021
39.89315
39.89044
39.87878
39.86795
39.85976
39.85654
39.90387
39.9094
39.87115
39.93033
39.85818
39.87247
39.91297
39.84858
39.85385
39.89769
39.84828
39.78801
39.78281
39.72892
39.75694
39.81897
39.88387
39.92208
39.89446
39.85681
39.92174
39.92069
39.8175
39.78682
39.85629
39.81762
39.79313
39.81849
39.82199
39.78785
39.78146
39.83914
39.84776
39.83664
39.84709
39.80038
39.8273
39.85751
39.80145
39.79551
39.78536
39.8076
39.78115
39.73149
39.82089
39.87395
39.89225
39.86865
39.90112
39.90864
39.90556
39.8993
39.83014
39.83254
39.82069
39.80416
39.83299
39.8885
39.87396
39.84871
39.86609
39.86767
39.81369
39.79455
39.85227
39.90264
39.92627
39.94202
39.99328
39.94449
39.94175
39.941
39.95814
39.9966
39.96674
39.94463
39.88087
39.91186
39.90667
39.91077
39.9263
39.87329
39.8512
39.86232
39.81742
39.76765
39.79229
39.8007
39.85409
39.81361
39.69349
39.66511
39.73498
39.83445
39.86572
39.80401
39.80156
39.83266
39.78424
39.77742
39.82991
39.89054
39.79571
39.73446
39.75334
39.81072
39.72649
39.71626
39.7959
39.85006
39.72252
39.70946
39.75242
39.85531
39.8899
39.81475
39.82568
39.83901
39.77445
39.73326
39.65903
39.7068
39.81396
39.85735
39.77742
39.76089
39.82499
39.8065
39.84511
39.89214
39.86238
39.84095
39.82889
39.81586
39.81719
39.86025
39.84115
39.8405
39.90548
39.99202
39.96812
39.95523
39.97358
40.01947
40.03532
39.94698
39.89765
39.8804
39.98699
39.96962
39.9059
39.88913
39.93209
39.92993
39.98467
39.96875
39.92792
39.94615
40.05375
40.01904
39.91973
39.95485
40.06382
40.05355
40.10703
40.10842
40.04924
39.99289
40.02135
40.02358
40.01295
39.93804
39.95754
40.02248
40.06703
40.04073
39.99682
39.9955
39.98918
39.99819
40.00406
39.95093
39.96232
40.02166
39.9776
39.93442
39.9679
40.02433
40.03174
40.06659
40.08032
39.98819
39.9795
39.97531
39.90581
39.93757
39.98442
40.01535
39.97336
40.062
40.08967
39.98397
39.97416
39.97729
39.99169
39.94504
39.91772
39.96926
40.06709
40.03414
40.0074
40.06095
40.0785
40.01745
40.00789
40.02608
40.03509
39.98362
40.00663
39.93687
39.95245
39.91624
39.91918
39.92623
39.90072
39.88158
39.89415
39.91916
39.94977
39.92057
39.89476
39.89281
39.87962
39.88555
39.9461
39.97449
39.88401
39.89291
39.85086
39.78209
40.03336
40.14067
40.0903
40.0985
40.15345
40.10587
40.12294
40.16609
40.13791
40.06905
40.09055
40.08866
40.04103
40.03226
40.04891
39.99193
39.92004
39.96171
39.92772
39.90525
39.93647
39.95768
39.93043
39.90296
39.83732
39.80156
39.88739
39.93636
39.96673
39.94402
39.96443
39.95802
39.95915
39.94542
39.94059
39.96526
39.94599
39.88391
39.90613
39.91109
39.85758
39.9151
39.93872
40.00399
39.96346
39.98265
39.99785
39.94301
39.93233
39.89619
39.96093
40.02353
40.02708
39.95106
39.92997
40.00865
40.00483
39.95124
39.92898
39.9473
39.99187
39.94498
39.92165
39.91379
39.92776
39.94774
39.98002
39.9856
39.9347
39.88588
39.90262
39.9615
39.94431
39.97072
39.95184
39.93462
39.88969
39.93443
39.92408
39.94766
39.90898
39.87004
39.82536
39.95002
39.98278
39.99867
39.98085
39.89905
39.86609
39.8886
39.9455
39.93398
39.9356
39.90626
39.9052
39.98233
39.95053
39.99032
40.05803
39.94429
39.86195
39.92097
39.93937
39.92451
40.00311
40.01465
39.96542
39.93678
39.93759
39.99049
39.94551
39.90916
39.98893
39.96659
39.88937
39.88489
39.88469
39.88674
39.90022
39.9545
39.93234
39.87388
39.87317
39.84763
39.88407
39.89126
39.92523
39.92069
39.90823
39.8724
39.81224
39.79993
39.84151
39.84472
39.86673
39.95346
39.90725
39.91635
39.89673
39.90584
39.86548
39.85631
39.86741
39.88204
39.88149
39.9279
39.91838
39.94908
40.02487
39.98135
39.90117
39.94024
40.04126
39.98606
39.89051
39.95287
39.95254
39.87975
39.88842
39.91065
39.91803
39.9276
39.91997
39.93015
39.98459
39.94033
39.91436
39.84821
39.84801
39.92893
39.86548
39.8322
39.82046
39.85227
39.85886
39.82794
39.79135
39.86142
39.86586
39.88345
39.84184
39.83755
39.89351
39.99194
39.91709
39.89704
39.92799
39.91942
39.94135
39.90266
39.85342
39.88153
39.81691
39.73671
39.79371
39.83902
39.85489
39.84221
39.89543
39.93089
39.86481
39.91383
40.02981
40.04779
39.98557
39.95679
39.91421
39.951
39.93919
39.90343
39.91977
39.93068
39.90023
39.92651
39.95614
39.95082
39.91942
39.90915
39.91703
39.89238
39.89974
39.91957
39.96042
39.97116
39.9467
39.89076
39.82086
39.77727
39.83659
39.89928
39.89053
39.85196
39.80628
39.80211
39.86839
39.896
39.89547
39.88971
39.84792
39.89065
39.91579
39.92591
39.92005
39.89718
39.8936
39.86774
39.84565
39.86002
39.86553
39.84173
39.86261
39.87615
39.78475
39.7574
39.77685
39.89289
39.87564
39.8441
39.90392
39.94932
39.93752
39.89905
39.88
39.90692
39.94555
39.97309
39.93818
39.89393
39.90903
40.00775
40.04195
39.97852
39.9035
39.85986
39.85566
39.93686
39.92469
39.76789
39.74141
39.7864
39.8283
39.81688
39.85482
39.83597
39.84993
39.81533
39.7964
39.77068
39.79058
39.80387
39.80989
39.8271
39.77363
39.8607
39.85505
39.75687
39.7629
39.778
39.8301
39.8466
39.81446
39.75977
39.77227
39.81989
39.76424
39.68882
39.7013
39.79862
39.76257
39.76253
39.81477
39.79155
39.69607
39.70577
39.76787
39.74297
39.72872
39.75398
39.79625
39.79163
39.80728
39.88246
39.91433
39.89019
39.84908
39.81417
39.81576
39.82078
39.83988
39.91684
39.929
39.86353
39.83235
39.88793
39.92489
39.90863
39.85613
39.85303
39.85522
39.87772
39.91573
39.94445
39.94267
39.94631
39.99417
40.05973
40.02764
39.96899
40.00473
40.00365
39.98847
40.03633
40.02808
40.04353
40.01943
40.05368
39.98588
40.01192
40.05476
40.03894
40.04661
40.07206
40.08903
40.01019
39.98619
40.01507
40.06601
40.05933
39.99839
40
39.99609
40.02167
40.08717
40.00174
39.94918
39.97297
39.9868
40.01421
40.03045
39.98376
40.02296
39.95497
39.93075
40.00302
40.02105
40.06424
40.107
40.13025
40.12565
40.13718
40.12027
40.11568
40.1236
40.13541
40.1614
40.19773
40.1847
40.11086
40.10626
40.07458
40.03013
40.04088
40.1398
40.15262
40.08916
40.01239
40.04742
40.08088
40.06265
39.98727
40.00518
40.00088
40.03089
40.05398
39.99146
39.96557
39.98352
39.98649
39.98467
39.92509
39.98389
39.94729
39.94399
39.91792
39.95162
39.99065
39.92657
39.92155
39.99264
39.97812
39.99239
40.00716
40.02029
40.02104
40.05132
39.97961
39.97515
40.03596
40.02142
40.01474
40.01538
39.95631
39.90596
39.9123
39.93869
39.98668
39.97551
39.96923
39.96353
39.95636
39.97464
39.97718
39.99238
40.02497
39.95818
39.87318
39.92347
39.91045
39.89633
39.91845
39.87219
39.86594
39.88034
39.85085
39.91705
39.92076
39.83463
39.86609
39.91903
39.90531
39.90173
39.98652
39.97811
39.97885
39.94954
39.94666
39.93691
39.92298
39.92663
39.94337
40.0093
40.00721
40.04199
39.98619
39.95574
39.99479
39.99765
39.95701
39.94913
39.9732
39.99987
39.98897
40.02621
39.86787
39.78646
39.87031
39.96495
39.92271
39.80868
39.79684
39.9505
39.95706
39.85646
39.92354
40.01087
40.04472
40.02747
40.07277
40.05538
40.02694
40.03155
40.08017
40.06721
40.04267
40.07542
40.10838
40.14982
40.07008
40.02209
40.06839
40.12667
40.14544
40.16843
40.133
40.10567
40.09099
40.04472
40.05937
40.10943
40.1054
40.07998
40.08518
40.07788
40.01235
40.09594
40.10098
40.07396
40.04374
39.99881
39.97986
39.9707
40.02217
40.01294
39.91463
39.99344
40.00528
39.96816
40.00974
39.99926
39.92381
39.88881
39.89013
39.90594
39.9049
39.89772
39.86414
39.88502
39.92298
39.95568
39.93206
39.90329
39.90172
39.96204
39.92097
39.93385
39.87708
39.90058
39.86519
39.81667
39.75603
39.7883
39.80389
39.82126
39.79327
39.76712
39.76275
39.76704
39.81085
39.86014
39.89344
39.90569
39.91167
39.90087
39.85471
39.85154
39.85364
39.89158
39.82478
39.74496
