53.37734
49.55244
49.55243
49.54743
49.57802
49.58482
49.56097
49.53261
49.50816
49.4672
49.44066
49.41935
49.48008
49.41375
49.45049
49.4354
49.43271
49.45178
49.43851
49.42248
49.42354
49.44027
49.48136
49.4275
49.456
49.45131
49.44524
49.42694
49.49137
49.43838
49.4067
49.39866
49.47089
49.47443
49.47523
49.46662
49.5
49.54517
49.51785
49.53654
49.50445
49.59126
49.58899
49.61601
49.55703
49.59893
49.57565
49.61841
49.62565
49.62322
49.64412
49.66552
49.64751
49.64161
49.5725
49.5777
49.54613
49.51318
49.5225
49.51323
49.57074
49.55175
49.56578
49.49506
49.53559
49.54194
49.55045
49.53202
49.54502
49.53166
49.54309
49.49973
49.52822
49.57474
49.55715
49.63994
49.60223
49.5788
49.60068
49.65038
49.59723
49.57245
49.57162
49.61691
49.58469
49.58357
49.58805
49.55068
49.54448
49.58287
49.60868
49.57568
49.53917
49.55469
49.61514
49.6581
49.58786
49.60301
49.54766
49.60854
49.62019
49.70412
49.64894
49.62093
49.59127
49.70759
49.63981
49.58968
49.51976
49.62389
49.57577
49.51746
49.44608
49.47954
49.45587
49.48941
49.47777
49.47041
49.39558
49.44675
49.42111
49.4311
49.47554
49.48545
49.48532
49.50859
49.52813
49.6253
49.54189
49.61203
49.70722
49.73723
49.69374
49.72689
49.7099
49.73622
49.70042
49.70708
49.72897
49.67481
49.70754
49.70709
49.73623
49.65078
49.62423
49.66819
49.63365
49.60839
49.61604
49.61169
49.53039
49.51986
49.52648
49.51584
49.49643
49.49129
49.46549
49.43552
49.42927
49.45361
49.43787
49.42484
49.44898
49.51465
49.50998
49.50035
49.50456
49.4976
49.60474
49.61434
49.63677
49.57957
49.61332
49.66743
49.6717
49.62811
49.63433
49.61079
49.67889
49.63969
49.61149
49.65351
49.64632
49.59954
49.61969
49.57483
49.58191
49.5879
49.64733
49.62865
49.62814
49.5386
49.57151
49.64286
49.64577
49.59939
49.58565
49.55722
49.54064
49.52287
49.60696
49.58628
49.56637
49.54961
49.48236
49.47913
49.43818
49.45722
49.40213
49.40396
49.37524
49.43137
49.37258
49.36987
49.46842
49.46279
49.41685
49.48422
49.58889
49.54177
49.49229
49.56442
49.5994
49.67994
49.63348
49.6585
49.71011
49.72906
49.75553
49.7277
49.68811
49.7261
49.80343
49.7945
49.74744
49.76919
49.83095
49.79653
49.76658
49.78716
49.82936
49.78218
49.79134
49.81848
49.81498
49.83642
49.83295
49.81487
49.80276
49.79914
49.83799
49.8765
49.87624
49.87983
49.94332
49.90105
49.84524
49.92899
49.94999
49.93712
49.96199
49.97537
50.02551
49.97268
49.98941
49.94797
49.99048
50.00681
49.95759
49.93143
49.97883
50.00058
49.92525
49.95591
49.97654
49.9763
49.96629
49.99332
49.99802
49.97842
50.00071
50.02243
50.01569
50.07064
50.02771
49.99951
49.92065
49.94183
49.92396
49.92998
49.88924
49.84412
49.80806
49.85236
49.86747
49.8412
49.82545
49.80988
49.79575
49.79979
49.7441
49.80591
49.76764
49.7893
49.75104
49.75389
49.73309
49.75442
49.71593
49.77456
49.75042
49.76455
49.72116
49.75356
49.72538
49.68096
49.7375
49.73967
49.70142
49.69079
49.70417
49.68814
49.71686
49.75009
49.75898
49.798
49.7651
49.74171
49.79516
49.75866
49.72711
49.76349
49.72828
49.78833
49.77788
49.81075
49.79873
49.83677
49.83062
49.84656
49.82845
49.8768
49.84727
49.87403
49.88123
49.87712
49.84348
49.7714
49.7737
49.87263
49.87825
49.90657
49.86212
49.86334
49.87926
49.89443
49.88749
49.855
49.93811
49.91015
49.92755
49.92657
49.97617
49.99099
49.97701
50.01588
50.03492
50.07441
50.0691
50.05373
50.00123
50.05903
50.06624
50.05296
50.03943
50.01268
50.04601
50.06933
50.01442
50.02357
50.0877
50.05719
50.07109
50.02263
49.98467
49.95116
49.9814
49.93539
49.91877
49.94461
49.96479
49.89945
49.83772
49.89174
49.78323
49.78811
49.8212
49.79897
49.79873
49.7858
49.72689
49.75483
49.83678
49.80308
49.76714
49.73622
49.71082
49.73109
49.71032
49.7154
49.71189
49.6269
49.5787
49.57458
49.57331
49.53873
49.5293
49.52021
49.48871
49.50213
49.5188
49.46431
49.44487
49.40069
49.35215
49.37424
49.40503
49.4383
49.41234
49.41982
49.49177
49.53529
49.54529
49.61606
49.64384
49.66206
49.65508
49.74352
49.74132
49.68077
49.7642
49.77892
49.78698
49.74942
49.72433
49.77346
49.77591
49.74881
49.79092
49.77554
49.82165
49.83606
49.86802
49.85247
49.87251
49.90163
49.89326
49.86958
49.9398
49.96661
49.98231
49.91912
49.87772
49.90998
49.91674
49.95042
49.92959
49.93787
49.95543
50.00143
50.02396
50.00793
49.93646
50.02157
50.06687
50.10064
50.05566
50.09323
50.11785
50.08135
50.1078
50.14087
50.12791
50.1293
50.11649
50.11572
50.15867
50.13488
50.14753
50.11145
50.1316
50.08926
50.11992
50.13803
50.14265
50.10691
50.11545
50.14663
50.17632
50.15815
50.17186
50.10721
50.18663
50.19493
50.13621
50.06001
50.10548
50.13507
50.13712
50.13773
50.13414
50.09094
50.14175
50.09653
50.16724
50.13794
50.08716
50.0254
50.1682
50.17816
50.13097
50.08963
50.10535
50.11313
50.11946
50.08945
50.08649
50.12133
50.10976
50.03331
50.0415
49.99006
50.00104
50.02479
49.97866
49.95524
50.00554
50.02606
49.9589
49.93647
49.99633
49.98333
49.90945
49.90445
49.97383
49.93547
49.90246
49.90586
49.95163
49.95541
49.97427
49.9436
49.93123
49.85695
49.85633
49.95725
49.89824
49.92142
49.95177
49.97092
49.93609
49.91213
49.92532
49.94448
49.9842
49.9999
49.9782
50.00212
50.02279
50.03234
50.08659
50.03366
50.00469
50.01558
50.03923
50.00619
50.09705
50.05977
50.04497
50.0154
50.09014
50.07723
50.03987
50.03513
50.0636
50.13365
50.08545
50.03663
50.0349
50.05525
50.08635
50.06581
50.08241
50.08544
50.08091
50.1565
50.1146
50.11909
50.17104
50.1735
50.09198
50.09448
50.13509
50.10466
50.05286
50.00073
49.92279
49.92415
49.95941
49.96959
49.92168
49.93777
49.96585
49.95958
49.96552
49.97121
49.96257
49.99467
50.0201
50.01884
49.97381
49.996
50.06732
49.99446
49.99873
49.99299
50.01832
50.066
50.06406
50.0011
50.01342
50.08011
50.08003
50.05202
50.03251
50.07496
50.03411
50.01541
50.02993
49.98051
50.03631
49.96973
50.00797
49.94331
49.96615
49.94487
49.939
49.95046
49.97313
49.95172
49.95086
49.88778
49.87889
49.89224
49.90556
49.89957
49.90034
49.8671
49.896
49.88761
49.94074
49.86623
49.91942
49.92145
49.86317
49.90749
49.96315
49.93116
49.90872
49.91378
49.9177
49.9679
49.96655
49.92566
49.95056
49.94436
49.97821
50.01853
49.96559
49.94594
49.99729
50.05739
50.03898
50.00163
50.00724
49.99349
49.98158
49.95532
50.01185
49.9945
50.04254
50.00593
50.0131
50.09919
50.06881
50.0413
50.03642
49.99444
50.05349
50.03848
50.00079
50.07082
50.04066
50.03968
50.02118
50.026
50.03545
50.05217
49.99431
49.9713
50.02504
50.06398
50.0418
50.01338
50.03169
50.09905
50.06161
50.0127
50.05116
50.06066
50.03733
50.04139
50.02831
50.01685
50.08501
50.11528
50.11509
50.04234
50.08784
50.14264
50.14946
50.18942
50.17168
50.16085
50.22823
50.18777
50.20274
50.21952
50.2626
50.17135
50.14153
50.16914
50.1673
50.14962
50.12964
50.08957
50.11341
50.18479
50.17428
50.13718
50.10994
50.164
50.16691
50.12103
50.04967
50.09682
50.09971
50.05577
50.04725
50.0828
50.02494
50.01227
49.98646
49.96796
49.98903
49.96163
49.9459
49.91746
49.88448
49.85637
49.87691
49.84697
49.79401
49.83592
49.80402
49.82614
49.79305
49.77427
49.83039
49.90088
49.79284
49.82202
49.88544
49.87615
49.8155
49.82564
49.87296
49.84371
49.8306
49.85132
49.84884
49.83908
49.8127
49.80456
49.736
49.66872
49.72666
49.72364
49.80567
49.73888
49.71936
49.71989
49.80685
49.79069
49.7553
49.81671
49.78009
49.85034
49.76395
49.76909
49.79189
49.85555
49.76755
49.80991
49.79256
49.79564
49.85174
49.83497
49.81026
49.83221
49.806
49.84114
49.80503
49.83849
49.85179
49.83996
49.8209
49.80096
49.82894
49.82967
49.79153
49.87855
49.87112
49.89033
49.80212
49.84393
49.82704
49.82681
49.86763
49.85707
49.86052
49.86554
49.84837
49.93156
49.93129
49.89918
49.86075
49.87893
49.92749
49.90873
49.90244
49.89795
49.90849
49.90893
49.90851
49.83754
49.84328
49.83412
49.83014
49.80762
49.81181
49.79852
49.86526
49.84408
49.8429
49.86949
49.85337
49.86441
49.83461
49.85546
49.88202
49.90979
49.88435
49.87235
49.95721
49.93945
49.89709
49.96259
50.03482
49.9659
50.00865
50.06401
50.05642
49.99017
50.00263
50.02678
50.00837
49.93294
49.93024
49.86954
49.89406
49.83693
49.82279
49.81371
49.80981
49.84782
49.80752
49.82978
49.85888
49.8499
49.80086
49.8834
49.90349
49.88467
49.89437
49.93832
49.97471
49.96466
49.99112
49.95633
50.00161
50.01261
50.02168
50.04314
50.08943
50.0397
49.9868
49.98323
50.00661
49.98175
49.99368
49.93754
49.94553
49.90288
49.92876
49.92467
49.9099
49.86895
49.91142
49.85559
49.89442
49.85852
49.89022
49.92564
49.93187
49.90646
49.89362
49.88691
49.95107
49.93228
49.98121
49.9133
49.92574
49.94139
50.00221
49.96239
49.93835
49.98222
49.98295
49.93283
49.96534
49.96801
49.98732
49.94554
49.92118
49.94152
49.94707
49.93024
49.95999
49.92364
49.94789
49.9303
49.8773
49.91766
49.9563
49.95684
49.90285
49.86556
49.83648
49.79866
49.77444
49.75441
49.70922
49.72687
49.71447
49.72974
49.73164
49.73719
49.66958
49.69468
49.70079
49.70436
49.74808
49.714
49.71561
49.73968
49.80556
49.75046
49.72458
49.71655
49.72821
49.65899
49.75945
49.71615
49.75004
49.7103
49.68533
49.6735
49.68357
49.59946
