54.17178
49.49783
49.49783
49.4254
49.41955
49.51151
49.50092
49.46825
49.39005
49.35723
49.3833
49.40482
49.39884
49.41763
49.4209
49.39073
49.42056
49.35399
49.37069
49.41896
49.44992
49.4644
49.44981
49.46935
49.44236
49.36834
49.33836
49.34235
49.30197
49.30108
49.29581
49.26261
49.27707
49.26088
49.24039
49.27518
49.30618
49.28271
49.29259
49.23832
49.29027
49.34831
49.2767
49.30582
49.328
49.39444
49.33216
49.35357
49.32994
49.40211
49.46601
49.39417
49.36707
49.41508
49.38814
49.37537
49.33605
49.43313
49.43113
49.3958
49.43269
49.40894
49.47521
49.4379
49.49972
49.52222
49.53951
49.55746
49.53969
49.5841
49.57375
49.57613
49.63791
49.61521
49.59006
49.65982
49.67274
49.63469
49.62199
49.61449
49.62701
49.655
49.67989
49.55285
49.67265
49.67134
49.6749
49.64542
49.58369
49.59714
49.60456
49.55811
49.55281
49.47299
49.53086
49.50702
49.4596
49.5111
49.47216
49.50002
49.47567
49.49223
49.49924
49.48605
49.44235
49.47095
49.44223
49.415
49.3974
49.38363
49.37682
49.37505
49.35328
49.38094
49.35408
49.36175
49.39788
49.39618
49.40479
49.4001
49.41075
49.43645
49.43371
49.47635
49.4571
49.51049
49.53147
49.53297
49.56465
49.58966
49.58134
49.55643
49.55464
49.56933
49.521
49.54179
49.5813
49.58691
49.60686
49.58437
49.61311
49.65632
49.7044
49.6931
49.70464
49.69041
49.66111
49.74543
49.65656
49.75018
49.69434
49.67359
49.7044
49.70166
49.69982
49.64347
49.70333
49.66609
49.63591
49.65499
49.66601
49.67388
49.66884
49.6495
49.63792
49.67217
49.63519
49.63271
49.58939
49.51941
49.49565
49.54707
49.49001
49.48179
49.4246
49.4606
49.47799
49.52335
49.51094
49.50373
49.54342
49.57193
49.55755
49.55867
49.52274
49.51149
49.50991
49.53811
49.52783
49.51126
49.45801
49.40446
49.44244
49.46044
49.44705
49.35549
49.37285
49.42033
49.43151
49.437
49.44783
49.52931
49.48583
49.57417
49.56586
49.62077
49.53017
49.62638
49.60844
49.61348
49.66344
49.63618
49.64254
49.70743
49.71836
49.72117
49.68125
49.71852
49.70761
49.64765
49.67285
49.6286
49.59054
49.64433
49.65168
49.57397
49.64042
49.64818
49.65449
49.70649
49.7141
49.69535
49.66616
49.76698
49.78832
49.73769
49.69799
49.72845
49.73435
49.71601
49.69008
49.75437
49.69821
49.66628
49.6571
49.66439
49.69661
49.63232
49.65782
49.65929
49.67215
49.62339
49.65978
49.65263
49.64724
49.62866
49.64294
49.64197
49.63566
49.64186
49.63403
49.71273
49.68763
49.6584
49.70157
49.73129
49.79987
49.74958
49.75705
49.72102
49.74646
49.8093
49.79296
49.74946
49.78804
49.76976
49.82695
49.78018
49.69123
49.71907
49.79122
49.77119
49.76894
49.76195
49.78937
49.80173
49.80325
49.78445
49.76583
49.76534
49.75629
49.72083
49.69125
49.72942
49.72318
49.7547
49.69057
49.73658
49.69275
49.74417
49.75337
49.8016
49.80412
49.75528
49.77345
49.79185
49.84702
49.80604
49.83082
49.81472
49.79527
49.81959
49.85289
49.8517
49.88642
49.87361
49.81606
49.80949
49.82392
49.9292
49.87157
49.82417
49.84677
49.8867
49.89955
49.95311
49.8756
49.86872
49.91784
49.99669
49.95501
49.91155
49.92057
49.93041
49.94415
49.85913
49.88572
49.87635
49.8833
49.84502
49.86618
49.88789
49.93835
49.91076
49.90408
49.87544
49.84518
49.82626
49.80229
49.85543
49.85228
49.87858
49.86105
49.9217
49.86673
49.96299
50.01998
49.98009
49.9367
49.95181
49.97171
49.95606
49.97418
49.95773
49.87046
49.90881
49.88762
49.88653
49.8434
49.78571
49.8018
49.82639
49.81127
49.76768
49.69277
49.77739
49.72589
49.74411
49.72931
49.70585
49.67198
49.64108
49.68307
49.70295
49.68481
49.67234
49.6611
49.70317
49.69722
49.67555
49.65589
49.68788
49.70494
49.70287
49.70277
49.71809
49.78325
49.77755
49.81316
49.79902
49.79367
49.88212
49.90434
49.85539
49.83662
49.8834
49.81345
49.79155
49.87286
49.8756
49.81679
49.7575
49.81498
49.72311
49.73881
49.74108
49.75983
49.63426
49.67406
49.75417
49.76208
49.72832
49.7781
49.75309
49.73434
49.73339
49.76977
49.73152
49.70426
49.726
49.67074
49.70991
49.68974
49.70095
49.64391
49.68981
49.74099
49.68782
49.65642
49.66257
49.69735
49.69422
49.71709
49.72299
49.71228
49.68944
49.76635
49.81624
49.84156
49.81093
49.81683
49.87444
49.89366
49.94508
49.93477
49.96888
49.92396
49.94355
49.99182
50.00648
50.01868
50.01844
50.04737
50.07238
50.04245
50.08394
50.05252
50.08067
50.06792
50.09867
50.05212
50.08455
50.04249
50.08759
50.08103
50.11171
50.12152
50.09859
50.07238
50.09167
50.09153
50.07688
50.04921
50.10263
50.11233
50.16307
50.11382
50.11689
50.10505
50.13892
50.2175
50.191
50.14415
50.18995
50.17091
50.17416
50.12806
50.15532
50.23277
50.24544
50.21369
50.23392
50.28054
50.26835
50.24664
50.1867
50.15243
50.15965
50.20971
50.15842
50.17198
50.1234
50.15965
50.13846
50.14649
50.07509
50.04808
50.13027
50.12357
50.14369
50.12077
50.17451
50.19252
50.15916
50.11742
50.1868
50.19415
50.12063
50.13529
50.15238
50.10391
50.12411
50.16598
50.14978
50.1047
50.09589
50.08855
50.1022
50.13018
50.16507
50.18907
50.17601
50.18245
50.20208
50.22727
50.20416
50.1443
50.14708
50.15239
50.16422
50.16813
50.1802
50.15585
50.13108
50.06325
50.0876
50.07283
50.06799
50.06456
50.00692
49.96056
50.01502
49.98788
49.97675
49.99323
50.02753
50.02326
50.03404
50.07584
50.05491
50.12331
50.08424
50.14133
50.15343
50.17949
50.19881
50.14624
50.1502
50.1447
50.20661
50.20528
50.12401
50.14777
50.10025
50.09849
50.08537
50.10321
50.05031
50.03691
50.08835
50.05568
50.01701
50.0709
50.05202
50.07899
50.12431
50.12643
50.17279
50.16761
50.22825
50.20317
50.24813
50.22136
50.30285
50.27312
50.2316
50.14674
50.14284
50.14499
50.12729
50.11372
50.12627
50.14279
50.12437
50.06547
50.11333
50.12454
50.07367
50.0299
50.00069
49.99558
50.02184
50.0063
49.99618
49.96449
50.06578
50.00465
50.05022
50.10127
50.081
50.04803
50.07763
50.11688
50.13071
50.06702
50.08158
50.08517
50.10094
50.04976
50.04512
50.03383
50.06777
50.04472
50.09445
50.01892
50.06597
50.09495
50.11399
50.0702
50.14831
50.06147
50.05109
50.08616
50.03892
49.98205
49.96987
49.99136
50.04003
49.95709
49.93792
49.96136
49.96832
49.97246
49.95299
49.90921
49.93044
49.96448
49.95717
49.99334
49.96696
49.94059
49.99961
49.98896
50.03688
49.96806
49.93852
49.85613
49.88014
49.91611
49.91863
49.87774
49.95906
49.89244
49.91585
49.85538
49.90879
49.94699
49.96766
49.86248
49.89837
49.89042
49.91172
49.90715
49.95472
49.97343
49.9817
49.94407
49.94339
50.01379
50.02519
50.02433
50.01605
50.09492
50.10143
50.10065
50.08303
50.1264
50.10922
50.16183
50.17211
50.19782
50.23457
50.15684
50.19816
50.21053
50.16131
50.10499
50.15326
50.14522
50.1398
50.15796
50.15434
50.12765
50.102
50.1319
50.18244
50.21498
50.1957
50.15891
50.1842
50.10256
50.14563
50.16966
50.11532
50.12828
50.11082
50.14632
50.06384
50.03585
50.0597
50.06347
50.05912
50.00668
50.00319
50.04912
50.03784
50.05984
50.06688
50.05244
49.99378
49.97472
50.03205
50.03617
49.99907
49.93811
49.88598
49.92194
49.97258
49.9071
49.89654
49.95793
49.93308
49.89658
49.87349
49.83475
49.82643
49.82727
49.83444
49.76715
49.73911
49.79084
49.78801
49.77682
49.78808
49.78325
49.83739
49.80321
49.79559
49.78404
49.80629
49.83633
49.86498
49.85542
49.86819
49.80587
49.86553
49.87551
49.90601
49.84957
49.8724
49.84243
49.81635
49.83752
49.83057
49.80331
49.79743
49.81445
49.76797
49.80513
49.77317
49.81693
49.83238
49.82239
49.77909
49.80819
49.82669
49.8206
49.75863
49.83374
49.85451
49.8143
49.75648
49.77201
49.79092
49.79317
49.75824
49.80046
49.78343
49.83673
49.81019
49.8419
49.81043
49.85406
49.84594
49.89949
49.88578
49.91747
49.86819
49.84251
49.80314
49.79761
49.84413
49.84413
49.84281
49.8378
49.83888
49.84271
49.83428
49.84583
49.79988
49.81857
49.8631
49.84003
49.80799
49.80688
49.75401
49.7191
49.72581
49.69898
49.66684
49.67273
49.72326
49.70116
49.7302
49.74156
49.75431
49.79136
49.80861
49.84084
49.8561
49.86541
49.85142
49.86946
49.87938
49.88983
49.90847
49.8731
49.88803
49.9289
49.92064
49.83349
49.96479
49.92908
49.92105
49.93955
49.91601
49.9019
49.90282
49.88481
49.88517
49.93562
49.93378
49.93834
49.86699
49.87994
49.84164
49.84972
49.86342
49.90779
49.88025
49.8729
49.87312
49.87716
49.88323
49.89012
49.86939
49.90761
49.94241
49.90803
49.89095
49.92403
49.96428
49.91407
49.86562
49.98385
49.93908
50.00757
49.99022
50.0457
50.00254
49.98027
50.09115
50.06597
50.04559
50.02251
49.97532
49.89778
49.92146
49.86207
49.80897
49.7394
49.79038
49.80981
49.76083
49.73239
49.74086
49.73087
49.72393
49.69049
49.66082
49.67594
49.73973
49.73746
49.70797
49.72267
49.77093
49.7713
49.82692
49.83759
49.86047
49.87083
49.87188
49.92867
49.8952
50.00997
50.00586
49.97982
49.97247
49.99751
50.056
50.01607
49.98365
50.05479
50.08791
50.06306
50.03748
50.13504
50.11968
50.0178
50.00806
50.03067
49.98482
49.94977
49.93476
49.91483
49.89032
49.89831
49.94525
49.90959
49.81999
49.83157
49.92466
49.90255
49.84017
49.86402
49.8708
49.90028
49.86742
49.86672
49.95428
49.92847
49.86172
49.85629
49.91673
49.92382
49.8993
49.81717
49.82479
49.78288
49.83571
49.82819
49.76674
49.76094
49.7557
49.75194
49.77312
49.78717
49.76725
49.76861
49.79603
