28.5252
28.93955
29.3626
29.43377
28.90245
28.80372
29.07492
29.15419
28.98478
29.22264
28.89828
28.25576
29.2551
29.2872
29.29154
28.9042
29.22328
28.77206
28.44162
28.63438
29.57
28.71649
29.02616
29.09271
29.16932
29.0076
28.382
29.06228
29.03763
28.58494
28.52328
29.4665
29.09651
29.25192
28.82487
29.09303
29.15766
28.89604
29.14138
28.48394
29.24959
29.15381
28.69277
28.98104
28.8209
28.40136
28.42405
28.62211
29.46778
29.23665
28.91105
28.68168
28.15598
28.7822
29.38301
28.98995
28.8645
28.13593
29.18083
29.26305
29.19498
29.50586
29.19797
29.52922
29.25319
29.31114
28.44378
28.72276
29.5022
29.18975
28.97976
29.31589
29.17688
29.13331
28.6721
29.24122
29.17542
28.93211
29.34728
29.02954
28.52761
29.38988
29.41091
28.92225
28.83612
28.98878
29.46817
29.37705
28.83473
29.17329
28.7712
29.18489
29.54127
29.11222
29.30285
29.01739
29.32384
29.23814
29.06896
28.98202
29.1858
29.01225
29.31859
29.33048
29.01143
28.93593
28.91528
29.62958
29.39392
29.28064
29.17553
28.64014
29.15274
29.12415
28.67592
28.98032
29.17944
29.22816
29.2417
28.80993
28.3819
29.59751
29.17552
29.31256
29.38061
28.69534
28.60579
28.82223
29.77816
29.26774
29.71434
29.26258
29.01878
28.74866
29.33813
29.33211
29.02856
28.69347
29.32437
29.05406
29.01942
28.21635
29.72765
29.33726
29.24605
28.97751
29.2013
29.08747
29.06686
29.02601
29.00104
28.90989
29.11193
29.18394
29.46395
29.20045
29.14913
29.13468
28.97808
28.88538
29.30911
29.24135
29.08709
29.21048
29.465
29.33058
29.30542
29.38165
29.257
29.29129
28.32757
29.45705
28.80702
29.64889
29.34517
28.84475
29.33584
29.26414
29.34679
28.39914
29.10119
29.59611
29.31439
29.39662
29.10757
29.36289
29.44736
29.64365
29.47964
29.04167
29.28347
29.37101
29.3989
28.80525
28.96092
29.36372
29.30296
29.58656
29.17871
29.07641
28.92746
28.81599
29.43217
29.63836
29.22322
29.35182
28.79512
29.44845
29.19439
29.137
28.95758
29.49935
29.47605
29.32875
29.37469
29.17905
29.23698
29.78959
29.3777
29.51896
29.16266
29.44704
29.06361
29.49804
29.23233
28.88223
29.25466
29.68199
29.10712
28.76217
29.74166
29.09703
28.96271
29.19262
29.34551
29.58129
29.31572
29.09819
29.57796
29.46262
29.40954
29.33241
29.57063
29.35076
29.65584
29.6846
29.38351
29.27842
28.83185
29.52134
29.489
29.14127
29.07411
29.59169
29.3796
29.03389
29.05095
29.15199
28.67771
29.60501
29.38417
29.36248
29.50365
29.25327
29.22181
28.48747
29.45581
29.67191
29.32761
29.82462
29.4767
29.20053
29.22278
29.64676
28.83837
29.5226
29.22847
29.47475
28.64714
29.83231
29.22498
29.4187
29.7996
29.01484
29.35441
29.36733
28.81036
29.2816
30.03355
29.70813
29.54492
29.5693
29.69151
29.43747
28.74844
28.87159
29.66036
29.5565
29.4645
29.39164
29.34768
28.65205
29.19538
29.57222
28.85171
29.56858
29.30579
29.29697
29.28654
28.33526
29.7607
29.89272
29.5522
29.51726
29.36474
29.77397
29.09167
28.59777
29.64985
29.61938
29.61944
29.63459
29.28208
28.53137
29.67316
29.09509
29.31594
28.40404
29.28296
30.14405
29.76275
29.81484
29.43747
29.20243
28.6801
29.65354
29.91468
29.32379
29.60105
29.68387
28.92097
28.81513
28.81775
29.34875
29.86459
29.43022
29.73815
29.55436
28.6385
29.17817
29.69522
29.29853
29.29761
29.67169
29.30662
29.50536
29.80017
29.15752
28.55609
29.21389
29.68061
29.37774
28.73796
28.6208
28.81035
29.66046
29.36378
29.37982
29.40433
29.84821
29.56863
29.38677
29.41815
29.35089
29.16052
29.31276
29.38295
29.03716
29.42764
29.10391
28.30753
29.79146
29.6416
29.24353
29.5587
29.64678
28.89189
28.54761
30.03149
29.19954
29.46156
29.48719
28.65647
29.5202
29.59923
29.43354
29.19601
28.70125
29.63432
29.78192
29.89704
29.86376
29.53315
29.24617
29.45331
29.56126
29.63213
29.39839
28.03144
26.76107
28.18103
29.43131
29.37644
29.18706
29.62153
29.10244
28.88038
28.89334
29.25207
29.28386
29.65323
29.52144
29.16312
29.43128
29.50978
28.49073
28.7184
29.20984
29.71934
29.19045
28.80426
29.33031
29.32679
29.76672
28.68257
28.57234
28.60726
29.46201
29.66508
29.27467
29.15152
29.75939
29.57248
29.45229
29.20924
28.51135
29.41917
29.55156
29.42181
29.23526
29.46292
29.58806
29.39
29.62931
29.03991
28.75781
29.29159
29.59854
29.67346
29.59279
29.44927
29.55222
29.45478
29.60142
29.2668
29.16676
28.8698
30.01577
29.32826
29.34515
29.56565
28.78805
29.45567
29.36995
29.82087
29.11657
29.50165
29.88153
29.20958
28.59575
29.02193
29.6269
29.38318
29.66289
29.34905
29.78917
29.39202
28.79725
29.2442
29.68205
29.6462
29.11545
29.21512
29.32128
28.89259
29.66751
29.73528
29.255
28.70019
28.87635
29.61357
29.72303
29.60744
29.64693
29.57282
29.6455
29.09231
28.80843
29.72204
29.91277
29.48005
29.78561
29.40909
28.42809
29.67922
29.51315
29.37365
29.74568
29.44819
29.76556
29.59912
28.5924
29.77863
29.98396
29.43541
29.37231
29.87947
29.11175
29.35468
29.51919
28.94597
29.55686
29.57526
29.20725
29.35745
29.74847
29.19039
28.89705
29.83128
29.94744
29.49545
29.22645
29.51843
29.06432
29.59094
29.42283
28.94004
29.28958
29.4266
29.57688
28.72889
29.40995
29.53744
29.62587
29.52143
29.15429
29.51994
29.73294
29.50829
29.73901
29.14292
28.59075
29.6413
29.54404
29.01374
29.31951
29.12012
29.32302
29.66115
29.49759
29.33564
29.5417
29.25416
29.33039
28.95933
29.0575
29.86847
29.47906
28.66972
29.88026
29.67215
29.5566
29.54959
29.14647
29.88285
29.47322
29.02909
29.21939
29.39284
29.66229
29.51948
29.40503
29.35011
29.72524
29.25781
29.22825
29.18837
29.60266
29.60146
29.46137
29.07613
29.34606
27.9423
28.44959
29.35972
29.29911
29.73657
29.79944
29.79032
29.64691
29.23264
28.69967
29.86594
29.20771
29.56186
29.53705
29.12597
28.88016
29.6157
29.76987
29.94542
29.8841
29.46361
29.42856
29.76432
29.68821
29.24253
29.47163
29.40086
28.99355
29.33691
29.38213
29.45674
28.62974
29.72614
29.40925
29.63397
29.55028
29.5266
28.50305
29.37167
30.09978
29.57333
29.58079
29.58947
29.62087
29.46359
29.55124
29.53661
29.64292
29.46492
29.76826
29.73864
29.38494
29.60604
29.55827
29.28149
29.53674
29.39265
28.99008
28.80038
30.08171
29.55384
29.90339
29.63983
29.77161
29.52596
29.37817
29.50765
29.67825
29.51255
29.69184
29.79069
29.60085
29.41533
29.21004
29.92932
29.46721
29.05895
28.78933
29.1236
29.5308
29.73829
29.97421
29.88967
29.0262
29.79505
29.76702
29.75629
29.88908
29.67376
29.27171
29.50346
28.52542
29.58264
30.00524
29.69584
29.70438
29.74101
29.32583
29.49041
29.64632
29.30019
29.39619
29.59815
29.3036
29.58429
29.72983
29.18836
29.51062
29.83478
29.77212
28.66232
29.87861
29.65005
29.39874
29.95896
29.67024
28.95074
29.68132
30.23427
29.41358
29.4019
29.47838
28.94353
29.33429
29.39077
29.47889
29.47809
29.35195
29.34507
28.53518
29.55993
29.51571
29.28989
29.24977
28.91084
29.47568
29.61862
28.78641
30.12952
29.28455
29.67543
29.17503
28.79546
29.72589
29.51463
29.63414
29.58262
29.52884
28.02231
29.27179
29.38469
29.27184
29.17022
29.69971
29.64827
29.02581
29.50729
29.39726
28.3696
29.65076
29.72187
29.58037
29.27743
29.64754
29.25708
29.30128
29.34461
29.27407
29.25118
29.55063
29.07459
29.58557
29.21271
29.4575
29.62128
29.42932
29.32955
29.31729
29.45451
28.60838
28.93605
29.82223
29.39051
29.52986
29.19527
29.26981
28.73465
28.72655
29.85794
28.76718
29.00531
29.64415
29.19716
29.37218
29.5108
29.37758
29.36743
29.49823
29.24845
29.3009
29.37446
29.29232
29.54413
28.60223
29.57007
29.7147
29.57566
29.79011
29.7178
29.50902
29.60134
28.38402
29.62437
29.57003
29.58479
29.7828
29.3446
29.78571
29.52675
29.67223
29.58152
28.40072
28.90986
29.86863
29.47127
29.4286
29.51628
28.83666
29.40214
29.61222
29.5547
28.84084
29.7343
29.57827
29.36728
29.44715
29.40755
29.39326
29.44438
29.50301
29.36164
29.06141
29.36119
29.03
29.74658
29.17669
29.09287
28.15565
30.03484
29.47422
29.5884
29.97598
29.83219
28.46424
29.39155
29.86363
29.84022
29.87899
29.80206
29.78182
29.02082
29.94036
29.26719
29.24538
29.92344
29.50726
29.42112
28.26281
29.18569
29.58556
29.45372
29.4608
28.76618
30.02769
29.65631
29.88707
29.97211
29.01318
28.68573
29.47013
29.23691
29.9091
29.39859
29.15757
29.39211
28.72845
29.32163
30.03553
29.55878
29.8367
29.92347
28.8595
29.57747
29.73481
29.55989
29.6571
29.57856
29.26036
29.26768
29.5413
29.47564
29.72487
29.53409
28.76415
28.58687
29.63838
29.42073
29.19654
29.99346
29.36007
28.45241
28.289
29.19337
29.65858
29.49668
29.67001
29.3916
29.31753
29.24532
29.04603
29.24631
29.4712
28.73734
29.11821
29.62442
29.83764
29.85045
29.56351
29.85045
29.68784
29.73864
29.11837
29.40219
29.84067
29.35754
29.74532
29.63044
28.95809
29.55093
29.42401
29.41257
29.46578
28.91942
29.87853
29.51057
29.51841
29.6113
29.49345
29.58581
29.04161
29.70731
29.43232
29.26162
29.54823
29.79149
29.53288
29.59641
28.85457
28.91947
29.50153
29.61967
29.44294
29.20401
27.86436
28.55495
29.54277
29.60827
29.81201
29.75492
28.40495
29.91245
29.63545
29.849
29.78955
28.71974
30.12953
29.97081
29.58886
28.995
29.53227
29.93905
29.68045
29.63328
29.09752
28.54233
28.76607
29.47703
29.89187
29.31878
29.79557
29.70161
29.80045
29.42145
28.81251
29.87038
29.668
29.71871
29.95892
