24.72168
24.72694
24.54804
24.85303
24.44116
24.49659
24.18874
23.91306
24.60663
24.78751
24.77132
25.29846
24.30259
24.45598
24.80187
24.4546
24.46616
23.81145
24.79442
24.69993
24.53627
25.53077
24.59471
24.3225
24.77377
24.97555
24.1872
24.25247
24.96786
24.73071
24.23804
25.1018
24.49407
24.86471
24.57411
24.27299
24.88097
25.01818
24.06013
24.11452
24.77074
24.98302
25.32132
24.91894
24.51722
24.78244
24.48248
24.8464
24.70736
24.60439
24.39914
23.76801
24.93555
24.70179
24.58111
25.33712
24.35046
24.88074
24.37262
24.89768
24.78115
24.72281
24.31752
24.25752
24.86708
24.99765
24.66824
24.70315
24.72311
24.60349
24.15947
24.19188
24.62269
24.54221
25.29656
25.5085
24.48456
23.90985
25.01129
24.42661
24.64562
24.309
24.90066
24.70193
24.52421
24.32837
24.81103
24.81859
24.24257
25.57608
24.53417
24.79991
24.62419
24.89289
25.47496
24.98598
24.30726
24.61203
24.70019
24.65595
25.40154
24.85134
24.57813
24.28415
25.00056
25.04444
24.80116
24.22329
24.68462
25.24942
24.48851
24.42967
24.68053
24.7484
24.69474
24.36571
24.58248
24.10697
24.72878
24.60112
24.93353
24.69719
25.28987
24.7206
24.94224
24.35162
24.7948
24.20398
24.86868
24.88901
25.36686
24.83971
24.84737
24.26398
24.44232
25.06646
25.01954
24.34049
24.92576
24.10543
24.50575
25.82978
24.77954
23.88567
24.81606
24.88942
24.09748
24.94038
25.28306
24.99521
24.52595
24.51853
24.30624
24.70735
24.6204
25.16651
24.63564
24.22636
25.06889
24.82752
24.57633
24.43224
24.49461
24.93625
24.83967
24.34122
24.40912
24.76636
24.98967
24.6223
24.81577
24.66567
24.50124
25.91993
24.42825
24.6732
24.6085
24.77824
24.71337
24.58949
24.04945
25.40234
25.0209
24.92886
24.64936
24.67309
24.27996
25.41926
25.16128
24.4742
24.85206
24.28126
25.18785
25.12679
24.94835
24.03377
24.6614
24.98133
24.34918
25.21736
25.14083
24.55327
24.43923
24.35462
24.82273
24.81172
24.65453
24.63091
24.65871
24.79044
24.72261
25.40924
23.93008
24.82253
25.84874
24.64042
23.94038
25.0364
25.22916
24.42689
24.61923
24.68917
25.16865
24.3382
24.55902
25.00381
24.21597
25.58277
25.29186
24.78423
24.56554
24.89713
25.18968
24.38921
24.70527
24.5029
25.0869
24.72039
24.61602
25.57148
25.13015
24.55825
24.81824
24.77753
24.76194
24.51165
24.75236
24.92218
24.80395
24.51155
24.98748
25.17688
24.45206
25.02571
25.43748
24.34297
24.57001
25.37674
25.18093
24.76563
24.36506
25.17959
25.34092
24.53734
24.72487
24.39434
25.47117
25.20319
24.01023
25.15491
24.65452
24.36345
24.79284
24.96075
25.784
24.33091
24.92746
25.11441
25.20722
24.5211
24.93108
24.6823
25.36323
25.15595
24.88177
25.01765
24.50539
24.87083
24.84165
24.48691
25.11737
24.63395
24.80566
25.47439
25.30519
24.77268
24.72998
24.59326
25.26763
24.46998
24.98958
24.63431
24.97564
24.88849
25.15126
25.02572
24.86787
24.53716
24.67602
24.85467
25.53118
25.13995
24.25747
24.93293
24.53976
25.023
25.02527
24.88737
24.89591
25.04775
25.1085
24.44211
24.93942
24.71429
24.77063
24.50593
24.30061
24.74356
25.0449
24.68461
25.1726
24.82242
25.09614
24.86888
24.84681
24.82335
24.85382
24.82027
24.69144
24.72226
24.56152
24.77111
24.50334
24.94675
25.13533
24.98889
25.03338
24.76728
25.04694
25.1567
25.18519
24.75959
24.78124
24.70978
25.04409
25.40438
24.73231
24.80922
25.21176
24.6319
24.78397
25.21579
25.2988
24.32443
24.67937
24.87405
24.52636
25.03657
24.75634
24.58709
24.72484
25.75505
24.74495
24.97681
24.9113
24.77837
24.90864
24.24354
24.65595
25.06984
24.89741
25.60385
25.24465
24.73861
24.65069
24.75049
24.69652
24.3527
25.24262
25.42637
25.32433
24.52836
24.75767
25.05835
24.92847
24.61405
25.00413
24.96856
24.30497
24.74904
24.37141
24.9237
25.50872
25.00181
24.49748
24.79983
24.82371
25.0591
24.13776
23.87134
24.54429
24.08353
24.87809
25.40336
24.59278
24.42719
24.54838
24.93686
24.63575
25.24815
24.90212
24.21846
24.63928
24.93611
24.65561
24.54542
24.75154
24.72012
24.75554
24.95092
24.96891
24.9805
24.53443
24.75333
24.52619
24.34151
24.79879
25.41783
24.53949
24.67477
25.60532
24.2273
24.86677
24.72234
25.16609
25.47366
24.52019
24.99491
25.15034
25.17532
24.34513
24.94337
24.7015
25.33142
25.29304
24.69902
24.74536
24.63373
25.21231
25.9355
25.17206
24.65012
24.92432
25.23895
25.0992
24.28411
24.72092
24.67609
25.31578
25.23945
25.55722
24.6225
24.64102
24.71514
25.08942
25.00696
24.94307
25.13272
24.79545
24.91586
25.1189
24.86497
25.07833
24.93972
24.74227
25.08893
25.16437
24.59879
24.81798
25.05393
25.07966
24.44493
24.81071
25.33164
24.87348
24.79763
24.82318
24.97611
24.44538
25.09362
24.34921
25.10296
25.40324
25.27871
24.62889
24.85726
25.21065
24.8497
25.0952
25.11882
24.78324
25.21506
24.77241
24.85823
25.05323
25.01007
24.69102
24.80842
25.36664
24.70326
24.39333
25.36468
24.78076
24.98528
25.19119
24.89475
24.96451
25.44656
24.76448
24.47318
24.77384
24.97437
25.03307
25.19545
24.3589
25.33651
26.23207
25.03433
24.64606
24.87796
24.91793
24.8093
24.60005
25.07815
25.57891
24.9839
24.81328
24.86808
25.0999
24.86751
24.63875
24.89303
24.94505
24.47463
25.45495
25.21909
24.56159
24.47673
24.91844
24.90077
24.89598
25.04362
25.15845
24.59313
25.18562
24.59068
24.47501
24.99248
24.43414
25.54424
25.24661
24.75696
24.8525
24.94683
24.9102
25.11399
25.17186
24.53202
24.81553
24.77501
25.16071
25.06078
24.89012
24.30615
25.24719
24.38565
24.8441
25.0584
25.19787
25.41295
25.15814
24.88681
25.03764
24.71636
25.07225
25.028
24.595
24.48233
25.26597
25.00825
24.66541
25.40822
24.40538
23.95729
24.51071
25.01357
24.42492
25.17068
25.57928
24.7918
24.41799
24.97601
25.20049
25.35698
24.82082
24.88295
25.1158
24.39019
24.99826
24.96259
24.49645
25.6872
25.45238
25.02282
24.56978
24.79764
24.90242
24.99704
24.69448
24.62973
25.30591
25.2894
25.09233
24.30842
25.04613
25.29186
24.8507
25.18646
24.98937
25.16666
25.08888
24.70235
24.50862
24.59143
24.96478
25.08356
25.40268
25.76873
24.9748
24.99896
24.67735
24.85928
24.93535
24.83379
24.97128
25.03421
24.63357
24.88592
24.91207
25.30135
25.5948
24.61235
24.7456
25.03735
24.73081
25.48735
25.29405
24.49741
24.74434
24.92063
25.31081
25.1106
24.92494
25.17563
25.29632
25.48392
25.00219
24.59935
25.15304
24.50519
25.97633
25.72634
24.98169
24.4111
24.89249
25.12699
24.97911
25.4669
24.56552
25.7446
25.22089
24.7513
25.04276
25.05003
24.49525
24.84477
24.73792
25.30852
26.20031
24.78583
24.54428
24.76519
25.25591
25.2874
24.75528
24.86167
25.07243
24.94227
24.6112
25.00506
25.36908
24.78457
24.6886
24.22092
25.08191
25.80054
25.13392
25.12591
25.43855
25.00636
24.68194
25.57029
24.23018
25.33166
25.8928
24.9778
24.62986
24.91434
25.23154
25.00467
25.71481
24.79415
24.55898
25.1887
25.18739
24.88136
24.3249
24.97158
25.04646
24.57092
25.07748
25.26182
25.41034
24.91995
24.98097
24.67946
24.4503
24.95565
25.12114
24.42366
24.64528
25.078
25.37142
24.75085
25.04938
25.45854
25.08708
24.59506
25.00843
24.7858
24.80196
25.0929
24.76612
25.11698
25.35522
24.62745
24.19093
24.82437
24.853
25.15281
24.96831
24.74807
24.73223
24.83306
24.82377
24.80804
24.66233
24.40251
25.02238
25.00647
24.33223
25.14551
24.91016
25.16497
24.72998
24.99724
25.39186
25.03442
24.90872
24.79869
24.59818
24.13562
24.34692
25.32207
24.52314
25.23213
24.97789
25.02951
24.97276
24.88062
24.17447
24.86736
24.98352
24.82952
25.00326
25.18261
25.27198
25.42761
24.30444
24.74213
25.16682
24.60757
24.88407
25.18601
24.43195
24.80596
24.83401
24.74098
25.18478
24.97233
24.23111
24.74578
24.87409
24.89912
24.93608
24.78867
24.48562
24.54066
25.16846
24.94525
24.81282
24.88749
25.07006
24.90164
24.28719
25.27943
24.65385
25.14608
25.23404
24.79588
25.03542
24.8173
24.95161
24.48346
24.32447
24.6581
24.4917
25.10667
25.84078
25.15191
25.13319
24.9721
24.33662
24.74873
24.48274
25.00487
25.01506
25.22654
25.02684
24.83322
24.57125
25.12028
25.25916
24.33464
25.05638
25.06561
24.38302
24.86361
24.7378
24.78351
25.42937
24.9582
24.13021
25.32402
25.34591
24.57167
24.61011
25.13192
25.14643
24.65416
25.26759
25.60458
24.88173
24.77214
25.02237
25.02845
24.45271
24.66426
24.66085
25.43402
25.73747
24.78437
24.93103
24.96745
24.76413
24.74615
24.81884
25.28751
25.67214
24.63556
24.83049
25.55823
24.81191
24.60058
25.0498
24.72193
25.04743
25.11411
24.64011
24.99588
25.52677
25.25537
24.51168
24.45967
24.76013
25.20596
24.62745
24.98904
24.69522
24.98236
24.51009
24.85379
24.95997
24.88378
25.11142
25.08191
24.71366
25.01666
24.83082
25.0167
25.19094
24.57875
25.26857
24.84487
25.13513
25.23355
24.62346
25.45762
25.4323
25.25733
25.24561
24.50198
24.89762
24.7333
25.23338
24.94823
25.08754
24.79496
24.49116
25.27181
25.04266
25.85565
25.81072
24.82889
24.89299
24.9762
24.69923
25.46702
25.00914
24.15937
24.51662
24.64277
24.67271
25.30671
25.58416
24.10803
23.83769
24.67544
25.14395
25.07952
25.51736
24.96282
24.89099
25.18749
25.28068
24.63245
25.17194
24.57622
24.57538
25.14807
24.88888
25.07431
25.25487
24.93577
24.37745
25.25302
25.6146
24.8504
25.01727
24.85841
24.31866
24.68954
25.51973
25.79596
25.51732
24.31448
24.94346
25.05254
25.30078
24.46984
