1.329781
3.288482
2.504931
3.367201
5.77002
1.192709
0.2634248
4.361483
4.236485
2.073045
2.457131
3.926853
5.088859
2.486405
2.338038
2.329775
4.516889
5.962008
3.888855
2.442057
3.482015
3.31647
3.866632
4.250167
3.210555
1.496453
4.791478
3.630365
1.752248
2.140301
2.727301
4.068481
4.089707
4.72348
1.882987
2.137884
3.929531
5.821284
3.132113
1.791108
2.883323
2.78865
4.44314
4.763603
2.494035
1.159061
2.860591
4.683486
4.382733
2.059204
1.33904
3.275589
5.57829
4.02029
2.03399
2.137894
4.416276
3.933326
4.103951
4.27632
2.911985
3.984669
3.02995
4.388759
4.302217
2.525248
1.881501
5.213182
4.795869
1.880754
2.019766
4.773136
4.297565
1.886558
1.828599
5.381356
3.614899
2.837958
3.079646
2.166887
5.536227
3.617778
1.528112
4.241975
3.407449
3.692269
4.343998
3.273211
4.285592
2.044972
2.99329
5.742721
5.097676
1.297975
1.852157
4.640614
3.806641
2.032602
2.980243
3.160797
2.911725
3.308639
3.76177
2.070102
2.713915
3.172398
3.128786
3.558178
3.347331
2.50482
3.93992
4.869747
3.607746
1.341602
2.334455
3.932032
4.785899
2.500441
1.490061
2.94066
4.845373
3.768424
2.49237
3.450643
0.9059845
3.008193
5.670934
1.629356
1.264686
3.028972
4.754207
3.743167
3.29152
2.025116
4.182807
2.417454
3.158914
5.564713
1.504464
0.5815569
2.146123
3.401508
3.219913
4.568294
1.874226
2.97482
3.327914
3.333319
4.686769
4.97102
2.275058
3.897123
2.868877
3.10121
4.752651
1.998685
1.044132
3.41457
4.868026
3.287033
3.369364
2.594012
4.972123
3.199673
2.000691
2.627986
4.541902
3.786091
2.683872
2.672534
1.719755
4.948698
4.169549
0.7963398
1.526776
3.309899
5.587058
2.866906
-0.04527878
1.918223
3.231122
4.265004
3.139648
1.969532
5.242608
3.025648
2.198975
3.030232
5.516389
4.216553
1.927336
1.792516
3.393182
5.484314
4.060498
1.382613
3.332014
3.700795
3.215604
4.636339
4.989799
2.39135
3.627138
3.00911
2.306088
4.417976
4.148026
3.515925
1.812692
3.44143
2.611227
3.466933
4.816591
3.250461
3.546449
2.805956
2.66267
5.335954
3.959995
0.8551238
2.46906
5.15036
4.204692
1.725918
-0.1144531
1.798928
5.246602
4.086377
1.257856
2.253739
3.771268
4.696328
2.738434
4.144836
1.62288
2.341779
3.04309
2.467088
4.524873
4.566519
2.609581
2.702029
4.185929
4.548126
2.379965
2.480597
5.426108
3.711827
1.246682
3.475087
6.589444
3.267628
0.2376136
3.66583
5.471347
2.668527
1.649659
1.803878
4.081328
2.836637
6.112779
1.687284
1.757614
2.75282
2.252127
3.707575
2.390631
2.413522
3.740904
2.180915
3.424743
5.574414
2.862122
0.1329951
3.015683
5.235009
3.04196
1.722708
3.692636
5.307785
2.920404
2.192281
2.595489
5.493869
2.984189
0.9425169
3.32029
4.772256
1.94086
3.855061
5.452868
2.538041
2.494045
2.994391
3.192463
5.494596
4.582364
1.565056
2.694483
4.338631
5.240427
1.814837
2.605196
5.538056
3.005666
1.337168
0.8344593
4.526184
4.236992
2.020247
4.706936
3.266969
2.961456
3.047411
4.923209
4.308246
2.333578
3.065411
4.713625
4.125429
3.327755
3.819117
3.411387
4.653585
4.040112
2.958864
1.943574
2.781208
5.373699
3.291894
-0.07261515
2.564107
4.412159
2.295795
2.254739
4.182574
4.405642
2.712678
2.888668
1.386053
5.67257
3.404796
0.6479893
1.407214
4.299006
2.463773
2.500404
5.177336
2.407484
0.9415323
1.402932
5.184002
3.591137
1.353724
2.047901
2.385713
5.176316
2.32328
3.255669
4.815845
2.879216
3.46144
4.043234
4.656192
3.419855
3.965885
4.044039
2.23152
1.972469
3.801088
4.341783
3.880126
4.438528
3.426224
2.405931
3.475822
3.090515
2.817157
2.752295
3.700219
3.069312
2.653432
5.07486
2.477022
2.3628
6.541944
2.249236
0.5819983
5.103697
4.299318
1.054239
3.432034
6.215199
2.744778
1.800438
3.540547
5.966092
1.16824
1.647352
4.058576
4.504647
1.219594
2.883654
3.615543
2.774159
4.622315
2.268813
1.740609
5.121785
2.799815
1.789984
2.109015
5.316891
1.265636
0.3780516
2.310696
6.54635
3.460208
1.926331
2.088685
3.101359
5.583868
1.719875
2.530723
2.266727
4.508831
4.331727
2.810451
3.383076
4.113989
3.647369
2.736051
2.657428
3.657211
5.89994
3.663448
1.782446
1.274656
4.421123
5.460608
1.630992
2.535764
1.696738
3.146451
3.906022
4.443435
1.75842
2.490566
6.553096
3.032139
0.6365255
3.016157
4.360376
3.994328
3.441838
3.322706
2.79349
3.134412
5.480405
2.247651
-0.382738
3.837463
4.217671
2.867821
1.955294
2.012398
4.395717
4.37356
0.9304159
1.02193
2.462796
2.174339
4.256653
6.126441
2.4505
0.7529052
0.3714006
4.254734
5.258876
3.598881
2.683686
1.509408
2.711982
5.4247
4.807736
4.114698
3.18686
2.053395
3.8922
4.141639
4.074979
3.610816
3.711663
4.243
2.142463
3.396451
3.846296
3.349024
4.472443
3.285994
3.07346
4.023979
4.809075
2.258104
2.376129
6.027964
4.173487
1.308091
1.748594
3.313293
3.35393
2.662555
4.726968
1.476474
3.329647
1.562604
2.774171
6.78194
2.31995
3.508835
4.654271
2.417254
2.046418
5.957905
2.945549
0.7999129
3.588423
4.461195
3.637885
2.050623
3.499331
5.544155
2.52271
2.90861
3.750586
4.978212
3.582556
2.607968
3.330563
2.950866
4.299008
4.865447
2.916956
1.444836
3.387253
4.820754
3.168921
1.529643
3.701194
3.903508
2.739484
2.713424
3.183764
4.990327
2.664454
0.02088277
2.792316
3.879583
3.29213
2.439483
4.090291
3.718282
1.349928
4.915076
3.352774
1.452872
2.348136
5.953884
3.887349
1.095035
1.763107
4.20299
3.557494
4.513806
4.02041
2.689928
1.232324
5.001862
4.096557
2.828801
1.57183
1.02647
3.649808
6.399575
3.545578
-0.3298354
0.6379065
4.775428
2.204054
1.923202
5.596812
1.761897
1.061469
1.675841
4.405622
5.236743
2.181274
1.348765
4.124098
4.333827
2.638067
2.75747
8.178911
3.502634
0.3370978
3.841848
3.210152
2.887027
4.013377
3.596658
3.136378
3.958394
1.680186
5.660036
3.62214
1.834173
3.177394
3.065163
2.466519
3.973863
4.371112
1.587074
2.729048
4.854722
3.700464
3.602705
3.912935
2.2745
2.884087
5.588233
3.619737
1.889168
2.483248
3.944071
4.781999
2.765365
2.599375
2.066488
3.165143
6.464774
2.438648
0.4248602
1.926935
5.494701
3.007313
2.817596
4.144781
2.401778
3.514946
3.404989
2.789014
3.378938
3.354641
2.218974
3.924243
4.140803
2.819865
2.423378
2.919222
4.885105
4.239682
-0.7305714
3.042459
4.955427
3.772747
1.385583
0.4704047
5.397423
3.467021
1.026867
3.494863
5.140527
4.5911
2.539681
2.297255
3.462344
3.832485
4.560525
4.270988
1.5247
1.395232
2.44375
2.889859
3.375029
4.151703
2.508473
1.625566
2.277961
4.342745
5.079601
2.141153
1.426761
3.007552
4.745324
4.506491
1.990648
3.035028
4.115721
4.418413
1.956049
3.05992
6.792415
2.620751
0.6784315
3.329299
3.009499
3.506567
4.625364
3.99816
1.544427
2.59711
2.224111
5.238617
3.425905
3.544127
3.317991
2.066335
1.599735
4.335234
4.817447
1.993516
0.3936138
1.202622
3.53562
5.074455
0.5863435
2.432913
1.127422
3.977619
4.749675
2.627101
1.185755
3.126694
3.37407
3.890583
4.040323
3.247828
3.548227
3.845427
3.957936
4.32782
2.575434
2.144322
3.866708
5.034338
5.019692
2.864185
2.749451
2.569616
4.676514
7.575052
1.178119
1.317019
4.648345
2.318321
0.8408355
2.931895
3.421242
2.456728
2.600699
4.676555
5.179472
1.562726
0.9401939
2.431678
4.960985
2.756806
1.824436
2.113431
3.490958
2.507721
3.457224
3.942041
4.527962
1.948577
1.83119
5.545832
4.23669
1.927935
4.516895
2.143636
1.782411
5.994626
2.285868
1.425397
2.284383
4.428919
3.948685
2.297108
0.6335759
1.420222
3.030086
2.506615
5.738791
1.605934
-0.2301673
1.508818
3.516867
3.89995
2.860853
5.100009
3.788438
1.406575
2.68203
5.900178
3.17909
1.513306
3.167987
3.6443
5.747494
4.424318
4.317958
1.321237
3.736007
5.244915
3.205608
2.914727
2.940507
2.344674
4.586934
2.423787
3.198014
4.085713
2.764595
2.84287
3.149185
4.434211
1.229218
-0.3979621
4.42233
4.623331
2.519397
2.154647
3.993818
3.748349
4.392219
2.766324
1.745855
2.072992
4.162007
3.539617
2.820045
4.424816
4.234329
2.817629
3.538138
4.061615
3.541162
1.861357
4.166424
3.648356
2.701547
6.2678
1.499502
0.7642203
5.473806
4.754417
1.633629
2.050402
4.566868
4.487393
2.822797
3.06996
3.667632
2.746378
5.296086
3.332604
3.569088
4.340824
3.400219
3.42788
3.031909
4.338177
2.337736
1.791344
0.9939104
3.753584
4.720554
2.594861
0.519886
4.100501
3.761744
2.479532
1.047319
6.458349
3.10622
1.814412
3.051877
3.023045
3.366311
3.29573
3.096919
2.282546
3.452559
6.572751
1.458138
2.086002
1.154702
5.570109
3.066244
2.871636
1.318491
3.808815
3.803992
3.101563
4.112386
4.482562
1.532185
3.556105
4.752018
3.647862
2.222668
4.573015
2.871456
5.23862
1.155215
-0.282923
3.024895
3.229113
1.916812
1.56428
4.389666
2.72102
0.592663
1.088714
3.195545
4.914101
3.741999
2.248
2.762524
3.043688
5.047375
3.118028
1.770928
3.25782
5.118666
3.35427
1.584605
1.62414
3.471343
3.367147
3.114223
2.921653
4.166951
2.003394
2.814722
4.808264
3.423032
3.053376
3.199599
2.823705
2.97331
6.151467
3.186173
-0.2627929
2.842933
4.690129
3.376431
3.138722
3.001944
4.89302
3.730508
2.073464
3.460348
2.672171
4.621286
4.428853
3.30628
1.372402
1.143184
4.021933
4.176203
1.936618
1.796155
3.056203
3.231843
4.662163
2.689743
1.82686
2.929943
6.424484
3.516577
0.4544739
4.398949
4.129498
2.763006
1.645377
4.414487
4.056493
2.550925
3.82741
3.78424
2.240937
3.034878
4.099186
3.207473
2.025029
3.018166
4.807803
2.052627
