28.65559
29.27201
29.29524
29.19558
28.62259
28.25922
28.50319
28.29392
29.18062
29.451
29.33156
29.35031
29.12372
28.81091
28.98495
29.0791
28.46246
28.27464
29.55595
29.07553
28.92296
29.07033
29.45823
28.99838
29.01672
29.23009
29.0071
28.04421
29.15751
29.42247
29.15755
29.4254
28.93767
28.94713
29.05191
29.00331
29.04344
29.03676
28.18108
29.30701
29.32029
29.41329
29.27682
29.46356
28.87126
29.33087
28.95297
29.17767
29.1977
28.75841
28.75847
27.93516
28.78676
29.51744
29.2286
29.29824
28.95074
29.25766
29.23053
29.14683
29.18637
28.37318
28.89139
29.26944
29.2172
29.10987
29.12806
29.19003
28.9362
28.88353
28.3231
28.86459
29.3563
29.18351
29.26785
29.46606
29.30139
28.71651
28.56036
28.64547
29.41399
28.8468
28.62646
29.11847
28.90911
28.25
29.35768
29.79169
28.9516
29.38889
28.53961
29.56904
29.77268
29.32263
29.42717
29.37417
28.3221
29.35999
29.54844
29.3066
29.33726
28.67538
29.49307
29.26731
29.01407
28.83175
29.47262
29.32395
28.61578
29.26549
28.96109
29.2237
28.99425
29.14278
29.15522
28.46001
28.65615
28.69619
29.3704
29.40798
29.36768
29.17114
29.34833
29.31785
29.4079
28.97576
28.21206
29.28179
29.71135
29.44423
29.27352
29.26901
29.05375
28.91941
28.48983
29.62475
29.43164
28.22312
29.51726
28.98112
28.98394
29.37655
29.08179
28.87712
28.41318
29.46978
29.05368
29.32978
29.10843
29.39844
29.14876
28.77762
28.83454
29.13331
28.91023
29.45508
29.0999
29.06431
29.21499
28.99257
29.2857
29.22846
28.77329
29.20278
28.82593
28.86807
29.56446
29.04682
29.09325
28.22072
29.58094
29.57798
29.01456
29.59155
28.76622
29.14159
29.60947
28.85128
28.2438
29.63128
28.68837
29.32786
29.51913
29.26177
28.71109
29.57657
29.27979
29.48582
29.20527
28.26309
29.69795
29.38996
29.40238
29.19936
29.24135
28.21102
29.14368
29.57267
29.46979
29.46013
29.16453
29.04718
28.60859
28.89876
29.35129
29.37851
28.66532
29.05958
29.27413
29.57572
28.47164
29.66269
29.28372
29.03572
29.39026
29.59826
29.03708
28.82622
28.94321
29.50296
29.59392
29.15585
29.29518
28.27295
29.38663
29.50738
28.98464
29.35252
29.40308
29.62807
29.64461
28.88951
29.13967
29.15207
29.36847
28.60632
28.97122
29.85067
29.51639
29.61808
29.54506
28.98273
29.45498
29.30654
28.91361
28.95037
29.13681
29.3903
29.47066
29.09986
28.89917
29.88618
29.33365
28.87992
29.35411
29.48291
29.27617
29.51571
29.54912
29.25741
29.10729
29.29878
29.35448
29.06734
29.61024
29.25161
29.13862
29.53906
29.08542
29.12224
28.42837
29.30378
29.65226
29.40666
29.6791
28.90585
29.43043
29.74934
29.4169
28.5204
29.73028
29.27425
29.64825
29.19083
29.22639
29.51933
29.17034
29.41998
29.00949
28.53614
29.62171
29.56827
29.45979
29.83633
29.41077
29.00522
29.2623
29.05954
29.44881
29.52012
29.1967
28.92496
29.67545
29.56529
29.56493
29.37646
28.65499
29.60932
29.19387
29.12228
29.65069
29.45874
28.66361
29.32274
29.45682
29.31627
28.87607
29.55633
29.79593
29.52257
29.55522
29.04233
29.31887
29.36717
28.77408
28.35069
29.22064
28.81693
29.32822
29.48122
29.60669
29.57113
29.36641
29.30077
29.23155
29.35896
29.18241
28.97484
29.17474
29.27913
28.62161
29.49628
29.26403
29.12377
28.92358
29.49264
29.64692
29.93943
29.44009
29.73344
29.12032
29.06202
29.63037
29.43122
29.22178
29.62727
29.79462
29.18278
29.03972
29.55109
29.5671
29.51107
29.37135
28.76775
28.64297
29.40098
29.14358
28.84354
29.27821
29.64659
29.16678
29.72593
29.05634
29.50486
29.74417
29.40095
29.01319
28.27487
29.86852
29.5554
29.1561
29.68918
29.31242
29.36923
29.0882
28.6934
29.46516
29.42026
29.46383
29.29334
29.70866
29.52283
28.57475
29.62136
29.60661
29.25388
29.42092
29.31976
28.21189
29.77777
29.05541
29.04679
29.61458
29.33304
28.64561
29.64681
29.49643
29.51581
27.85006
27.06946
28.77791
29.08417
29.19934
29.37126
29.25117
28.6051
28.98152
29.83533
29.16562
29.34443
28.89361
28.80513
29.21491
29.62995
29.48006
28.6094
29.05142
29.28235
29.47763
29.44114
29.48689
29.51371
28.914
28.85402
28.77076
29.06567
28.55976
29.62002
29.70857
29.24142
29.5521
28.60389
29.37733
29.60286
29.44481
29.44118
29.48546
29.52071
29.82656
29.63918
28.5657
29.56399
29.5328
29.42691
29.62559
28.6423
29.88535
29.35729
29.71934
29.7696
29.58564
29.35939
29.59536
29.72446
29.33392
28.6127
29.54433
29.54797
29.69101
29.55007
29.62238
29.47396
29.28672
29.29595
29.36413
29.60739
29.40589
29.43959
29.44146
29.25565
29.61319
29.26957
29.2545
29.60275
29.51013
29.37311
29.63869
28.73568
29.46317
29.394
29.71023
28.98617
29.21732
29.318
29.73656
29.42193
29.16119
29.14212
28.69535
29.60543
29.49806
29.43198
29.18329
29.31421
29.6583
29.60041
29.63329
29.56604
29.16555
29.6956
29.53336
29.45667
29.46598
29.0049
29.19381
29.64015
29.82071
29.23256
29.35514
29.11832
28.79773
29.89522
29.36439
29.07742
29.78405
29.74709
29.60207
29.04175
29.06411
29.07593
29.6238
29.4888
28.81748
30.06214
29.39338
29.74898
29.9708
29.57819
29.72929
29.19787
28.60831
29.64824
29.64059
29.5467
29.73376
29.50386
29.80218
29.26942
29.41778
29.31672
29.01507
28.98567
29.96855
29.51848
29.52846
29.6487
29.00961
29.02657
29.24889
29.25729
29.57059
29.32475
29.89235
29.18046
29.13962
28.63959
29.15212
29.73954
29.19138
29.30612
29.41309
29.30335
29.60324
29.43245
29.67208
29.44837
29.54737
29.15334
29.41949
29.35289
29.13352
29.64499
29.61451
28.97167
29.22306
28.71458
29.41378
29.73379
29.82334
29.53307
29.66179
29.5442
29.31219
29.58162
28.97581
29.37215
29.58141
28.74732
29.28258
29.77952
29.48959
29.38286
28.31885
27.95575
28.43168
29.6941
29.5366
29.60423
29.59821
29.17764
28.74916
29.47121
29.64212
29.73419
29.42816
29.58732
29.51653
28.93548
28.76236
29.81983
29.57348
29.62649
29.72844
29.58786
29.47253
29.46739
28.73616
28.87991
29.63438
29.7408
29.57692
29.07769
29.27525
29.36662
29.38906
29.43343
29.58686
29.51047
29.87498
29.24612
29.42413
29.13807
29.18065
28.96523
29.72194
29.74313
29.81745
29.89946
29.45239
29.30605
29.48751
29.50858
29.32581
29.20625
29.19207
29.54158
29.33854
29.67374
29.52501
29.58702
29.95639
29.18455
28.88325
29.81126
29.72684
29.78473
29.47511
28.48066
29.70316
29.70783
29.72455
29.07812
29.75821
29.78214
29.92962
30.036
29.0207
28.92449
30.14305
29.70376
29.83658
29.77916
29.51135
28.86313
29.47606
29.91209
29.69707
29.89819
29.58694
29.82891
29.92748
29.48053
29.2344
29.27844
28.8798
29.71436
29.62345
29.77152
30.06161
29.56174
28.86091
29.51164
29.8192
29.78005
29.22385
29.32456
29.1126
29.28487
29.78143
29.7264
29.50883
28.83215
29.63376
29.08043
29.26926
29.78257
29.983
29.71405
29.56299
29.76667
29.01521
30.04346
29.62918
29.77856
29.92728
29.19445
29.59596
29.68835
29.95067
29.49752
29.9353
29.39829
29.48569
29.61007
29.50946
29.40817
29.00382
28.58544
29.26875
29.90335
29.80005
29.77928
29.51251
29.14803
29.62906
29.42531
28.45128
29.22527
29.7279
29.4265
28.64301
28.58736
29.93697
29.70784
29.56404
29.58686
29.81232
29.3859
29.18339
29.0223
29.63408
29.9036
29.31131
29.29156
29.61942
29.07427
28.56032
29.44967
29.82367
29.38906
29.27684
29.3202
29.21623
29.52023
29.16993
29.32383
29.58061
29.18159
28.47537
29.97119
29.34822
29.61167
28.49241
29.83974
29.81201
29.29283
29.88703
29.61384
29.33665
29.16624
28.84468
28.5883
28.27546
29.67732
29.68984
29.8089
29.66976
29.30914
28.82169
29.56581
29.43077
29.23278
28.69505
29.95986
29.6091
29.80008
29.38192
29.63459
29.39604
29.30586
29.27397
29.45778
29.48634
29.45332
29.01683
29.25261
29.49505
29.35525
29.13914
29.60669
29.03323
29.09863
29.63739
29.25503
29.19702
28.65016
29.39416
29.28306
29.50988
29.60121
29.31837
28.98693
29.44164
29.62828
28.60119
29.83058
29.50507
29.61402
29.63565
29.35024
29.31773
29.84264
29.17792
28.55291
28.30959
29.51747
29.55831
29.43021
29.96277
29.88171
29.46231
29.41184
28.74906
28.64163
29.28193
29.59474
29.66832
29.63387
29.64097
29.4303
29.58455
29.14303
29.76509
29.08764
29.31484
29.41281
28.5028
29.55656
29.71276
29.09883
29.43284
29.40051
29.41857
29.49419
29.26722
29.79804
29.3215
28.7279
30.10673
29.66916
29.35871
29.81566
29.62005
29.4376
29.21302
29.13662
28.95826
29.72522
29.50507
29.59343
29.97742
29.41038
29.74739
29.51126
28.6542
29.85263
29.5589
29.67396
29.62188
29.74004
29.62878
29.71376
29.50379
29.18603
29.73375
29.3129
29.3725
29.16473
29.79908
29.73263
29.61942
29.51183
28.66591
28.92895
29.09979
29.89407
29.32808
29.46906
29.26337
29.09852
28.81331
29.51172
29.6809
29.52981
29.45734
29.68134
29.33698
29.57281
29.55471
29.11096
29.95305
29.67657
29.44978
28.88947
29.63554
30.01841
29.66387
29.84184
29.96723
29.35933
29.64562
29.25497
29.58521
29.1357
29.51875
29.92208
29.20607
28.71346
29.8249
30.09224
29.63767
30.04264
29.81087
29.75576
29.56925
29.50695
29.46521
29.84411
29.52926
28.39683
28.41186
29.77293
29.70539
29.63028
29.41004
27.83849
28.08695
29.40827
29.56698
29.68357
29.62121
29.66348
29.56367
29.87827
29.72932
29.16811
29.52727
29.39474
28.97681
29.86615
30.15982
29.40517
28.98035
29.98282
29.42291
29.10891
29.50789
29.55081
29.60794
28.66604
29.85518
29.56471
29.85628
30.04538
29.68428
29.24433
29.77961
29.31112
30.13403
29.3538
