54.11931
55.41904
55.81717
56.9992
57.5827
55.87268
57.13572
58.57367
56.31929
56.24699
58.75636
55.88688
53.17708
57.3947
58.46095
57.00134
55.85929
55.56918
56.08945
54.7998
57.19774
58.5082
57.65854
56.08046
56.50324
57.54066
58.75196
57.33522
56.92013
56.67712
57.16881
57.687
56.97824
57.43782
56.89627
56.75955
57.91205
56.70257
56.17264
54.1659
57.31845
58.14383
56.64279
56.09166
55.84623
57.81491
57.76103
56.66822
56.93136
57.12024
55.36412
56.64246
58.8453
56.74114
55.41526
57.50665
57.13676
56.84147
58.41932
57.59486
55.74123
58.25188
57.62941
57.22511
57.38435
56.76221
58.09459
55.46314
54.93939
59.38361
57.79732
54.0203
56.18426
58.67682
58.56742
55.05627
55.57882
58.54343
57.58796
55.38417
54.59689
56.56387
58.57167
56.83787
53.86819
56.27682
58.79735
56.32471
55.24668
54.68151
56.15717
59.71735
56.86891
55.26335
57.55796
57.45426
57.2508
57.93347
57.4127
56.61398
57.96605
57.39771
55.06425
56.72643
59.25327
57.70316
56.06874
56.91651
57.76469
56.71529
56.13113
57.61903
56.59115
55.48918
57.37724
58.37254
55.84638
56.0396
57.03858
57.81754
57.22701
56.33886
57.43864
57.2488
55.04981
55.43075
56.64811
59.18431
57.57254
55.3311
56.3383
58.00762
56.04298
54.79693
57.57318
58.94201
57.3627
56.21036
57.63952
56.04896
58.09667
57.78989
55.75179
56.371
57.94324
58.62098
55.95281
56.59688
57.78288
57.08199
58.61619
58.14495
56.11259
56.23723
57.49106
58.203
55.39862
55.80637
57.71782
57.908
57.07483
57.18123
58.1439
57.28497
55.37745
57.39149
59.27941
56.66587
57.13184
57.89125
57.37928
57.97693
56.55037
56.13519
58.46114
58.72461
56.39943
54.86755
57.12399
59.88878
57.7944
55.00392
54.55229
57.4866
58.84689
57.64865
56.32438
57.95663
56.98693
56.69359
57.25169
58.24982
56.07129
57.53449
57.65689
58.59354
56.08435
56.55827
58.13722
58.63655
56.56421
56.20072
54.82264
57.9379
59.83868
56.61752
57.29774
56.75709
58.63173
59.02502
56.72956
56.32291
57.25795
57.46529
57.73425
57.89932
56.97341
57.38578
57.77161
56.08545
55.5098
57.42761
58.62086
56.90419
55.87675
55.25828
56.91615
59.91548
57.56136
55.17651
57.62626
58.37722
56.28029
55.90726
58.12791
58.30951
55.70612
57.77741
57.56484
57.22353
59.66716
57.96116
57.38793
55.20411
58.53136
58.98897
57.66273
56.00863
57.24874
59.03783
59.12787
58.3577
56.22328
57.74562
58.11197
56.23459
58.17482
59.80797
57.32584
56.03541
57.93285
57.68587
57.80871
58.20854
58.79018
58.5824
55.27791
57.74789
58.62443
57.66555
53.51624
56.80908
59.7027
57.93148
55.89549
56.02884
57.6868
58.34506
55.46327
55.42654
58.12418
58.2224
57.69674
56.07933
57.86314
57.90663
57.2419
55.09653
57.3185
59.07233
59.36636
56.93523
57.23833
58.84943
57.56338
58.59509
59.08201
58.49755
58.26054
55.35328
57.5661
59.91019
56.4025
56.76986
57.15889
57.66862
58.91439
58.33604
56.32054
57.97334
57.21355
55.09444
56.25716
59.591
57.7761
56.42278
56.08551
57.02253
57.854
56.91606
56.77492
59.26839
58.47496
56.53592
55.42295
56.51485
58.81896
57.40495
57.42566
56.29395
55.17223
55.85731
58.3783
57.97781
55.36444
55.17154
58.4035
59.10864
56.62928
57.16827
55.0833
57.77384
60.69502
57.75303
55.67836
57.16349
58.97561
58.552
56.34861
56.42347
60.26365
57.47261
55.72673
55.96353
57.04572
59.18513
58.75709
57.12928
54.8388
57.05861
60.32537
59.04179
55.15509
56.63737
57.40908
58.53944
56.61777
57.23964
56.86164
55.81737
58.62439
57.32128
58.6214
59.10369
57.36579
57.29745
56.63823
59.49131
56.58001
55.71638
56.97646
59.91311
58.36009
56.33661
54.0896
59.3238
59.17934
57.45663
57.71273
57.82199
57.7965
55.33729
58.29411
60.05206
58.29212
56.44457
56.11151
57.14444
59.58909
57.32445
58.43488
57.19379
57.34422
58.45615
55.11198
56.99432
58.10547
59.30518
57.20442
53.51644
54.20266
57.49051
57.14568
56.25996
56.49397
56.70578
58.50397
58.89585
56.9754
57.23641
57.43469
58.14204
58.40283
57.00745
56.03312
56.79766
57.94984
57.00448
55.64959
55.52719
57.43404
59.56323
56.46149
55.76027
58.58838
55.95638
54.08231
56.11458
59.47695
57.74183
55.61395
55.80077
58.00528
59.02468
57.74348
58.57268
58.4242
56.01625
56.53709
57.98298
59.88629
57.57124
56.49931
58.4054
58.96358
57.66777
57.30442
60.20304
59.28237
57.13737
58.83116
58.4772
58.80997
56.70231
56.00293
58.59694
60.24873
56.52648
56.51505
58.28927
55.66721
57.80606
59.75252
57.65196
56.03817
55.73492
56.72282
59.69511
57.83829
55.73001
57.02947
56.59119
58.52032
59.37461
56.55844
55.92549
56.60583
57.4981
57.64119
58.65441
58.63583
56.93219
54.86954
57.47774
60.88875
57.72221
55.89682
55.84458
58.66172
59.23264
55.25613
57.67872
59.19714
58.85572
57.36754
57.84688
55.70888
59.17585
61.35353
57.36198
56.91556
57.51551
57.66329
59.34978
57.07307
56.47897
58.79003
58.7349
56.73046
57.86012
58.18562
58.25099
57.49578
57.49686
55.60036
57.60826
59.72818
57.44459
56.12553
57.32587
59.53209
55.23989
56.31734
59.0971
59.62706
56.02734
56.95492
57.50055
58.72387
58.75555
59.14142
57.9074
56.31305
57.16591
59.50844
58.31713
57.31052
56.73808
54.39393
59.74524
59.59181
56.92253
56.66104
56.90308
59.3737
57.11857
56.29949
56.33621
58.82169
58.96122
56.83712
57.56416
57.00996
57.40362
55.64779
57.58616
58.95365
57.35214
56.75707
56.86715
57.00405
55.38716
56.30733
59.72213
57.52057
56.40944
58.39959
58.86309
58.85952
54.44834
56.64977
59.50051
58.98019
57.93843
57.67229
58.46947
56.59705
58.16136
59.59748
57.29414
57.63361
55.65009
57.54219
59.84295
57.5591
56.69425
56.98121
58.06815
56.93658
56.68644
59.12104
58.54902
56.7895
53.35393
55.2064
58.43106
57.88478
55.0925
55.65614
56.65916
57.40424
58.44961
55.25277
55.54462
58.56176
57.19036
56.37577
56.85738
60.28285
57.03949
57.49591
55.29455
57.16958
60.51838
57.50145
55.95035
59.78642
58.57518
57.58712
58.22519
57.74209
57.86193
59.63777
56.15119
58.04935
59.35495
57.63623
58.65884
57.55831
57.23458
57.67953
59.89751
59.51797
57.22556
56.59501
56.23501
58.10796
60.13377
57.76729
56.53643
57.66218
54.81152
57.0776
58.6144
57.73653
55.43789
57.68543
58.42326
57.83332
56.6316
56.65033
58.21571
56.7571
57.56434
59.10556
57.56149
57.38565
57.34135
55.5738
58.43378
59.25202
56.30193
55.07017
57.57792
59.31003
56.73705
57.12484
57.64422
55.89162
57.82515
59.68229
57.93457
56.16137
54.09221
57.77236
60.25517
58.53161
55.50383
55.55883
57.31749
59.51992
59.15544
56.21134
58.44701
58.38064
59.37228
57.67583
54.53603
59.49006
60.35675
58.41906
53.9001
56.22565
60.40909
58.18877
56.8326
56.90607
57.28553
59.88611
58.03809
58.04464
56.80222
58.99274
59.89979
57.79002
55.90939
56.17621
59.16029
58.9527
55.35848
57.34496
58.38808
60.0195
57.0421
57.30787
59.52603
57.18225
55.67131
60.01118
59.97099
56.85066
56.38759
58.43155
58.85696
57.31047
57.17625
59.39589
58.24701
55.35229
56.87376
59.27216
58.93627
57.88691
57.18114
55.26378
58.23256
60.45622
57.66105
57.54318
57.29869
56.78564
56.01602
59.61483
58.75429
56.40258
55.89509
56.17229
57.92015
59.46972
56.61074
54.9166
57.0496
58.46293
55.83802
55.19511
57.64851
59.29881
56.06424
56.91942
57.59614
56.5646
57.33716
57.60124
57.22802
58.02319
56.98149
57.4731
56.13993
57.07701
58.92912
57.71267
56.9698
57.7315
59.17699
58.50511
56.84238
58.65649
56.10959
56.90542
59.74197
58.18673
55.37663
56.46347
59.0089
57.81944
57.19223
55.76799
55.45573
58.40915
59.3679
57.47125
57.123
53.65526
56.79308
61.26804
57.57733
55.80951
56.91542
57.75533
57.14281
57.35294
58.85721
57.6269
56.7247
56.1725
55.11073
58.26985
59.54322
56.23896
56.78586
57.22776
57.21522
56.38457
57.31343
53.9341
55.50541
58.84741
58.073
56.02312
56.58258
56.88363
57.93927
57.78042
57.1221
57.73303
57.88122
56.0606
57.75384
59.66178
58.29496
57.18118
56.56649
57.47002
57.94857
58.35729
56.39137
56.38102
57.71475
57.05383
57.89345
58.8259
56.46706
56.51361
57.92316
58.46274
58.33513
57.8058
57.12996
59.75399
57.41152
57.5325
57.35207
59.59464
58.01321
56.34399
57.7061
58.76907
57.10355
56.32867
59.16152
55.9838
56.11816
57.07229
58.51377
56.77947
56.90887
57.87755
56.41853
56.72896
59.31743
57.53725
58.09257
57.31742
56.09187
55.47008
58.56396
59.15544
56.75677
55.69645
57.04972
57.32016
57.15197
56.7379
58.14396
59.35563
58.24281
56.70313
55.78121
55.98386
58.95745
58.65433
57.55262
56.66331
58.50055
55.67063
57.26873
60.07034
58.28565
55.87747
56.64688
59.07359
58.42017
54.91844
55.83583
59.08667
57.66258
55.61731
57.38043
55.24386
57.76202
59.50688
57.21835
56.31225
55.5393
56.45302
57.23095
58.23323
58.51245
57.29482
58.10346
56.35625
57.06312
58.38767
57.32617
55.7596
57.48394
59.88622
58.198
55.71552
57.14903
56.91389
58.02401
57.32997
56.69995
57.81034
57.18645
58.12885
57.94805
55.5192
57.2302
60.38538
58.7248
56.55748
56.76049
55.77289
57.49782
61.27438
57.94991
53.92463
57.47395
59.70803
57.21121
54.86734
57.14092
60.64815
58.77884
52.86448
56.64852
58.21421
56.10925
55.11694
57.50629
58.33892
58.17594
57.23814
58.01823
57.56659
59.70795
57.10928
55.95948
58.56062
60.38671
56.54042
56.61604
57.04335
57.11298
56.17239
56.40881
57.256
58.13456
56.92565
57.8975
58.63211
58.30081
56.49556
57.26764
56.44691
56.38307
58.77566
58.83377
