-2.314397
-1.396223
-0.2011947
1.717301
-0.2485892
0.08618679
0.8560974
1.073693
0.3707655
1.838597
1.778137
-2.426126
-0.1731555
2.608916
1.124653
-0.8424065
0.4527545
1.049248
0.3681353
-2.557648
0.4916646
3.361004
-1.624783
-1.454743
0.9132347
1.322899
-0.5599143
-0.6140708
2.54167
1.832923
-5.193592
-1.100296
3.212156
-0.08531618
-2.639806
-1.312141
2.646861
-0.01879914
0.0007836731
0.1736187
0.01731632
2.116987
-0.06561311
-0.7504802
-0.08084336
0.0297925
-1.804317
-1.238395
0.7738109
0.1675884
-1.213068
1.9634
-1.092529
-0.7234858
1.442304
0.9097186
-1.355777
-1.31478
-0.9379543
3.122476
-0.5868372
-2.69219
0.4694564
2.314721
1.00597
-0.04559838
-0.25711
-1.2877
1.136902
2.584902
0.5224804
-1.050186
-0.02569006
1.91241
1.323149
0.9554226
1.240647
-0.3280976
2.147488
0.9707385
-1.497027
-0.7842868
3.334673
1.209692
-2.371032
-1.672146
0.3782258
2.140212
-1.464475
-1.835887
0.7652154
0.277988
0.6616356
-0.01107515
0.0966726
1.053522
1.620699
-1.063
-0.4504128
0.5555507
0.9298072
0.7058271
0.6915101
1.162486
-1.57972
-0.630259
-0.9390333
0.5723947
2.787186
-1.27268
-1.149386
0.7186384
0.9861264
2.211449
-1.50822
-1.815978
0.8026097
1.334202
-0.211027
-1.132501
-1.711082
-1.238138
2.174982
0.1846739
-1.999838
-2.141191
0.1632326
0.2550047
-1.337462
0.5348031
-0.1307221
1.592522
0.6824284
-2.103841
-1.599858
3.195438
-1.679397
-1.933336
-0.1663576
3.226643
-0.6460113
-3.155253
-1.94843
2.624644
0.88758
-2.408562
-1.611085
1.053282
-0.6361259
-1.145705
-0.00574183
0.7141661
0.007990472
-0.008446003
0.6988019
0.6355982
0.1211696
1.488418
0.1656269
-0.08665515
-1.087563
2.710372
1.051538
-2.451041
0.2000501
1.383613
2.323127
-0.449759
0.8206433
1.741217
-1.087479
-0.2129948
0.5438414
0.513184
0.8247715
-0.8333457
-1.056339
2.295982
0.8527191
-2.670597
-1.446427
2.600351
1.400597
-2.386311
-1.668146
2.232824
-0.404227
0.9248922
1.880218
1.061684
-0.07599244
1.697434
0.9866779
0.4625571
-2.151603
0.7985243
0.7650102
0.3223018
1.679608
-0.6463736
-1.043728
-1.385541
-0.5356346
0.6509763
0.4184884
-1.28674
-1.072382
0.9150261
0.9096352
-1.489087
-2.487527
-0.4442844
1.938468
-0.01962337
-0.5657697
-0.004073427
0.7507949
0.9608966
0.9326025
1.481407
-0.2659695
-0.05211265
1.109487
0.2629061
3.636191
-1.546232
-3.293103
2.793262
1.100898
-2.894547
-1.661081
3.253454
0.01814511
-2.551125
-2.705305
1.033413
0.5766484
-0.9378629
0.1686345
1.35951
0.3008696
-1.546219
0.1520891
3.506567
0.7383921
-0.5537497
-0.9268018
-0.3889898
0.3779826
-0.981625
1.260217
-0.2892238
-1.697673
0.2457653
-0.04558632
-0.5088207
-0.6785177
-1.115753
-1.990207
-0.4698818
1.838352
-1.647243
-0.7933047
-0.7653783
1.529582
-0.6956544
-2.408303
2.622158
-0.3203151
-0.8406243
0.109385
0.4265245
1.135175
0.02324474
-1.584625
0.1477917
3.493766
-1.151175
-3.875319
-0.005504175
2.644036
0.09435574
-1.650646
-1.313568
-1.25636
1.260738
-0.531576
-2.071301
-0.9428782
2.671932
-1.023
-0.3864103
-0.3710732
2.803362
0.4064483
-1.795905
-0.1604401
1.739382
0.6916411
-1.094421
0.2437119
-0.4752944
-1.869245
2.273594
2.173017
-1.203657
-0.8051675
-0.6222072
2.006319
-0.5546624
-1.548788
2.504123
1.026323
0.2236366
-0.1930709
0.7529353
2.352415
-3.016704
0.4490491
1.812332
0.4592673
-1.698428
-0.2227721
-3.526431
1.351063
1.856789
-0.3276153
-3.335961
-1.493955
1.998589
0.6892238
-2.187634
1.535442
0.1478871
-3.116589
0.1779802
2.627134
1.119773
-2.241433
0.6143895
0.9763084
-0.7197325
-3.783636
-0.3881713
1.448463
1.065797
-1.343304
-0.689225
-0.3009921
-0.2453352
2.275236
1.495155
-1.500517
-1.685934
3.938665
-0.025938
-0.7637298
1.393527
-1.702339
-1.944833
2.550573
0.9428421
-2.866158
-0.6621245
-2.392749
0.8613909
1.711993
-1.114165
-2.481574
1.224122
3.250844
0.3098781
-1.347975
0.4901097
1.884131
1.070836
-0.4207248
-0.4485169
0.5503615
0.8667148
-1.252889
-1.946315
3.820179
1.33319
-3.278075
-0.1537802
1.538941
-2.37845
-0.02229358
2.091939
-0.06190023
-2.078691
-3.453515
-0.2680912
1.601735
1.68827
-2.165014
-2.312464
0.2820055
3.540389
-0.796829
-1.340581
1.46529
1.547061
1.488606
1.779262
1.917366
-0.7871137
4.357361
0.2137794
-2.554852
-0.595592
1.270113
-0.6163027
0.8417296
-0.2567565
-2.85132
-0.5145206
0.03340027
0.7758388
-0.9327079
0.7836913
0.7027347
-0.9857508
0.3084241
4.450284
-1.052804
-1.584289
0.2085716
2.445516
-0.7765789
-0.01305915
-1.103461
-0.9805111
2.689897
0.3377061
-2.400009
-2.513157
2.213863
2.05074
-2.936066
-0.6452597
2.870278
0.007418489
-1.996456
-1.475319
0.03931577
2.55512
-2.001433
-1.161699
-0.6200842
2.755362
0.900418
0.0241946
0.2785284
-3.017392
1.167617
1.510366
0.5330414
-1.035075
-0.08777478
2.048437
1.266287
0.9428902
0.01942712
-0.8783406
0.4295856
-0.1161012
1.283443
-1.098188
-0.7998095
-0.1638037
-1.213369
2.56795
0.3598621
-1.635912
-1.378532
0.5548297
3.318044
-2.628836
-3.04344
1.031735
0.99593
-0.1713725
-0.8225562
0.1203986
1.527858
-0.1883145
-1.024964
1.582456
2.201117
0.02009791
-0.5429527
0.1583105
0.4765552
-0.8428268
2.319124
1.827617
-1.741035
-2.845863
-0.03546955
1.802108
-0.5450525
0.2571881
0.5045936
0.8799191
1.592214
-1.934075
0.1250391
3.486671
-0.2229069
-0.3454427
0.5830207
-0.3539364
-0.4554551
3.671387
0.8554247
-2.181569
-1.675243
0.9432756
2.717301
-2.331205
-2.507524
1.818064
2.48252
-1.515906
-2.177169
-0.772815
0.1911186
1.605459
-0.1999921
-1.167566
1.113306
0.1547334
-2.069873
0.7858518
0.6854224
-2.687023
-1.631629
0.9908158
1.104848
0.1568548
-0.429499
-1.412724
-1.263996
2.717712
-0.1150757
-2.108315
0.8744226
-0.2739609
-0.7022214
-0.6689711
1.548662
-0.5085739
0.5148773
-0.7591556
0.3924759
1.195442
1.684007
1.956146
-1.718568
-1.444144
-0.445991
2.505481
0.05748195
-3.139185
0.3245794
0.05132289
0.01950119
0.4151465
-0.03844314
1.254218
-0.4059745
-1.524383
-1.014939
0.4332221
1.541166
0.9683316
-3.679912
-1.818757
2.826972
0.6242412
-2.73078
-0.6696076
0.7272005
2.374407
-1.134198
-1.165984
0.8023813
-0.1038609
0.2381053
0.8293599
-1.283952
0.03437041
2.006275
0.2965934
-0.8454373
-0.489524
1.828234
-0.3478603
-1.767748
0.3971646
0.9815196
-0.9535827
0.4788328
0.1591258
-0.323042
-0.09092091
0.6582204
2.896168
0.9531972
-1.488427
-0.1312004
4.287074
-1.531138
-1.469019
-1.119787
-1.500717
0.2358503
1.143758
0.197874
-0.9566498
-1.029629
0.3598846
0.3587496
2.040329
-0.08766173
-0.4452955
2.074553
-0.7037495
-0.7662884
0.5899929
0.5371841
-2.020579
-1.155112
2.467941
0.1566707
-2.818581
-2.104118
-0.02643231
-0.5001931
-0.1585447
1.885878
-0.842015
-2.782095
0.965274
2.344016
0.6280867
0.1762306
-1.295582
0.0783973
-0.7546179
1.184014
0.4910357
0.7622699
-1.123305
0.7972336
0.05519546
1.639316
-1.837719
-3.636054
-0.1795314
2.907156
-1.855329
-2.180311
-0.5912691
2.408366
0.04145669
-0.1626621
-0.8901185
2.507173
1.402163
-0.1637184
1.069327
0.4828111
0.583324
0.9434459
2.321984
-0.7525204
-2.794823
-1.289643
-1.69044
2.132303
-0.875221
-2.317469
-2.762229
0.1519262
1.409252
0.768093
-2.226763
0.1582573
-0.9923214
1.504923
-1.178332
-3.807684
2.382691
0.7841187
0.03898859
-1.491853
0.2101386
0.9483841
2.279012
-0.06608815
-2.166177
1.676832
0.5799032
0.08506604
1.038294
-0.9027764
-0.6731461
1.1823
0.05634227
-1.749004
-0.07266816
1.003717
-0.5697172
-3.403404
0.7044582
-0.4930467
-0.317459
-0.4557366
2.430904
-1.595515
-0.9480703
-0.1544137
-0.1755663
0.413732
1.126521
-0.4180262
0.2612561
-0.2708832
-1.035666
-0.4472509
1.181344
1.479901
-2.04954
-2.516645
0.1213734
1.385893
-2.833255
-1.549913
3.81937
-0.8867316
-3.26133
-3.66974
0.703432
2.967451
-1.56673
-0.2932346
-1.284807
-0.1215525
-1.546301
1.496667
-0.1886198
-2.745911
-0.1938484
2.640606
-0.7336662
-2.104063
2.465498
-0.7333393
-1.353362
1.582256
1.157853
-1.252354
0.2446636
1.614623
-1.92054
0.5147768
1.811059
-0.3568221
-1.755539
1.541169
0.7279413
1.139323
-0.9962833
1.280826
2.017579
0.1758265
-1.189955
0.07056511
0.2520478
-2.015357
1.180319
0.7064016
-1.753588
-0.5607128
0.8342171
-1.029779
-1.84886
0.01442331
4.872807
-1.872074
-2.149325
0.1831871
0.2501692
-0.1021291
0.7507899
0.85771
0.8350918
1.757156
-1.880614
-0.477433
0.4482064
1.194825
-1.588705
-1.005594
0.8179198
0.9123767
-0.8645709
-1.139375
0.6951959
0.9573729
-1.318515
0.2803779
1.807329
-0.5879173
-0.477206
-0.1280661
1.204855
0.899685
0.3674236
1.004789
0.6355794
-2.542816
0.4404235
2.41662
-2.151709
-1.382416
0.6014558
-0.2479532
-0.3424428
2.043853
-1.687163
-1.206604
3.005259
0.04171693
-1.828298
0.9300153
-0.1483334
0.9762325
2.112479
-0.4680021
-1.801867
3.080817
2.206446
-1.137537
-0.1617794
-0.925615
-2.29654
-1.009549
3.618484
-1.556858
-2.609148
0.3263548
-1.009429
-1.355628
0.4400741
1.153878
-1.876795
0.5629971
0.6349111
-0.7202708
-0.1547597
3.084537
0.1681502
-1.223191
1.92942
0.6425814
-2.007663
-1.364981
1.91923
0.9810748
-3.821256
-3.864069
1.002883
1.21141
-1.352615
-1.543403
0.4800731
-2.503783
-0.2147353
2.772409
-2.003967
-1.561399
-1.676996
-0.2161272
-1.218065
-2.012601
-0.3849549
1.550603
-0.3220837
-1.007037
-0.6839865
0.05844695
1.920231
1.472722
1.458346
-0.3207008
-1.691133
0.9147783
0.5868698
-0.3360756
0.2222641
1.011608
-2.136425
-1.524548
-0.6367106
1.433239
-1.686008
-2.090014
2.411823
1.562343
-2.562952
-0.8286932
0.6976852
-0.01176589
-1.119456
1.341077
-0.3944865
0.03888921
0.5547853
-1.18046
1.70222
-0.4049481
-1.918759
-0.1875167
1.919256
0.4670873
-0.5186443
0.1544001
0.06880027
1.950995
0.3716286
0.1673442
0.9289852
1.519912
-0.7903631
0.9328444
-0.6491626
0.5466916
0.8934578
0.7674453
-1.838287
-1.005309
0.8192841
1.288319
-0.53059
0.01160761
-0.3362156
0.7524114
0.1857752
1.061247
0.5254575
-0.907272
-0.2386357
0.5973673
-0.1945823
-0.09379139
1.578471
0.1142679
-1.056971
-1.103552
0.6694152
-0.01992444
-0.9070023
-1.391313
1.30726
0.5632972
-0.4536913
-1.68446
-3.949398
-1.190382
2.938243
0.2185114
-1.590491
-2.825688
-1.569731
1.898724
1.041691
-2.60148
-2.160208
1.237526
1.355384
-0.8500192
0.3058562
-2.964987
-1.605593
-1.028706
2.704902
-3.13343
-3.148583
0.4351371
0.946014
0.2447914
-2.214457
-0.7257585
3.588308
-0.5294591
-2.336262
