29.08145
28.30359
29.22984
29.56195
28.73417
28.86145
28.38142
29.2599
29.66009
29.27043
29.66603
29.31456
29.03603
28.76651
28.52833
28.24559
29.59558
28.90666
29.4652
29.07358
29.13262
28.60409
28.75986
28.62803
28.64019
28.24178
29.64866
29.30619
28.92514
28.92878
29.19624
28.63483
28.44139
29.32124
28.65991
29.08459
29.19527
29.41403
29.32152
28.51527
28.09626
29.4817
29.31647
29.23552
29.19349
28.51803
29.38302
29.12171
29.10652
29.09383
28.97723
28.31756
29.13692
29.25094
28.87629
29.43479
29.32575
29.09512
29.05179
29.31137
28.99058
28.89181
29.27052
29.06104
28.8415
28.99086
29.11845
29.27491
28.72245
29.22573
29.21486
28.49929
29.45101
29.45844
28.85067
29.02238
28.96562
28.98804
29.25646
29.05662
28.28166
28.44554
29.83123
28.53974
29.05927
28.6576
29.16347
29.36537
28.94846
28.92773
28.56204
29.03513
29.54788
29.02877
28.45318
29.45979
29.03964
29.43785
29.35303
29.47984
29.21579
28.90056
28.90451
29.16328
28.40554
29.13762
29.2653
28.95321
29.24088
28.18451
29.21315
29.28084
29.02557
29.40169
28.99497
29.22368
29.05708
29.1121
29.17171
29.05505
28.96558
28.75045
28.79871
29.56653
28.4753
29.58965
29.00733
29.07769
29.0849
29.34861
29.13048
29.14033
28.73512
29.24408
29.0376
29.03543
28.95643
28.49818
29.17723
29.55756
29.23997
29.28156
29.33824
29.10964
29.09642
29.06667
29.14472
29.30281
28.73123
28.36898
29.5146
28.99953
29.05897
29.95783
29.6991
29.09907
28.46358
29.22404
29.63132
29.34035
29.4756
29.15893
29.30492
28.92645
28.87381
29.25803
28.52895
28.19635
29.20542
29.3858
29.3884
29.33185
28.8236
29.12837
29.21182
29.18322
28.89676
28.45622
29.35698
29.50556
29.02722
29.27201
28.95358
28.37049
29.89761
29.2224
29.12776
29.02745
28.31143
29.53501
29.42371
29.34297
29.15442
29.09508
29.1104
29.29209
29.36214
29.2205
29.22196
29.42835
29.43283
29.08648
28.96138
29.02793
28.55108
29.60606
29.21711
29.43364
29.36522
28.42767
29.34729
29.42331
29.23217
29.15725
29.1127
29.12889
29.15188
29.00624
28.34839
29.22064
29.45868
29.12551
28.92513
29.47819
29.40394
29.179
29.51867
29.38526
29.06203
28.70064
28.38699
29.33292
29.15402
29.1976
29.50542
29.56488
28.79941
28.60462
29.47585
29.46361
29.38842
28.90649
28.90122
29.39923
29.41334
29.4848
29.26781
29.47305
28.88478
29.29734
29.29163
28.99682
29.21827
29.28045
28.78118
29.46276
29.22766
29.22469
29.32701
29.29657
28.89758
29.38465
28.31174
29.45725
29.45478
29.57248
29.39984
29.26616
29.30849
29.04247
28.67716
29.714
29.73224
29.39472
29.50993
29.26177
28.93784
29.60295
29.43983
29.58481
29.19302
29.2995
29.32104
29.37272
29.11006
28.68821
29.25244
29.42156
28.97942
29.25663
29.59769
29.37535
29.21023
29.26002
29.19141
29.30087
28.53451
29.65946
29.54123
29.4703
29.37565
28.36402
29.40099
29.88933
29.41231
29.3557
29.71409
29.17875
28.74441
29.15194
29.29423
29.66542
29.38568
29.05734
28.83383
29.16618
29.49781
29.58237
29.13876
29.35994
29.32554
29.22169
29.38936
29.27271
28.9302
29.13025
29.34465
29.09021
29.04083
29.49506
29.42499
29.29703
28.84506
29.14395
29.30276
29.33865
29.05653
29.36637
29.63975
29.3572
29.71947
29.31853
29.02954
29.45346
29.30441
29.18055
29.3341
29.50171
29.35703
29.44372
29.74588
29.25389
29.36864
29.78021
29.46504
28.85779
28.5281
29.71813
29.45623
29.66332
29.48227
28.86363
28.60942
29.40977
28.62022
29.22185
29.09098
29.16119
29.54012
29.28073
29.11358
28.37157
29.59079
29.24586
29.42062
29.59867
29.16797
29.23983
29.15554
29.27766
29.78535
29.37382
28.93212
29.31631
29.43812
29.00329
29.29037
28.71397
28.6948
29.51019
29.38876
29.34233
29.16177
29.32804
29.39083
29.46178
29.47055
28.52657
29.30192
29.67238
29.61048
29.30796
29.53727
29.06076
28.71378
29.76672
29.61759
29.55156
27.39056
27.25039
28.61674
29.12411
29.74424
29.50994
29.35044
28.15479
30.04485
29.61309
28.8435
29.54882
29.5899
29.04366
29.1338
29.57542
29.49578
28.33903
27.97257
29.64307
29.54695
29.54445
29.69387
29.3035
29.35317
29.55245
28.64263
28.83048
28.94258
29.32538
29.55764
29.38325
29.45382
29.19003
29.21487
28.56317
29.65738
29.57953
29.41909
29.97847
28.96404
29.61087
29.84363
29.68148
29.78242
29.5197
29.56319
28.81338
29.56809
29.76858
29.56024
29.58389
29.60693
29.29753
29.30636
29.94993
29.4561
29.39746
29.17963
29.54071
29.2328
29.0109
29.17866
29.77927
29.59711
29.57186
29.54577
28.76821
29.06795
29.53163
29.57086
29.23717
29.34684
29.63656
29.31932
29.66042
29.4664
29.43767
29.11949
29.62347
29.57226
28.65746
29.31148
29.46779
29.1369
29.49409
29.04027
29.99438
29.61498
29.55817
29.64834
28.8713
29.91495
29.58327
29.62946
28.83915
29.66576
30.0093
29.5647
29.92007
29.76926
28.23254
29.44487
29.92548
29.86066
29.31348
30.00386
29.49141
29.4852
29.59801
29.50072
29.37555
29.1947
29.07205
29.53732
29.48097
29.61423
29.61459
29.59797
29.18395
28.46507
29.88646
29.39167
29.32003
29.80279
29.82359
29.5606
29.56644
29.6759
29.99358
29.37263
29.44206
29.40904
29.67485
29.54744
28.76294
29.5505
29.82808
29.4631
29.68087
29.83478
29.70374
29.19865
28.6804
28.9952
29.72818
29.55554
29.64245
28.97258
28.60174
29.49182
29.94243
29.45242
29.51353
29.76051
29.64193
29.25153
29.7999
29.43489
29.61297
29.22541
29.26203
29.47207
29.53682
29.17397
29.5482
29.01088
28.85574
29.88001
29.60391
29.7224
29.31598
29.2351
28.89082
29.66598
29.68663
29.31098
28.93507
29.76261
29.44507
29.49346
29.83505
29.84564
29.54809
29.72284
29.07551
29.64766
29.679
29.53253
29.52896
29.34318
28.861
29.35081
29.70073
28.36048
28.18788
29.09056
29.94246
29.53266
29.67553
29.08
29.4414
29.29253
29.33559
29.22277
29.66317
29.07944
28.81787
29.31226
29.12626
29.75374
29.67643
29.66339
29.26528
29.64751
29.72545
29.19781
30.00036
29.27899
28.84264
29.41612
29.45821
29.56522
29.14894
29.01944
29.56135
29.97397
29.14314
29.13225
29.91625
29.94341
29.55878
29.94818
29.71111
29.77658
29.61334
29.70117
29.39111
29.46972
29.20568
29.09532
30.02491
29.72863
29.48575
29.39296
29.52528
29.74781
29.35158
29.297
29.1616
29.72591
29.4777
29.45906
29.7702
29.62222
29.17641
29.65491
29.65973
29.4297
29.36847
28.568
30.19852
29.84694
29.60877
29.19072
29.61129
28.98293
29.67316
29.35707
29.57209
29.70272
29.65264
29.09242
29.31186
29.94008
30.07842
29.46494
28.98833
29.36776
29.95495
29.43842
29.48594
29.91759
29.35854
29.49545
29.35108
28.9081
29.77039
29.61113
28.58917
29.31438
30.03902
29.62623
29.81664
29.80144
29.32597
29.51951
29.53407
28.96972
29.66309
30.03694
29.49777
29.7114
29.86581
29.38531
29.40427
29.5565
29.63083
28.72245
29.93212
29.78723
29.78287
29.6569
29.21089
29.93201
29.4997
29.55341
29.56721
29.50827
28.90457
29.54758
29.86481
29.21756
28.9225
29.70985
29.53512
29.01355
29.57132
28.78669
29.76081
29.71453
29.88265
29.83851
29.15555
29.59895
29.30715
29.82503
29.41481
28.95129
28.64811
29.88223
29.93626
28.91981
28.97395
28.65333
29.49799
29.70067
29.32806
29.07533
30.03023
29.22291
29.43252
29.65045
29.63718
29.14969
28.92717
29.48261
29.76978
28.81226
29.01852
29.7614
29.35734
29.34945
28.99839
29.80029
29.61871
29.44995
29.69181
29.30641
29.37536
29.65382
29.49298
29.45255
29.59088
28.68033
29.0656
29.66892
29.38991
28.89833
29.67197
29.35184
29.54338
29.30988
28.29758
28.75929
29.4178
29.22259
29.03719
29.64636
29.35003
29.33749
29.56989
28.86672
28.76003
29.39099
29.54044
29.18727
28.95666
29.94346
29.53893
29.11734
28.8175
29.60618
29.60649
29.58493
29.67789
29.65027
29.22857
29.50254
29.43853
29.48317
29.19379
29.07988
29.62618
29.75686
29.26354
29.51578
28.57642
28.84159
29.49884
29.36819
29.802
29.58306
29.63592
28.83855
28.67334
29.64154
29.61739
29.40558
28.54461
29.85121
29.30595
29.6181
29.69001
29.10531
28.05424
29.06329
29.4401
29.56618
29.65815
29.46139
29.34146
29.51953
29.79679
29.39916
29.45316
29.28408
29.52921
29.17295
29.51143
28.91283
29.41077
29.41802
29.18072
29.72614
29.28762
29.14785
29.56902
29.38722
28.55283
29.90576
29.51007
29.17032
29.42628
29.51043
28.81291
29.42039
29.68471
29.02854
29.79091
29.44709
29.62214
28.70286
29.29403
29.20512
29.38155
29.69044
29.79923
29.8506
29.19545
29.40955
29.0425
29.34539
29.85257
29.46194
29.49353
29.78999
29.28612
28.79567
29.83654
29.86388
29.69674
29.0515
29.97218
29.84087
29.50225
29.83537
29.56441
28.40533
29.52621
30.1429
29.53158
29.63651
29.70207
28.07926
28.55413
29.27055
29.52262
29.10959
29.48986
29.6844
29.81745
29.58158
29.39854
28.99688
29.72576
29.49358
30.0587
29.42105
29.44423
29.58574
29.66468
29.4494
28.93675
29.5626
29.94969
29.75907
29.4979
29.79907
29.37881
29.85017
29.26356
29.25362
29.69758
29.63196
29.36347
29.49384
29.55919
29.63675
29.41629
28.64641
29.87814
30.19977
29.6783
29.47061
29.88606
29.58939
29.32724
29.01053
29.71548
29.62553
28.72868
29.10913
29.19489
29.34369
29.48555
29.56092
28.83042
28.04762
28.83582
30.10739
29.52681
29.72786
29.91144
29.75156
29.76929
29.38423
28.836
29.77814
29.96629
29.14495
29.22876
30.08787
29.59534
29.17876
29.35286
29.41948
28.22876
29.45445
29.75821
29.39459
29.45232
30.01555
29.51481
29.6315
29.65508
29.79679
29.85072
29.87699
29.64643
29.27087
29.08854
