-2.300375
-0.1489325
1.601854
0.5085731
-2.417867
-1.598448
2.398342
1.352706
-2.417732
-0.4049915
2.487321
0.193418
-1.347675
-1.303111
3.834914
-0.1665411
-2.174826
1.903039
0.4009115
0.05404192
0.9616207
0.5694689
-0.6263269
2.181635
1.02508
-1.736582
-1.677025
-0.6547818
1.265352
2.450066
-1.652557
-1.949343
0.04924644
2.123316
1.552703
-0.8021916
-0.5689312
1.733281
2.559536
0.293295
-1.654072
1.206468
2.769531
1.674358
-2.136728
-0.1886839
1.031437
-0.1656603
1.219394
0.7856641
0.0394805
-2.523549
0.3828147
2.914167
-2.145775
-2.19239
-0.01887202
0.1392061
0.5601895
0.3139711
-1.481014
0.1232507
2.952047
-0.6767167
-1.667333
0.7236361
2.332985
-0.07053594
0.3334139
-0.959765
-0.268051
-2.574122
-0.5925088
2.734318
-1.097203
-3.522679
-2.492316
1.303584
1.575006
1.216
-0.7026297
-1.442029
-0.5802264
2.788587
0.5984136
-0.6706175
-1.075647
1.737283
-0.9287917
2.015297
-1.067724
0.9256436
1.8828
0.139275
-2.304448
0.3746273
2.182832
1.383857
-2.663229
-0.07499164
1.738098
2.077974
-0.5053774
-0.9867509
0.6541891
0.05912839
-1.09438
-0.1696116
1.719507
-1.240153
-1.665576
-0.7356443
-2.225617
1.017343
1.464144
-0.5711767
-2.096411
-1.576801
2.568155
-1.032346
-1.877685
1.057302
2.545019
-1.394624
-0.5482272
1.439113
-1.78501
-0.4842219
3.447828
0.3042398
-0.3537051
0.3726984
-0.006807972
-0.5272437
-0.164987
2.607585
0.3838971
-1.08717
-2.743946
-0.09387759
2.060218
1.185866
-1.545187
-1.322839
-1.052089
-0.6846619
3.532736
-0.3761464
-3.608448
0.2634724
0.6394834
3.228672
0.7606184
-0.852817
-0.2596564
1.108413
0.6996379
-0.4561214
-0.4407549
0.9604377
1.506388
0.9737279
-0.5367583
1.380806
-0.1194065
1.642213
0.877748
0.2187699
-0.9075563
-0.7011945
2.520392
1.068081
-1.349946
-0.5635078
-0.08738708
0.9264092
-0.7932454
-0.8929318
1.240983
-0.149027
1.315537
2.050574
-0.5881427
0.4021134
2.501128
-1.588243
-0.4329279
0.9814662
-0.2919471
0.3009034
-1.155539
-1.024375
2.505017
-0.1080012
-0.5681885
0.03092801
-2.410918
-1.30172
0.9754609
1.00961
-1.19314
-1.81878
1.019308
1.319644
-0.4334671
0.1244648
1.360781
0.1345852
0.2501357
0.4664713
1.845215
0.4656593
-2.464254
0.4013553
0.8944487
-0.1877414
1.091815
-0.400592
-1.798604
-0.8275831
-0.323335
0.1641185
0.0271902
1.035181
0.04373962
-1.084244
-0.9723665
-1.669482
2.573879
0.2112426
-1.065463
-0.6039014
-1.318707
1.103516
-0.2329404
-0.7486067
1.883595
-0.4566921
-0.3629804
0.1251161
-0.9228344
0.260041
-0.5888715
0.2046526
1.840078
-1.357193
-1.017936
1.028597
0.7197441
-1.991608
-1.762038
1.654999
-0.602096
-0.2148737
1.162191
0.7206765
0.1488917
0.06831387
-1.444652
-1.825049
2.893096
0.9199901
-2.274645
-0.02921524
1.161557
2.086301
1.021553
0.6463183
0.005147677
-0.9007775
-1.270768
1.450886
0.3075388
-1.105962
-0.7601362
-1.219165
1.491086
2.253412
-0.6611177
-1.769738
0.1331168
-0.1805416
0.350454
1.864997
1.971827
-1.166676
0.2724257
0.6139524
-0.4745619
1.088251
0.597021
1.536782
-2.152942
1.103063
2.775827
-0.8386357
-2.306916
-0.5303589
0.2122054
0.2188854
-1.506091
1.949381
0.7461271
-0.002708196
-2.434016
-0.8733403
2.310895
1.811721
-1.036832
-1.107865
1.298932
0.6771963
-0.9632431
1.565687
-0.1893695
-1.10864
1.281068
1.665724
-0.4619797
0.8718519
0.5916026
-1.042133
0.1962263
0.08658653
-0.5011234
1.304306
2.52069
-3.449758
0.4427391
3.119024
-1.932628
-0.3718437
-0.1883629
-0.2180308
1.378865
-0.3151789
-1.963669
2.783992
1.712629
-0.8910184
-3.048458
-0.3382449
0.9508261
0.6840714
-0.7606052
-4.268395
-0.4847706
2.393553
-0.5136235
-2.655232
-1.133987
-0.5341393
-0.5286852
0.1778578
0.3157072
-0.01442976
0.2726255
0.3648573
-1.107351
1.735401
-1.587448
-1.728891
2.389168
2.471586
-2.060133
-1.206238
1.040969
-0.3952587
-0.9843842
-1.634021
-0.1954848
0.3814211
0.5915644
-1.341266
-0.4741462
0.8514206
-0.4313474
-1.51832
2.415752
0.8112622
-3.615501
-0.1394565
3.880394
0.2782691
-0.8554774
0.6833704
0.2917478
-1.156743
-1.703395
0.4395816
0.581039
0.5211424
1.384784
-0.6116623
-1.737329
1.900021
1.945396
0.2312629
-2.743685
0.2686589
2.613986
0.7583028
-2.169192
-0.4829742
0.4665842
0.7805377
0.8502549
1.291202
1.456947
-2.675141
-1.539439
1.490959
-0.5381718
-2.136808
-3.091949
-0.3886141
1.941176
0.6821616
-1.088313
-1.73309
-0.912271
0.5723872
3.079463
0.414946
-0.09850793
-0.2483985
-1.680876
0.04923075
1.146676
-1.371071
-0.454312
0.6267454
0.1782549
-2.853597
1.595265
2.438927
-0.8293559
-0.5384845
-1.052303
-0.7448144
0.08938712
-1.144461
1.187642
1.497307
-0.8433706
-0.04188314
1.659156
0.6725605
-0.2728385
0.7156347
1.96762
1.067985
-1.141405
-0.03832131
1.742457
0.3466164
-2.096595
-1.620166
-0.00493672
1.788952
2.681774
-1.084928
-1.70197
0.7583396
2.935136
0.4384096
-0.483313
0.2055468
1.913769
-1.214927
0.7456637
1.990497
0.1667829
-0.8811917
1.599385
1.579586
0.4100776
-0.2328757
-0.4456897
0.04830048
0.6802554
-0.1121364
-2.083699
-0.5051877
2.677885
0.4756943
-1.304138
-2.140982
0.9475824
1.203021
-1.703366
-1.132821
1.574147
-0.6251613
-2.319176
-0.7985641
-1.697439
-1.820597
3.105418
0.8384658
-2.947843
-1.6307
1.376101
2.627447
1.634934
-3.243686
-1.619426
3.491713
0.03101644
-1.257244
-1.643934
-0.2882479
2.019422
-0.2482372
-0.7600242
0.01828245
1.000689
1.70884
0.01229844
-0.1028976
2.435644
2.204874
-0.8306652
0.7668235
1.27124
-2.004531
0.05022434
2.233418
0.8614251
-2.292127
-0.8236248
-1.396363
-3.539134
0.1984234
1.883665
-1.224384
-1.766488
-0.8660975
-1.756224
3.386712
0.05261303
-0.7992842
-3.840144
-0.369928
3.897347
0.7957761
-1.844981
-0.9692749
1.535049
-3.557632
-1.007287
3.61417
0.0007906653
-2.261315
-2.03053
1.594633
-1.137498
-0.1131373
0.1555622
0.7372316
1.293246
1.423616
-1.155257
-0.2380442
0.949882
1.49627
-2.628301
-1.711594
3.678665
0.007699271
-2.114503
-0.9400555
0.6861957
1.992423
-0.9760289
-0.8221241
2.097546
0.1152324
-0.964323
-0.8441219
0.4044712
2.760325
0.9618719
-1.520154
-2.607481
0.5119514
3.659947
-1.952753
-2.292304
2.360855
2.053703
-1.054641
-2.765699
-0.04526982
4.594929
-0.382264
-2.431782
-2.427504
0.012405
2.873405
0.4110673
-2.502403
0.1665144
-0.7597604
-1.157226
-0.002354986
0.963359
-0.8164853
1.932169
0.1761202
-1.104353
1.269893
1.190262
0.6608759
-2.015106
0.05292268
3.294765
-0.05206946
-0.6745462
-1.421432
-1.138576
1.319055
1.090563
0.474197
-1.709411
-0.9883437
1.713969
0.4002901
0.4150752
0.2774102
-0.3918527
1.760189
-0.8697873
-2.103515
0.8971792
-2.717224
-2.482204
3.172076
0.08620176
-1.815617
-0.1476021
0.8869867
2.432566
-0.06152397
-0.121932
1.918752
0.8237448
-1.295961
-3.028222
-3.244049
2.974019
-0.5551542
-2.093583
-2.1785
-2.215072
1.45043
0.8273101
-1.265479
-0.7011231
-1.016866
0.8636252
2.265391
-0.5913481
-3.01897
-1.940599
2.9862
0.3110509
-2.592675
-3.133529
0.2929874
1.614473
1.466569
0.1380776
-1.813229
-0.830815
2.661386
-0.01226219
-0.7702742
-1.574294
-0.8780786
1.69753
0.9446793
-2.390659
-0.7675669
2.079511
0.7073928
-1.148591
-2.384636
0.16529
3.674239
-0.9040708
-1.814816
1.729538
1.477002
0.094276
-0.6983438
-2.461311
0.02295966
3.010015
-0.5832579
-3.861677
-0.3910047
2.171491
-0.260442
-1.380916
1.321749
2.024785
0.9779743
0.3270121
0.4250439
1.156125
1.064095
0.8209823
-0.06795094
0.3952355
1.238701
1.246688
-1.980362
1.819758
0.784462
-1.442099
-0.3338697
2.625977
-0.232665
-0.2557779
3.123439
-1.725227
-0.3516028
-0.8822368
-1.721217
0.9082893
0.3746833
-0.04695684
-1.902882
0.2083687
-1.893075
2.009377
2.896918
-2.661537
0.009561654
0.579096
0.3821992
0.1717532
-0.8196529
0.7877607
1.757852
-0.5577995
-2.086931
-1.911745
2.067842
3.283956
-2.829767
-3.185973
0.821584
0.869625
-1.416143
-1.179947
-0.220735
0.5291708
-2.096726
-0.4640264
2.04271
-0.382758
-2.16419
-0.4997618
-1.022287
-1.86137
2.317232
0.1500571
-1.936466
2.214022
1.351915
-0.3029671
0.5543739
0.2615792
-1.342171
1.685402
1.449371
-1.78488
-1.79863
0.437846
2.465174
0.1049067
-2.224033
-0.1249069
0.3283627
1.120574
-0.275651
1.540499
-2.355175
-1.412776
4.241099
-0.8668218
-4.147089
-2.362203
2.835399
0.1768306
-4.280305
-0.4762201
2.19313
-0.5713739
-0.4871454
0.9995602
1.087311
0.4191948
-1.887279
0.3919784
-0.2071851
1.011989
2.175688
-1.043317
0.1385976
1.553985
0.8430048
-0.2298749
0.2977505
1.147518
-1.339233
-1.861916
1.267853
0.2596037
-1.232332
1.25814
0.6722474
-0.5706458
1.426471
-0.4300591
0.09184845
-0.5851801
1.516926
0.02184916
0.2194196
0.4998167
1.002549
0.7409222
-0.1106776
-1.61802
0.06638502
1.8311
0.6927567
-0.4024737
-1.733722
-0.8419531
1.280673
2.396768
-3.033594
-3.382435
-0.2503967
1.774663
-0.6427248
-0.6316281
0.04079347
-0.2985817
-2.149424
-2.38559
-1.217416
2.192484
-1.941465
-2.757632
1.278357
-0.9962689
-0.7961879
0.9087633
1.371925
-0.672121
-1.419371
-2.309297
0.4845664
2.16668
0.298339
-0.4506596
0.395566
-0.7486838
1.086388
1.934984
1.16319
-2.804149
2.313875
1.30055
-0.09703324
-1.431611
1.384879
0.4815435
-0.3734384
0.7730611
1.820165
-0.08801915
-1.094852
1.832747
-0.8291418
-1.226624
-0.99288
1.701908
-1.865145
-1.835747
-0.09044635
0.3578991
-1.603608
-0.2200162
0.2958318
1.277285
1.279
-2.583166
-0.3718331
3.257572
-0.7058485
-1.774332
-0.3372345
2.254256
0.6305161
-1.416786
-0.5644069
2.5769
-1.33161
-1.945036
-0.3438582
3.075662
-2.528889
-3.877905
-2.280447
3.450662
0.2486624
-1.923344
-1.383484
0.7353542
1.581366
-0.4262975
-1.197961
-0.2426624
-2.107653
0.7200214
-2.337973
-1.546344
-0.138098
-0.1402633
-1.323661
0.5248195
2.847754
-2.191764
-1.073638
0.2873183
0.7197073
-0.862639
0.4529398
0.4820302
-0.7760789
0.8150041
2.24143
-1.618178
0.6798784
1.54271
0.4737545
0.2112288
0.2202754
-0.2377678
0.002704171
1.143115
-1.016899
1.343817
-1.058472
-1.53277
-1.264939
1.532668
-0.8350635
-0.1705898
1.628651
-3.894343
-1.542869
3.552897
-0.09957588
-0.6409742
0.6591906
-1.576122
-0.5946331
3.52924
-0.7738925
-1.059837
-1.362963
-0.8547113
-2.022166
-0.6065608
3.124163
-2.234672
-1.371061
-1.704572
2.119478
-2.011568
0.1575675
-1.461285
-1.615791
-1.431235
1.896314
-0.9534189
-1.471003
0.3593954
-0.1691675
-0.7934778
0.7144542
0.1274545
0.8253286
