-1.925699
-1.819571
1.853794
-0.1395388
-0.6339532
2.111672
-1.390247
-0.04724424
0.2293898
-1.197542
0.5348896
2.454803
-0.02322493
-1.583104
1.827065
1.931395
0.03970842
-0.8010786
0.126905
3.201007
0.8733232
-3.225423
-1.087412
0.7063552
0.7523677
0.8122342
0.5435705
-0.8913712
1.420922
2.509473
0.1835638
1.094303
0.3404472
-0.01799524
-0.7609182
-0.09667812
1.451837
1.19794
-1.291628
-2.250875
0.1071536
0.8141345
1.34846
0.04178157
-1.781521
-0.8563851
1.560666
0.9673398
-1.539603
-1.909107
1.101347
4.255463
-1.962571
-3.22511
-1.511669
3.051826
-0.3044412
-1.378177
1.755751
-1.885373
1.710618
1.001927
-1.438829
0.5221707
1.606639
1.36816
-0.8293887
-1.660376
-0.6678487
3.734272
-0.9636974
-1.483252
0.4416349
1.375043
0.8505478
-1.46466
-1.052189
-0.1708729
2.535215
-1.588022
-0.7630567
2.129112
0.5921288
0.2668109
1.231225
2.259369
1.030689
0.6709096
-2.417402
-0.8530759
2.518834
1.844833
-1.08942
-2.230053
-0.1895859
-0.294538
2.32915
-2.19978
-1.255547
-0.6511083
1.108274
1.646666
-1.108797
0.8651449
0.1851886
0.2315252
1.545051
-1.426031
-0.9755725
1.150024
0.7850037
-0.996345
-2.678974
-1.540158
1.619461
1.985042
-1.405106
-0.5618053
-2.032377
-1.017076
1.312338
1.907548
-2.21344
-0.4627118
0.2680317
-3.147775
0.6647741
2.375203
-0.4314658
-2.76501
-0.6803578
0.1706104
2.425415
1.293981
-0.406029
-0.07750697
0.6523851
0.805415
0.6604533
-0.2085776
-2.549045
-0.1939879
2.672005
-0.106878
-0.3528282
-0.09970947
-1.180193
-1.313926
1.795823
1.079558
0.002269677
0.6099338
-1.501916
-1.022662
0.5480064
1.599722
-2.060942
-2.682047
-0.3916131
2.267559
-0.004164701
-1.092763
-1.249634
1.773315
1.857335
-0.179704
-2.050306
0.8838444
1.702686
-0.629792
-2.136083
1.944286
-0.4063712
-1.565638
1.116817
1.788945
-0.5355166
-0.2159318
0.8302521
1.689619
-0.9720152
-0.2231506
-0.2889019
0.9183125
0.49651
1.773861
0.8187273
-1.138538
-0.8472646
1.037063
2.904088
-0.4888961
-1.034436
-0.7968681
-1.696998
2.977469
0.8286992
-1.092618
-1.653225
-0.8020912
2.860011
-0.854246
-1.66635
-0.2663943
2.289715
-0.5326862
-0.0357388
1.367933
-1.969074
1.019011
1.607746
-2.029176
-1.992462
1.596627
2.247254
-1.342393
-2.551399
-0.8207429
0.9379298
-0.0206384
0.9597257
-0.4076861
0.2488805
0.3860538
0.4519293
1.806757
0.317589
-1.644019
1.108152
3.09207
-0.2408194
-2.015465
1.887352
0.6101015
-0.813366
0.3599119
0.2039493
-0.1509319
0.3972421
1.131139
0.119734
-0.9644009
-1.320819
1.884955
1.269256
-3.679128
-0.2465068
1.847584
-0.2825707
-0.6708952
-2.77217
-0.806002
0.2828676
0.07151508
0.04513935
0.229536
-1.534832
-0.3588347
1.622324
1.133983
0.1467005
-2.111626
-0.6595728
2.049137
0.998401
0.4998122
-2.312934
-1.952788
2.898147
1.36866
-1.920215
-0.9950476
1.304972
1.053832
2.128622
-0.6906239
-2.686653
-0.02549117
3.60481
-0.3080749
-1.725647
-0.9380296
-0.4636617
0.7709749
0.8063782
2.11056
-0.6365831
-0.4346899
1.409229
0.1046041
-1.008823
1.279283
-0.8002235
-1.365554
1.269836
1.328962
-1.282359
-1.515848
1.635939
1.718639
-1.696174
-1.303942
-0.5759256
-1.68716
-0.229659
2.037781
0.1394502
-4.310072
-0.6078689
1.857633
1.497173
-2.535934
-2.248688
2.559149
0.5485982
-0.7774546
-0.54425
1.233583
2.992535
-0.3555056
-1.787164
-0.3449472
1.824645
-0.2252915
0.4772362
-1.855213
0.2399019
2.897195
-0.5280941
-3.530018
-0.4491915
0.4375843
-0.06202228
0.314377
-1.413449
0.8778428
2.677401
-1.058982
-2.118909
0.2369283
2.715884
-0.05259285
-0.6305397
-0.2807143
-0.4714468
-0.6901035
-0.6110768
1.379169
-0.284397
-0.8302036
-0.6814429
1.371745
0.3445442
-1.20817
1.208607
1.082168
0.2062895
-1.286971
-0.6318928
1.963448
0.205149
-0.8909653
1.308225
3.282258
-4.096109
-0.8983311
1.775616
1.267176
-2.184479
-1.08498
-2.049013
3.382922
2.255164
-0.5997536
-1.47362
-0.9811814
3.232767
1.010895
-0.3087799
-0.939822
-2.8535
0.9476366
2.743466
0.09025886
-1.598421
-0.617471
-0.9341525
1.175258
2.295436
-0.3310291
0.3063166
1.10468
-0.7341058
-1.434588
1.424562
2.187693
-3.943241
-1.008375
2.224689
0.2950493
-2.565513
-0.3741149
1.16143
1.384827
-1.601124
-1.380853
0.345752
1.47741
2.810187
-1.038139
-3.152614
-2.016827
1.543598
-1.695596
-0.4162956
0.04545927
0.651788
0.9064025
1.415066
-2.5738
-0.7802235
2.628534
1.354551
-2.094796
-0.6672212
0.1407469
2.329421
-0.9682577
-1.721285
-0.8989452
2.094336
-0.5253519
-0.5305097
0.8061123
2.90502
-0.4803043
-0.8819308
-1.872916
-1.040887
3.707985
-0.5608738
-2.135245
-1.192485
1.101905
0.4452305
0.6248796
0.7303106
0.79177
-1.968478
-1.005382
2.912482
1.922222
-3.005999
-1.464915
2.105204
1.935697
-0.8013023
-2.133234
-0.3820424
1.785249
1.267648
-0.5799311
0.4558343
0.794023
-0.4593987
-1.168175
1.690032
2.50597
-0.6622394
0.3325843
0.5165662
1.532312
-1.391238
-0.8399262
3.485281
0.6183299
-1.19844
-1.255538
-0.1630256
1.000101
2.569343
-1.977438
1.155417
0.6712123
-0.6900957
-0.6119192
0.556878
0.3097019
0.658568
0.1174032
-0.2563664
2.389825
1.393591
-2.765344
-0.8576037
2.934165
-3.029464
-0.1650885
1.490734
-1.241587
-3.180099
-1.28529
-0.4952759
-0.28281
0.9718139
-2.010293
-1.131223
1.29083
1.159703
-1.002493
-2.296241
-0.06093647
2.016402
0.5207915
-1.813533
0.9594228
1.982215
-1.151172
-1.054611
-0.2783495
1.708501
0.6107371
-0.7924321
-0.9417669
-0.3939117
2.668882
0.7249871
-0.6503401
0.1689567
0.6165269
-1.957856
-0.1756025
-1.148136
1.510714
-0.66523
0.188846
-0.1197796
-0.2245311
0.8405902
1.910899
-1.285053
0.5082553
2.753273
-0.1153505
-2.649319
1.584152
1.068573
-0.1943434
0.7777635
1.800257
-0.2323301
-1.717068
-1.377513
3.888133
0.3643355
-2.918925
-0.01833054
-1.781014
-0.9835824
2.670056
0.6521139
-1.645832
-3.841923
-0.3006256
3.656967
0.2308054
-2.800268
-2.413177
2.094413
2.306144
-1.027549
0.03861834
-1.076006
0.2659492
1.154204
-0.2416603
0.9349307
-1.526805
-1.379373
1.733151
-0.4292355
-0.7836468
-0.4139567
0.975725
0.4481932
1.063148
-1.56339
-0.5554911
1.773746
-0.2562459
-2.253477
-0.5731856
1.528763
1.101404
-1.21613
-0.2498325
0.5632861
2.63905
1.313842
-1.066552
-0.5685119
2.163964
3.590714
-3.195597
-0.9348317
1.596139
0.1242407
-1.028705
-0.3139342
0.7442693
0.01314063
-0.3208565
-1.365591
0.4775888
2.176428
-1.553685
-0.9570025
0.6145184
-1.323207
-1.516966
-0.7942749
3.188644
-0.9343241
-1.780899
-0.8272942
-2.104816
1.082632
2.763524
-0.5781503
-1.090897
2.041062
-1.146279
0.629481
2.273425
0.8254849
-0.7380129
0.4200558
2.293588
0.1314219
-0.8907506
-1.934478
-1.780967
4.104117
1.092183
-1.807988
-1.506683
0.5944194
3.194424
-1.017069
-5.80152
0.4045855
1.991627
-0.5907983
-2.985988
-1.005839
1.122459
1.173926
-3.597278
-1.06383
1.943583
0.5436996
-3.235153
-0.9968352
2.830461
-0.7446531
-1.124263
-1.431432
0.5755631
1.499832
-1.027652
-0.03496524
-0.3594092
-0.06485973
3.379551
0.2931749
-2.110954
-0.4334268
-0.452281
1.778723
0.9853364
-0.5750143
-0.3921818
0.7424291
1.596552
-0.424777
0.7282914
1.935282
-0.6451461
-1.676915
0.197083
1.363713
0.4078881
1.168285
-0.1091573
-0.9156369
1.236307
2.364868
-1.151119
-1.072973
-0.147474
-0.8947585
0.6438574
2.475929
-1.748264
-1.495618
2.206926
0.2261399
-2.309335
-0.9928774
-1.410509
-0.2278713
1.952765
-1.11728
-1.063452
1.035372
-2.175044
-0.658761
1.86075
-0.04968904
-2.903561
0.341074
0.007297951
-1.220502
1.587854
-0.136485
-0.004529668
0.7553278
1.291637
0.1933116
0.4261763
0.6360635
0.7209877
0.06458753
1.797867
-0.5871584
-2.384665
-1.362066
1.084287
-0.4592236
-1.63516
0.7139117
0.375519
0.3886156
-1.602737
0.2478645
1.319355
-1.6558
-2.488611
1.578861
3.219352
-2.026231
-2.480687
1.305525
0.927579
-0.3748867
-0.5613824
0.9191597
-1.551685
-2.245378
0.4499185
1.933818
-0.4775556
-1.447841
-0.4795188
0.9430289
2.482203
-0.1541207
-2.636031
-0.7384655
3.972605
0.643738
-2.58896
0.1745706
-2.246546
-3.941571
0.929886
1.499118
-1.233148
-1.669002
-2.174814
-0.7316127
2.195151
-0.114777
-0.8811485
-0.7473847
-1.72043
-0.4024021
2.598671
0.323262
-1.07532
0.9566198
1.951737
0.3231142
0.3736652
0.7677574
0.9849023
-3.58514
-0.7958628
3.236328
-0.4524181
-0.01117071
0.2428261
-0.09080644
-0.5411055
1.518975
0.6465598
1.141887
0.7727531
-2.138439
-1.050514
0.4649767
1.899822
-2.765929
0.09914586
2.362219
-0.9238409
-1.429873
-1.132009
-0.8712898
0.9377276
-1.331718
-0.4839292
0.3203321
0.5888589
-1.348187
-0.4610871
0.2899058
-0.7530692
-1.792055
0.06804439
0.5462633
0.6611686
-0.2579311
-1.153282
0.5651442
2.58062
-0.3183671
-2.660848
-1.057076
2.822727
0.7432704
-0.3711972
0.347703
-0.2748472
0.4689485
-0.440279
2.545518
1.275498
-2.142628
0.7619008
0.7721543
1.127443
-0.04666761
-0.348093
1.125249
0.08047605
-0.0735403
-2.707859
-0.7171137
0.1195532
0.6279901
-1.753636
-3.735156
0.2548346
1.865505
-1.872406
-2.266178
-0.3473666
0.4521632
2.212185
-1.797972
-0.8295863
-0.008228264
0.08406614
-1.168916
-1.635454
0.4137641
0.7329303
0.835317
-0.9920737
-2.211326
1.742099
1.948055
-2.371313
-1.640221
0.0700643
0.1939947
1.304717
0.2112825
-3.162831
-2.187701
3.539421
-0.1299541
-2.132856
1.178837
0.6032643
-0.3995417
2.175219
1.19574
-1.402637
0.5365049
2.025931
0.5647678
-1.335498
0.2309463
0.0398518
2.317014
-0.08635557
-0.4989254
1.276028
1.219492
-0.2302424
0.5578761
0.5241402
-0.8836668
-0.5713248
0.4719199
-0.2742702
-0.4915695
-0.2429173
0.7690154
-2.44592
-1.445877
1.896922
-0.01602161
-2.222832
-1.413931
-0.9027625
2.697034
-2.09335
-1.653594
0.9623753
0.6320323
-1.13278
-1.536964
-2.232528
-0.3296826
3.848151
-1.32144
-3.457197
-3.899987
0.5607529
1.92031
-0.2286276
-1.54626
0.6728135
2.782471
0.578326
0.7558123
0.2059202
-0.5259093
-1.084286
1.470667
0.4657658
0.3111221
-1.074113
-0.64666
2.557324
-0.0001323327
1.883762
0.3498186
-0.6961089
0.274931
1.476314
-1.017018
1.332549
-0.9123988
-2.027259
1.283061
0.1277794
-1.999786
-1.964067
1.121847
-0.8553878
0.2020376
0.4729741
-1.01244
-0.3253059
2.318435
1.928932
-1.186463
-1.065495
0.4648866
-0.8935826
-0.8790245
3.115671
0.09757895
-2.437112
-1.543386
-0.1471246
1.616915
0.2069398
-1.344656
-1.181146
1.648921
0.2982963
-1.822711
-3.359531
2.00972
0.2492039
