53.25563
52.84118
53.4002
54.53767
53.1405
53.95666
53.94113
53.38659
53.71208
53.3038
54.07124
53.86171
53.61428
54.23555
53.3073
54.0029
53.77408
52.92388
54.0106
52.99916
53.44009
54.93505
53.53565
53.19755
53.46563
52.49809
54.23679
53.85244
54.31654
53.80914
53.96938
53.56583
53.48679
53.48886
54.3933
54.71502
54.16634
53.29319
53.80813
53.3576
53.74436
53.73982
52.90617
55.03749
53.72577
53.67264
54.38654
53.5769
53.31607
54.18148
53.06058
53.56576
52.96349
53.2074
54.43438
54.41858
53.5248
53.59134
53.12894
53.46881
54.33541
54.24647
52.91112
54.62135
54.35362
53.9735
54.52996
52.94872
53.86683
54.28589
53.64516
54.42826
54.53133
53.91501
53.98449
53.3124
54.12096
53.05107
53.85992
53.07468
53.23278
53.28022
54.75763
53.50761
53.79805
52.80262
54.32566
53.59844
54.41261
53.50077
52.90184
54.09227
53.95335
54.26561
54.01281
53.90205
53.02519
54.04319
53.88559
54.34777
53.53236
54.72868
53.58741
53.27917
53.56507
53.79436
53.86806
54.57326
54.14809
53.36498
54.16879
53.25643
54.16044
54.71101
54.10435
53.18477
53.56677
52.38371
53.22354
53.99107
54.16789
54.07016
54.79343
54.06231
54.01746
53.96087
53.7478
53.30186
53.06897
54.03039
53.53178
54.64305
54.72784
54.87551
53.56231
52.91924
53.38142
54.17422
53.82981
53.64434
54.59994
53.6801
54.62882
54.81166
53.2817
54.04108
53.36012
53.63621
53.90107
52.83127
54.49216
53.78637
52.96936
54.9954
53.73864
53.11971
54.28605
54.11983
53.86574
53.54951
53.92831
53.32616
54.40848
54.32858
53.5134
53.35337
54.49188
54.68444
53.51079
54.05529
54.82655
52.70192
53.61243
54.2818
53.90645
53.99677
54.01165
52.95236
54.04741
53.75099
53.76515
54.4484
54.42506
53.48661
53.72756
53.19393
53.13093
53.92995
53.826
53.62439
54.52802
53.70276
54.01879
52.73048
52.93473
53.62955
54.45326
53.66777
54.61135
54.04631
52.8612
53.53244
54.41082
54.74894
53.25467
54.09624
54.14075
54.59652
54.65294
54.52102
54.12503
54.3104
53.77883
54.23506
53.46567
53.94921
54.95655
54.45298
53.8727
54.18156
53.36333
54.44795
53.92972
54.25718
53.69073
54.883
53.921
53.273
54.80225
54.11493
53.72165
54.30334
54.18449
54.09242
54.10296
54.68653
53.66408
53.02662
54.07422
54.66462
54.39278
54.25666
54.06748
53.99252
54.13089
54.60446
54.70041
54.75882
53.40841
54.18856
53.86051
54.33716
54.18927
53.48903
53.48085
54.93756
54.19871
54.64854
54.94192
54.60553
53.42572
52.41307
54.44563
54.16159
53.9749
54.88533
54.85294
53.86765
53.52503
53.238
54.50213
53.79207
54.85495
55.42853
54.82646
53.83291
54.47023
54.71854
54.73745
54.22546
53.10452
54.16163
54.41209
53.35962
54.87295
54.24825
54.52986
54.66587
54.0042
54.73186
53.71137
54.8677
54.30495
54.50484
54.29915
54.73409
55.13403
54.77936
54.27007
53.83194
53.82412
52.49854
55.26113
54.80685
54.61918
54.40442
54.96636
54.0187
53.23002
53.66553
54.23575
53.64293
53.97488
53.23257
54.70115
54.25266
54.62829
54.72169
53.44491
54.34798
54.60743
54.23115
53.70042
55.06251
54.01259
54.40164
54.26786
52.93591
53.67808
53.76258
54.036
53.36535
53.30063
54.01715
53.14726
53.35035
54.71041
55.05298
54.3081
55.52937
54.66885
54.36032
54.31968
53.0242
54.47689
54.52318
53.60472
54.63656
53.26665
54.59009
54.62979
54.52716
55.13065
54.98595
53.73354
53.54947
54.9084
54.59851
53.67188
54.69719
53.80832
55.14212
54.06771
53.11028
52.17117
54.41911
53.39938
53.76982
55.28776
53.4192
53.35715
54.29805
54.56813
54.62169
55.58393
54.15764
54.6907
53.96334
54.02109
54.70255
53.65114
53.74213
53.47462
53.42645
54.17097
54.34166
54.60217
54.03422
54.80842
53.67835
53.87563
54.89671
54.06183
54.63946
55.66021
54.15397
52.78303
54.88935
54.13091
55.12721
55.3625
54.70362
54.58545
54.3
54.78254
53.55103
53.69125
54.3147
52.08195
50.62493
53.08355
53.85472
53.72816
54.64285
54.72049
53.71426
53.35286
55.17256
53.42355
53.50895
54.13339
54.15213
55.17446
53.90867
54.01706
52.37477
52.87061
54.55182
55.04577
54.87725
54.4966
54.45496
53.93031
54.0976
52.05103
52.58759
54.10241
53.99587
54.99139
54.79834
53.98666
54.42888
54.76713
55.05775
53.69385
53.46072
53.62882
54.17331
54.36134
54.1057
54.56029
53.68052
54.15231
54.73594
54.63068
54.78214
54.13311
54.66214
55.08965
54.17579
53.99406
54.26049
54.43673
54.46612
54.90352
54.39105
54.20541
54.78217
53.9786
54.38877
54.94095
53.39415
53.08667
53.82155
55.03373
54.08532
55.02207
55.40982
53.2711
53.31686
53.64142
54.23359
54.33549
54.68578
53.79148
53.36734
54.89771
54.15032
54.64599
54.65183
54.3445
52.68269
54.0267
54.43909
54.11908
55.53683
54.03651
54.90667
54.12605
54.50846
55.19767
54.15219
53.73113
54.41671
55.35873
54.47296
53.91733
53.68747
54.21124
54.90498
54.13722
53.93791
54.45274
53.6036
55.34498
54.305
54.38053
53.29072
55.14645
54.74785
55.00011
54.69461
54.13864
54.55251
53.63379
54.97191
54.12665
54.23089
53.26143
55.13262
54.02431
55.07833
55.41139
54.70113
54.71312
53.60629
52.81786
55.02919
54.44268
54.79794
54.98835
54.03947
53.24056
55.27893
54.70498
54.1815
54.36922
55.08056
54.36264
54.37206
54.24957
54.06178
53.70217
54.21037
54.09106
55.1049
54.15851
53.36755
54.21824
54.73619
54.38028
54.50461
52.88227
54.69735
54.75806
54.41053
54.79219
54.39609
53.64003
54.71479
54.33471
55.47771
54.62176
54.60741
54.13408
54.89396
54.82851
54.04128
54.14008
53.2939
54.52677
54.83125
54.69587
55.27744
53.89765
54.48792
53.83353
53.97532
53.01699
54.99732
54.18974
54.9203
54.92994
54.94753
54.22393
53.79547
55.38599
53.93612
54.4748
55.37312
53.65331
53.86927
51.7842
52.72887
54.98472
54.16668
53.91938
54.49683
54.35386
54.17146
53.43131
54.64338
54.13466
54.91927
54.45558
54.78454
52.68623
53.99942
54.97267
54.63704
54.86053
54.68083
54.25322
54.58249
54.29246
53.61678
54.51119
54.22659
54.59157
53.17936
54.8543
54.2666
54.33467
55.37922
54.8705
53.16487
54.66794
54.57024
54.38351
54.49958
55.26181
54.70605
54.80436
54.88141
54.5787
54.18956
53.37654
54.22297
54.29334
54.67381
53.99638
55.03986
54.59975
53.88855
55.08632
54.18082
53.51793
54.01212
54.42336
54.9388
54.66441
53.87381
53.48689
55.11887
53.17714
53.84235
53.47217
54.84068
54.64517
55.23882
54.0102
53.30062
54.73005
53.84005
54.50732
55.91083
55.02587
54.22533
54.75778
54.63352
53.96849
53.70905
54.61407
54.62892
55.02718
54.35981
54.23539
55.21096
53.85106
53.70272
54.92179
54.25661
54.02488
53.44262
53.81517
54.05173
55.20335
54.75938
54.47867
55.06365
54.74933
55.46349
55.40784
54.58184
53.98138
54.81306
54.5725
54.08858
54.40875
54.69302
55.00885
54.93237
54.36389
53.95638
54.06202
54.93674
54.50436
54.094
54.88034
54.07134
55.25732
53.92606
55.26616
55.57952
55.22501
55.00132
54.72121
54.4186
54.64582
54.56984
55.24813
53.85504
54.0628
54.60271
54.42581
54.30507
53.10467
54.41349
54.32203
54.61064
54.69106
54.73279
54.46227
54.58101
54.0816
54.63058
54.49819
54.46476
55.44001
54.85503
52.21599
53.12312
54.08974
53.91626
54.93302
55.02289
52.90329
54.90017
54.04017
54.60743
54.51752
53.87913
53.37301
54.89612
54.67303
53.80212
54.14113
54.45599
54.96246
53.97817
54.6778
52.82198
53.41552
54.45683
54.48145
54.27335
55.15305
53.92429
53.70179
54.15722
54.11417
54.12721
53.60037
54.69216
54.1153
54.75932
54.61134
53.64925
53.82301
54.40691
53.38303
52.67757
53.6676
54.41729
54.11973
53.86183
53.37839
54.89698
53.75299
53.73743
56.05099
53.69333
54.60532
53.81774
54.42311
54.14676
54.25546
54.7055
54.71516
53.97658
53.81835
53.39208
55.10898
54.58274
54.41317
54.98892
53.12262
54.33108
54.15401
54.56096
54.94341
54.41267
54.36723
53.699
53.86715
54.39804
55.31315
53.45941
53.51099
54.924
53.44358
54.42375
54.63079
54.82178
53.90043
54.65892
55.15265
55.65434
54.61603
53.67016
54.32764
54.6382
54.87128
54.5336
53.86053
53.57973
55.67969
54.02018
54.75089
54.85267
53.68389
54.22481
54.32856
54.07222
55.31955
54.31457
54.14103
54.93898
53.67743
54.23382
54.58972
53.92649
53.41271
54.50832
54.4528
54.57531
54.19121
53.42677
54.7304
53.44344
54.4231
54.62097
53.92245
53.35326
54.43146
54.5578
54.31506
53.44014
54.63418
54.10236
53.34604
54.20263
54.30739
53.99015
54.96242
54.6698
53.62018
54.65917
54.66774
52.89555
54.31443
54.95533
54.59083
54.71116
54.8241
53.66939
54.79699
53.91936
54.39114
54.59218
54.75771
53.91465
55.14136
55.27429
54.10136
53.96891
53.9361
54.26202
53.90927
52.91155
54.40419
54.54448
52.97589
53.36712
54.36824
54.23003
54.13467
54.47855
54.80813
54.40291
54.57503
53.94661
54.17021
54.30972
54.08026
54.46437
54.50499
53.87548
55.12517
54.30607
53.75159
55.07442
55.41554
53.70396
53.32926
54.54029
53.96065
55.44855
54.10703
54.8548
54.46927
54.77852
55.23301
54.92999
54.51459
54.27156
54.66759
54.50597
54.23357
54.81272
54.38776
54.39883
54.77988
54.00045
54.6122
54.45243
54.74368
54.45934
54.03677
52.93755
54.02378
55.14392
54.35633
54.76439
54.49921
52.05729
52.1924
53.68266
55.17318
54.55013
54.57159
55.35035
54.44501
54.58723
54.74977
54.44433
54.83966
54.56969
54.70054
54.12451
55.20378
54.62578
54.28302
54.31885
55.09808
52.14425
54.32627
55.06572
54.61383
55.6185
55.00377
54.08446
54.85077
54.83561
54.47824
53.97465
54.60703
55.09358
54.72132
55.76653
