24.87057
24.50702
24.31028
24.93859
24.61498
24.31881
24.37607
24.66838
24.34686
25.0999
24.90981
24.47751
24.46539
24.52038
24.15799
24.4007
24.51868
24.52147
24.87569
24.88509
24.19066
24.54689
24.45005
25.0211
24.38428
24.89175
24.6504
24.76952
24.78319
24.47717
24.01217
24.63678
24.85052
24.73384
24.62079
24.61573
24.69382
24.22788
24.53806
24.42726
24.95059
24.45446
25.07155
24.50773
24.44093
24.73237
24.4618
24.52845
24.24926
24.72431
25.55554
24.60172
23.95465
25.02452
24.64672
24.39964
24.77105
24.53656
24.29058
24.71706
24.6182
25.25217
25.09746
24.55404
24.6757
24.86519
24.45638
24.94989
24.60225
24.43265
24.61603
24.59779
24.36813
24.98253
24.74388
24.87826
24.31244
25.17916
24.91243
24.46311
24.66777
24.4597
24.6439
24.77532
24.71765
24.29977
24.37543
24.76957
24.86756
24.88967
24.41824
24.41007
24.68108
24.68672
24.27987
24.63506
24.26315
24.81592
24.89307
24.2966
24.79341
25.05098
24.76507
24.8805
24.31925
24.63285
23.86216
24.90486
25.03424
24.91121
24.59089
23.91139
24.79982
24.65672
24.68045
25.07762
24.4597
24.69932
24.92452
24.90558
24.46387
24.40774
24.31548
24.11098
24.76049
24.69537
24.89095
25.03511
24.78351
24.04318
24.65957
24.98441
24.08154
25.39592
25.22914
24.6169
24.24167
24.42162
24.8401
24.63964
24.41924
25.42504
24.60412
24.4816
24.57011
24.55923
24.69802
24.91895
23.98817
25.1155
25.68527
24.21859
24.13312
24.51984
24.98986
24.68145
24.67676
24.42943
24.47605
24.33294
25.25739
25.17446
25.00206
24.77853
25.02509
24.68592
24.78513
25.27005
24.46915
24.6704
25.00712
24.59046
24.7273
24.40495
24.83856
24.702
24.90441
25.16049
24.78584
24.28737
24.64643
25.2374
25.65718
24.04639
24.726
24.64567
24.90694
24.70891
24.44263
24.7907
25.36283
24.33396
24.98209
25.0339
24.49841
24.91439
24.91609
24.63431
24.97277
24.28173
24.80221
24.46039
24.98488
25.45273
25.36873
24.70083
24.79656
24.7814
24.15559
24.35741
24.96173
25.46087
25.3211
25.0629
24.74533
24.42127
24.69421
24.64509
24.74401
25.15191
25.4989
24.92567
24.25706
24.64399
25.11222
24.87815
24.42433
24.87785
24.95232
24.40784
24.98008
24.81862
24.64847
25.35813
25.22013
24.65028
24.32824
25.11316
24.73117
24.7729
25.2845
24.7022
24.65171
24.63062
24.63775
25.13543
25.34059
25.30846
24.85098
24.74601
24.97144
24.94865
24.49524
25.15757
24.68234
24.49763
24.45053
24.89349
24.65372
24.38965
25.0557
25.15465
25.50368
25.20789
24.6902
24.71333
24.5155
24.8252
24.41531
25.06151
25.09234
25.4096
24.15908
24.32805
24.93952
25.35037
25.38108
25.39849
24.82247
24.91765
24.53222
24.89818
24.37174
24.63258
24.68324
24.86205
25.81439
24.60203
24.66699
25.049
24.51788
24.93755
24.09917
25.06761
24.15647
24.71452
25.33685
24.93507
24.90105
25.37013
24.46522
24.5759
24.61877
24.82717
25.35469
24.35676
24.82819
25.03896
24.61603
25.33429
24.97642
24.67148
25.08901
24.91001
24.37261
25.12238
24.70173
25.29556
25.6819
25.01791
24.54818
24.90294
24.96367
24.58863
24.46266
24.70775
24.89909
24.45534
25.04603
24.44271
24.54506
25.4052
25.03279
24.52712
24.97838
25.12942
24.48409
24.94974
25.0066
24.18634
25.05892
24.88828
24.81385
25.0115
24.55047
24.70546
25.3005
24.89306
24.70585
24.70245
24.86881
25.06057
24.99946
25.4484
24.84075
24.55278
24.61577
24.77578
24.7061
25.12496
24.61932
25.17892
24.92764
23.76632
24.40168
24.85848
24.99043
24.8106
25.154
25.20027
25.08319
24.19076
24.60705
25.2471
24.48035
25.12105
25.63677
24.84674
24.62991
24.99565
24.96897
24.96996
24.59631
24.59464
24.92354
24.77709
24.62243
25.16529
25.59373
24.65961
24.77406
24.92109
25.15941
24.48158
25.27719
25.42208
24.49941
24.8539
25.35908
24.44897
25.01611
25.04439
25.07347
24.48756
25.20551
24.41567
24.98334
23.89708
23.96427
24.59438
24.65518
24.69762
24.56134
25.44331
25.032
25.07783
24.80749
24.84765
24.39218
24.7556
24.65217
24.56084
25.47341
25.0309
25.21769
23.89445
24.42512
25.16274
24.61799
24.93194
25.2137
24.4987
24.56004
25.03611
24.16031
24.29203
25.52626
24.59655
24.31119
24.77363
25.01029
24.6797
25.29738
25.15631
25.02416
24.90026
25.14521
24.89536
24.50242
24.4641
25.20813
25.40693
24.41897
24.43567
25.10874
24.63269
25.25495
25.38839
24.75458
24.97907
25.1034
24.53944
25.11921
24.4784
26.03625
25.09898
24.6928
24.75277
24.69354
25.19773
24.74715
25.21976
25.53216
24.79761
25.00782
25.30356
24.50212
25.05347
25.33677
24.45005
24.57586
24.48734
25.59082
24.71397
24.90801
25.66458
24.2374
24.96293
25.12518
25.07248
24.8011
25.08076
24.93263
25.15698
24.42354
25.26363
25.07059
25.02675
24.92835
24.9906
25.5477
25.11124
24.29586
24.44604
25.04575
25.45815
24.74368
24.9874
25.09929
24.87212
25.08547
24.85104
24.38127
25.00578
24.83976
25.36384
25.24681
24.62781
25.2531
24.79085
24.92142
24.7285
24.67306
24.86996
25.32348
24.83104
24.4347
24.74342
25.27504
25.30515
25.244
24.58603
25.08529
24.7697
24.69397
24.96823
25.1066
24.75762
24.99838
24.86241
24.60805
24.82648
25.1346
24.98714
25.06899
25.68497
25.14527
25.02225
24.562
24.25764
25.61081
25.63086
24.82177
25.20777
24.77967
24.92949
24.76038
25.17136
24.68827
24.88036
25.01572
25.31786
25.20554
25.0784
24.67286
24.80721
24.30743
25.48937
25.69564
24.73648
24.26902
25.14087
25.04049
24.41964
25.38024
25.50037
24.97905
24.59378
25.37132
24.58846
24.94878
24.73163
24.94509
25.68708
25.13568
25.08821
24.70115
25.00772
24.97815
24.58334
24.90882
25.55264
25.11724
24.35101
24.99349
24.73845
25.48996
24.84813
24.91152
24.66504
25.19028
25.09519
24.04567
24.57311
24.92248
24.61799
24.63583
24.89583
24.52855
24.50262
24.92373
24.71158
25.23556
25.22274
24.93466
24.8039
25.11956
25.44385
24.65448
25.09214
25.68468
24.62926
24.38421
24.96243
25.27865
24.70113
24.84305
24.56713
25.07667
24.36666
25.24439
24.59182
24.41878
25.28592
24.69518
24.96563
25.45499
25.03399
24.76629
25.65216
24.9895
24.86942
24.92277
24.80371
24.77416
25.11396
24.35572
25.58436
25.67682
25.02271
24.81027
25.08297
24.71631
24.82017
24.78684
24.76571
25.51515
25.49188
25.10596
24.26536
24.996
24.49265
25.34636
25.77134
25.33531
24.3175
25.40398
25.74186
24.37607
25.00952
25.06693
25.20583
24.7757
25.24388
24.98134
24.68153
24.98962
24.76839
25.04976
25.39182
24.55002
25.17932
25.05692
24.98265
24.87699
25.29732
25.22136
24.69234
24.78659
24.8181
25.12225
24.90826
25.31241
25.40243
24.73783
24.96583
25.33142
25.38956
25.08862
24.88883
25.26778
25.26654
24.82646
24.26852
25.03834
25.30066
24.66128
25.62658
25.36097
24.84457
25.11529
24.57746
25.01823
25.18694
25.25266
24.97988
24.80968
25.21705
24.50943
25.03777
25.03409
24.99747
25.15062
24.48338
25.03594
25.04258
24.93804
25.10152
25.6206
25.53523
24.65363
24.85884
24.72639
25.14993
25.09171
24.88689
24.74374
25.35055
25.1431
25.51316
24.413
25.1434
24.45974
24.79767
24.63369
25.15093
25.10672
25.82404
24.51798
24.66899
24.31935
24.75634
24.55127
24.57346
25.22851
25.12663
25.25528
25.11601
24.84304
24.76142
24.79461
25.03684
24.49659
25.07747
25.63305
24.83678
24.63879
24.94543
24.98645
24.93091
24.4822
25.08761
24.7681
24.94829
25.41969
24.84472
24.56396
25.29846
24.50159
24.9123
25.49593
25.109
24.52009
25.14691
24.63251
24.83787
24.4269
24.69846
25.23167
24.97089
25.07825
24.46856
25.11688
24.38318
25.30517
25.06589
24.75902
24.36999
25.39717
24.9129
24.24946
25.67778
24.95235
24.42702
24.90034
24.64544
24.83805
24.76851
25.53244
25.46061
25.03833
24.90628
24.71558
25.43815
24.79987
24.90716
24.8807
25.13136
25.43834
24.6664
24.94535
24.6818
25.22723
24.67022
24.54194
24.92374
24.9797
25.05179
25.19242
24.9702
24.54845
25.12238
25.09121
24.46641
24.83059
25.11979
25.17753
24.61543
24.88807
25.30314
25.48427
25.09248
24.7154
24.89252
24.4892
25.07277
24.88875
24.89826
24.47636
24.84088
25.29449
24.88658
24.89406
24.43465
25.10591
25.40113
25.10615
25.42405
24.68802
25.02023
25.24906
24.5655
24.57904
24.67067
25.23246
24.66765
25.40351
25.22221
24.56909
25.03769
24.95103
24.79737
25.23982
24.30379
25.17751
25.00307
24.67686
24.49976
24.75449
25.80886
24.68513
24.89698
24.97084
24.94824
24.56252
24.72462
25.46044
25.27288
25.04543
24.91731
24.64803
24.95117
25.1984
25.2416
24.83425
24.45042
25.14415
25.02924
25.54769
24.29739
24.54965
25.22284
24.94195
24.9949
25.31465
25.13101
24.82782
24.65065
24.32199
24.96105
25.2568
24.86144
24.17141
24.67579
24.57193
24.76794
25.68124
25.15398
24.83632
24.71332
25.0156
24.82217
24.62768
25.02052
24.92048
25.60672
24.98824
24.2597
24.52246
25.20391
24.95998
24.98318
25.0269
24.62057
24.6643
24.82186
25.92101
25.10054
24.5571
24.64801
25.04042
24.8868
24.79835
25.05425
24.23926
24.72477
25.75484
25.52321
24.93557
24.86222
25.28741
25.19223
24.59159
24.57808
24.93908
24.26229
26.12848
25.93254
24.45934
24.24027
24.4535
25.22637
24.48303
24.77508
25.80884
24.82002
24.25815
23.84548
25.35965
24.67621
25.25224
25.40166
25.41067
24.34866
24.78482
25.08292
24.91746
25.05624
25.4602
24.81401
24.32538
24.66416
25.24531
24.76152
25.55383
24.81633
24.68663
24.86455
24.86279
24.29628
24.83843
25.06856
25.34692
24.49898
25.48667
24.81059
24.7046
24.92185
25.46293
24.38767
