-1.89108
-2.993202
-2.060387
5.142158
-0.07716256
-1.763016
-3.60122
-1.593205
2.536325
1.829404
-1.757639
0.4689951
1.048906
0.2665783
0.7269474
-0.7995414
-0.597002
3.179121
0.2628445
-0.9516317
0.5379686
1.624844
-0.437345
-2.403934
-0.1778127
0.5834215
-1.743284
1.076342
-0.9675009
0.2231471
0.2436444
-0.2613413
-2.131426
-0.4100469
2.055005
0.2003591
-1.421504
-2.265354
2.473474
2.259356
-4.339919
0.2556408
2.920867
2.372431
-1.910911
-1.937928
0.02969854
3.288943
2.702919
-2.537359
-1.291172
1.564369
0.2795305
1.12535
-1.552513
1.36404
1.621811
-0.3086134
-0.2623644
1.754983
1.320588
1.625928
1.349219
1.150909
-0.281366
0.5011457
0.150812
1.249577
-0.5204079
-0.4670225
3.393908
-1.938588
-1.10764
3.113552
-0.1186398
-1.707806
0.001449593
-0.1110869
1.005636
1.867915
-0.4141572
-4.404935
1.746526
3.224364
-1.244575
-2.288915
-2.495891
1.937488
-0.622815
-0.5511334
-1.029968
-1.063957
1.613822
0.7409681
-3.680406
0.1163031
1.736874
-0.3489503
-0.9393578
-0.03390982
0.7131885
-0.4669004
-0.2989517
1.267441
-0.2326448
-1.541292
0.01410461
0.5180574
-0.7085318
-0.7923733
-0.9328084
3.147746
0.04985989
-0.8712671
0.5038843
1.241899
0.1852614
0.4068281
2.24611
-0.05358184
-0.4639051
0.8803858
0.06621645
1.92042
-1.568361
-2.190103
2.973438
0.7113516
-1.813413
-0.6120453
1.40251
-0.4060786
0.02223384
0.05923129
1.576415
0.235369
0.7292144
-1.577533
0.014366
3.498397
1.458269
-1.985133
-0.5132698
0.3480009
-0.08164985
2.201043
-1.360612
2.116132
-0.4877253
-3.881494
-0.6273788
2.56581
0.04510958
-2.690883
-0.02964254
0.7920049
-2.419605
-1.179489
2.230711
1.909869
-0.920817
-1.568226
0.4011039
2.86133
0.3480015
-1.639908
-0.3459395
-1.784654
0.2388982
2.24843
-1.904667
-0.1621847
-0.9104528
0.5056809
0.9236275
1.754278
-0.8932139
-2.003916
-0.6707721
2.142741
-0.05232099
-0.573909
-1.858437
-2.137463
-0.6429788
3.251305
-0.6043177
-2.183476
-3.35764
-1.728019
2.175682
1.304097
-0.8640007
-2.330143
-0.5531487
2.588895
1.555346
0.571335
0.7330363
1.913582
-0.7459964
2.68479
0.1012945
1.472325
-0.7410854
0.6781023
1.214732
0.3576158
1.278042
-1.163045
-0.7019784
3.453035
-0.08864796
-1.233994
-1.885123
2.391096
0.08752995
-0.687488
-1.310699
-1.111124
0.3759275
1.137836
-0.6110215
-1.954704
2.157993
0.8362244
-0.9567731
0.378345
1.419214
-0.5025973
-2.057502
0.8337494
3.103601
-1.30954
-2.734148
0.7607924
1.133847
-1.248564
-1.281545
1.496362
0.5397629
-0.9054337
-1.771188
0.8243659
2.295531
0.01554207
-0.8560819
0.6707686
0.7848061
-0.2685098
0.9954364
0.1587145
-0.5886233
0.3444338
-0.3505582
0.1539283
1.079778
-1.450132
-0.1935321
2.940986
0.3376581
-2.282934
-1.891028
-0.1325164
3.549031
-1.314288
-2.623372
-1.050252
1.293686
2.076083
-2.558253
-1.666649
1.669603
0.7178662
-0.6601232
-0.4957508
-1.737345
0.8182508
2.828436
-0.2654211
1.13037
-0.545555
1.374533
1.168072
-0.8145506
0.094155
-0.8701205
1.208929
-1.169495
-1.412981
0.2779225
0.8038875
0.4875137
-0.6043224
-0.7997292
0.5193383
-0.5949579
-1.586152
2.821648
0.9509609
-1.093706
-3.2176
0.03498818
1.974165
1.2086
-0.7906295
0.2924224
-0.4543463
0.09040117
1.770957
1.296727
-0.6070138
1.918777
-0.5624692
-3.101378
-1.099831
2.858263
1.859253
-1.785759
-1.761793
1.218366
0.3613907
1.988905
0.9537524
-2.077224
-1.558083
2.557487
3.009528
-1.094459
-1.737035
0.2986147
0.3863469
0.9668649
-1.827461
1.231837
0.5808509
0.1051922
-2.229959
1.786684
1.205027
-0.107195
-0.2270339
-1.062656
-1.258951
0.1704154
-0.126408
-0.3065174
1.360975
0.08445856
-0.4446727
1.17009
1.297881
-1.77117
2.200866
2.647556
-2.035187
-3.505439
0.1491696
3.163225
-1.40347
-1.994843
0.4674051
-3.325332
1.388666
2.412489
-0.03540464
-2.73309
-1.226604
1.563367
0.5427246
-1.330495
-1.44378
-1.099245
3.263675
-1.892381
-1.472018
0.3044325
-1.029326
-0.0626028
0.4387871
1.084127
1.465495
-0.5428349
-0.4620906
0.8931357
1.835301
-1.23954
-0.1249695
-0.4015087
1.08307
1.374679
-1.097769
-1.013729
-0.03810297
1.904049
0.2139711
0.412029
-1.431524
-1.167965
3.983783
0.1888593
-2.055222
-0.9148375
1.941913
-2.236513
-1.090038
3.17994
-0.2068532
1.008427
-2.605835
-0.5180017
0.3141533
-0.8908974
-0.3744663
0.485187
-3.945965
0.3443322
4.028252
1.277721
-1.78591
0.7933711
0.03908947
-1.128772
0.5853826
1.687999
0.105669
-3.001861
-0.4432786
0.564728
0.1279093
-0.8197183
-1.130295
-0.6610896
2.181997
2.551785
-0.5165786
-2.025393
1.539832
2.052773
-0.02760767
1.227006
0.03249639
-0.7698312
-1.339742
1.464609
3.201945
0.4510594
-2.943093
-2.010691
-0.01793507
3.699724
-0.2220446
-1.12547
0.4572961
-0.1201724
0.4061004
1.345408
1.287606
0.965089
-0.7394869
-0.3323225
0.6273354
1.180551
0.2680029
0.0534996
0.6758015
0.4472826
0.2066886
0.2621014
0.2973755
-1.151853
1.390786
0.6327397
-0.2491181
0.06465109
-0.2468166
-1.775352
0.5308189
2.540977
-0.6698113
-2.151593
2.039435
1.138155
1.299705
-0.8437257
-1.542938
-0.3746381
1.306985
2.985502
-1.638919
-3.060868
2.320345
0.8427898
-0.6790924
-2.661412
0.262481
4.260524
-1.068874
-0.671611
-1.777522
0.3639689
2.34883
-0.7572557
-3.163437
-2.076209
2.146496
1.804475
-1.700666
-0.6345834
-1.264197
0.07504946
1.636495
0.7870911
-2.470567
-1.489443
3.770516
0.1475127
0.4562059
0.2305206
2.970752
-0.7167628
-2.281405
1.034413
2.870169
-0.2048168
-1.966109
0.8596235
0.289716
-3.511425
-0.04104545
3.072688
-0.4234346
-2.473105
-1.316764
-0.1007998
1.05859
0.8860055
0.5295026
1.496755
-0.4957526
0.5864228
1.441051
-0.1879429
-2.449929
-0.9274918
1.328095
1.530239
-1.716743
-0.6465159
1.6705
-0.1038705
-2.125029
-1.49526
1.797634
-0.3208067
-0.133375
-1.586132
-1.94495
-0.04219036
1.254873
-0.403789
-1.228139
0.3017353
1.993979
-0.9510571
1.296409
1.550763
-0.5389604
2.206095
-0.03676375
1.333676
1.695851
-0.7129192
-0.3890635
-0.108699
-1.639275
0.3371493
2.117269
-0.5222866
-2.293891
0.0515276
-0.4551466
-0.6686689
1.521241
-1.530163
-1.636014
-1.019854
3.01178
-1.120881
-1.662807
1.309939
0.6703354
0.04503489
1.159024
1.564156
1.411955
0.1796826
1.999449
-0.6729413
-1.012185
0.1005255
2.644012
2.855929
-3.430134
-3.818416
1.812178
1.264296
-2.282037
-1.224127
1.114222
1.945767
-0.1367512
-3.139482
0.5948405
2.188293
-1.833211
-1.349254
0.05581713
-1.21916
1.39506
-0.5672905
-0.2843952
-0.4478503
2.55214
-1.209246
0.3081924
3.295183
-0.4813072
-2.226195
0.9863538
2.512537
-0.2494959
-2.353307
-0.2925961
0.9408333
0.2643943
-3.786725
-0.3410092
0.7445181
0.5204966
-1.225284
1.719927
-1.185229
1.519336
0.9818038
0.7400591
-1.00999
0.7910421
-2.052231
-2.843025
3.384429
-1.768554
-3.982869
-0.3964891
2.595358
0.5257984
-3.503725
-3.889337
0.667532
3.049428
-1.765112
-1.239468
-1.192677
-0.286045
1.441876
0.3665758
0.2385051
-1.382415
-1.565516
0.630467
0.9895846
0.4713891
-1.890245
-2.72709
-0.2174533
0.3801725
1.939462
-0.915058
-0.7682126
0.7318522
-0.03243603
-0.9111863
-1.643354
1.449879
2.712132
-1.727171
-2.298681
0.7010071
1.41977
-0.1964613
-0.3874201
1.823301
0.3326814
1.166582
-1.102151
-1.187633
2.897218
-1.433063
-1.781007
0.8415895
2.191703
-1.015677
-0.1732032
-0.1735669
-0.4391208
1.586944
-0.1031959
-1.278778
1.592264
1.418263
-2.313783
-0.1692672
1.816458
-1.130147
-0.925694
1.487469
-0.8656923
-1.252014
2.015309
0.1911753
-1.93991
-2.679281
0.3534314
3.192255
0.9631119
-2.413566
-1.866106
-0.2613228
-0.5314479
2.684696
0.1228646
-5.77571
-0.7829679
2.83536
0.1572611
-2.925605
-2.36557
-0.09559692
2.055204
-0.9567329
-1.593862
0.03292713
1.327655
1.846738
0.5103983
-1.030597
0.2349748
-2.095942
-1.183405
2.665948
2.039665
-0.7706181
-2.167444
-1.199254
2.769456
1.438165
-2.785543
-0.3799593
2.90676
-1.277859
-1.019852
0.6651939
-0.3322014
-1.338845
0.2650491
1.646597
-2.100163
-2.433117
0.6552308
1.9816
-1.373565
-3.167483
-0.2876247
2.817523
-0.1547307
-1.706151
-0.1673402
1.075417
1.39979
1.773807
-1.42903
0.2241153
-0.4458599
0.2177932
1.556119
1.018583
-2.990337
-0.1269041
0.448507
-0.4210668
0.4966015
1.741246
-0.3678809
0.05287772
0.7615
-0.2591332
-0.2733099
0.01358813
1.891027
0.5175639
0.1443231
-2.591776
0.4808218
1.497113
0.2114108
-2.881226
0.9718346
2.35332
-1.948133
-2.721696
-0.5040123
2.397506
-0.7357301
-1.853368
1.07573
0.5275947
0.5802013
0.1993185
1.230463
-0.5929898
-0.6074392
1.127346
1.367118
0.9271839
0.2489243
-2.069843
-2.375051
1.147899
0.1540338
0.7010594
-0.853284
-0.3675894
-0.6718748
-1.060921
-0.2904793
1.581958
-0.489205
-3.512879
-0.496958
3.116249
-0.6958908
-2.099297
-0.9727494
-0.105493
-0.6153247
0.2368122
-1.012982
-0.4824969
0.7218978
0.3835996
-0.1741782
1.215361
1.159261
0.09039862
1.236959
0.5470303
2.624494
-0.704024
-0.2335398
-0.01114003
2.291509
-0.6895207
0.02915654
0.4591216
0.4274683
-0.3378195
1.632447
-1.514574
-2.600418
5.129737
-0.6180425
-1.231441
0.2302437
-0.674051
-0.4339927
0.8086548
-1.483809
1.231123
1.444413
-0.09877772
-0.7859702
-1.131313
-0.2465227
-1.793096
-0.3239547
0.6101715
0.880101
-1.035328
-1.088766
0.08496534
-1.304836
0.3233922
1.687536
-1.674271
-0.1711523
3.322908
-3.636005
-0.7076014
0.793763
1.72684
-2.043624
-2.148938
3.199259
0.5121738
-0.5599551
1.123368
-0.9951973
-2.347502
-0.2661881
3.755016
-1.565154
-2.020419
-0.3317257
-1.273553
-0.3644647
1.503914
-2.288419
-2.298592
-0.7644653
1.721149
0.9166736
-1.04342
-1.771351
0.2126039
0.2595499
-0.4272684
-0.217197
-1.793648
1.612152
1.841171
-0.3269401
-2.047246
-0.2819355
2.916906
0.7315928
-2.309589
0.9742783
0.1683103
0.7776886
0.1671052
-0.2361122
0.1267621
3.246464
-0.2380781
-1.692508
-0.5653475
0.4012367
1.650663
-0.5184481
-2.398793
2.755133
1.383072
-2.340845
-1.532928
3.326302
-1.072206
-3.498791
-0.01670387
2.390687
-0.8622993
-1.913804
1.2203
0.3837476
-0.9285172
-2.003664
4.508151
-0.3349403
-4.038961
0.04721558
2.732467
-1.295888
-1.548861
-0.1497724
0.7239833
1.267478
-1.829249
-1.288485
4.071362
-1.265269
-4.994215
-0.5474604
2.868939
0.5083428
-2.086879
-3.711578
0.5262122
-1.248777
2.371143
-1.782049
-2.944172
-0.4268094
1.05769
-0.358027
-0.3126892
0.3692811
-0.7956973
0.1546196
1.645546
-0.5493904
-3.07313
