-2.110662
-2.193139
1.125206
-1.38047
-1.993348
-0.1252906
1.769288
-0.8959543
-0.04616132
-2.855817
0.2098774
2.643719
0.6031097
-2.471693
-1.903485
1.505888
2.210235
0.02479343
0.9311401
-1.1329
0.724995
3.586654
-0.4637015
-0.9686099
1.043652
0.488664
2.603498
2.455291
-1.485807
-0.1568068
2.451984
0.8665396
-0.5790528
-1.022235
3.094633
1.21613
-1.291357
1.802749
-1.014168
-1.178527
1.863482
1.183739
0.1151545
-0.2264483
1.686397
0.7546144
0.839188
-1.328066
-1.956013
4.823741
0.9828505
-2.802031
-2.310978
0.3408594
1.666402
-0.7663473
-1.747286
-2.334285
0.6799623
1.928397
-1.143363
-1.760745
-2.064667
1.923861
1.200267
-1.206112
-1.073116
1.077869
2.825322
-0.5868963
-3.753008
-0.8053324
3.04458
0.5460609
-1.832278
0.5344627
-0.2990535
0.8278202
0.05346674
0.2138418
1.861672
-0.2588879
-1.612092
1.316855
0.9951897
-0.005296059
-2.600655
1.914013
1.579473
-1.218721
-0.08256985
-0.1341202
0.291614
1.237164
0.5059133
0.2732554
-1.231267
0.4048231
2.317571
0.4707313
-1.422145
-1.010853
-1.810194
0.1644622
2.832084
-1.645253
-2.256522
-0.7518426
-1.684654
-0.8193071
1.540685
1.24116
-2.328813
0.2932065
-1.781157
-0.564862
1.127283
0.2752971
0.8838109
-0.5206227
-1.540407
-1.377481
3.736807
0.8778309
-1.722935
-2.959517
0.5947571
2.815459
-0.7114149
-1.207558
1.591958
1.203321
1.758754
0.5996007
0.1104514
0.0960061
-0.1008233
2.721362
0.1162028
-1.562577
0.8216921
0.5776726
0.906697
-0.2082427
-0.3779566
-2.625129
-1.25911
3.841862
-0.3636916
-2.804023
-1.317397
2.389775
0.04952201
-0.9004347
0.0468734
-0.06180284
1.583027
1.282196
-2.711296
-1.392557
3.412636
1.339452
-3.089118
0.8782331
1.339896
0.6869661
1.102385
3.149721
0.4923352
-1.927346
-0.2271697
2.318235
1.517734
-2.145984
-2.626733
3.514847
1.747676
-1.234139
0.4091543
2.136895
-0.8352475
-1.056962
1.084832
1.60903
-1.639285
-0.9388412
-0.1834027
1.058561
2.012025
0.4297592
-0.9380693
0.1351888
1.863953
-1.467605
0.259291
0.2776549
-1.453548
-1.943414
0.8200486
0.7931415
0.05143361
-0.6857912
-1.444274
-0.3878609
0.2575071
2.454696
-0.9007199
-2.620859
-0.7949976
1.730801
0.2676222
-1.11244
1.477835
0.1448305
-0.4640225
0.7132869
-0.0836129
-1.303404
-0.3406898
2.176568
1.177175
-1.976893
-1.74642
-1.260902
-0.1452331
2.743101
-2.101474
-2.791325
-1.506293
1.003816
-0.1092021
-1.655068
-0.8441551
1.92482
0.5564508
-2.037708
-0.663296
0.4874319
1.164612
1.275362
0.1754117
-1.295774
0.28853
0.6580518
0.8715501
1.443086
0.4516905
-1.149756
-2.969113
1.247393
3.615867
-0.4711365
-3.084002
-1.310707
-1.051729
2.458546
0.06828244
-3.680762
-1.764246
3.196281
0.2148238
-1.265925
0.3681908
2.178113
-0.7165923
-3.108738
0.2821307
4.222726
-1.81133
-2.039569
0.00481964
0.6215759
0.5010872
0.1568962
-1.518054
-1.732014
-0.2088805
0.3358226
0.8019662
0.06817075
-0.2419351
0.2639728
-1.475172
3.77028
0.03978655
-1.433681
3.454387
0.901641
-0.2608927
1.65954
2.465509
-3.573153
-0.6959005
4.752966
-0.4309817
-2.388637
-0.766543
0.8925853
3.110468
0.114656
-0.06646448
-1.530633
-1.462407
-0.07596372
3.230387
-0.1563754
-1.170509
-2.537982
-0.8246109
-0.6597899
0.608541
-1.307709
0.1526501
-1.009238
1.548127
-0.30019
-2.80968
1.052232
2.82641
0.6950139
-1.290362
-3.526344
-0.1230601
2.597076
-0.418527
-2.823914
2.030456
0.3622745
-1.464262
1.204086
-0.2178682
0.6250846
1.70134
-1.53462
-2.804133
0.9203153
3.888948
0.5987774
-2.417211
-0.8111229
-0.1132699
-0.815873
-1.187521
0.2989756
0.4101864
-0.7157423
1.899234
0.4604915
-0.5396248
1.674389
0.9564112
2.132071
0.1313064
1.499344
-0.3541513
0.8845716
-0.03935929
-1.600983
-0.5993318
2.809232
-1.060269
-1.861178
-1.028077
1.510639
-1.894442
0.6556451
1.978554
-1.212551
-0.1953025
0.3603372
2.201859
-0.08185031
0.03547092
0.8259393
2.535163
2.045784
-0.9553384
-0.5765041
0.7309096
2.341718
-0.4311842
-1.41836
2.507642
0.3103575
-2.71125
-0.8039159
2.512466
0.7287454
-2.477506
-0.0998277
-0.9606186
-1.875977
-1.424037
0.5687107
-2.522749
-2.037024
1.75787
0.8091372
-1.44402
-1.2808
0.1416977
2.724158
2.23629
-1.097764
-0.4175001
-0.7712397
-1.262763
3.729145
3.087181
-3.890242
-2.566928
1.687502
0.188803
-1.291718
-0.3594575
-0.8010672
-1.387768
3.461203
0.4519526
-2.377339
-2.249091
1.067357
1.100595
-0.293094
-1.156435
1.1018
2.044213
-1.356029
-1.239694
3.303771
1.159685
-0.4146097
0.8309056
0.4765698
1.123777
-1.33954
0.660371
0.909476
-0.2027303
-0.7619236
0.1453294
2.562258
-0.9607691
-2.553892
0.5687792
1.80376
-1.356351
-1.932417
-1.464717
0.8237996
0.7801355
-0.1912246
-1.089223
1.539833
2.446086
0.5631045
-0.1269623
1.053667
-1.911501
-1.349801
0.3013898
3.741783
-0.7225495
-1.111568
0.1800618
0.8989928
1.937747
-0.747439
-1.777391
1.884901
2.776694
-0.7725543
-1.24163
0.8516031
2.246872
-0.7725614
-0.1638657
1.430085
0.6696907
-0.6211735
1.001697
-0.6600493
0.8768983
0.2974967
0.4106092
0.4267533
0.3340325
0.1250054
0.4759926
1.082811
-0.8117264
1.608344
0.4782404
-2.389261
-0.9365303
1.80055
-0.2438609
-1.791529
-2.332612
-0.2993355
2.571127
-1.400091
-2.35424
-2.258492
-0.8299448
2.485952
-0.8249139
-2.155951
0.2248533
1.731753
1.59792
-1.543906
-3.427217
0.002153403
3.045147
-1.086369
-2.08494
-0.450652
0.8727044
-2.782413
0.749522
3.151004
-1.994445
-1.748149
1.001027
-0.3272947
-2.921973
0.04857013
3.088262
-0.1074968
-1.877071
-0.303042
-2.395014
-0.4600897
3.53365
0.7939814
-1.572528
-0.1912172
1.687105
2.033491
0.8369883
0.3875385
1.571126
-0.4742805
-2.531548
-0.6722321
3.731929
-0.6019565
-2.194361
1.551397
1.611184
1.548397
0.1840222
-0.6368583
0.9985927
0.797496
2.898234
-0.3384898
-1.277774
0.288564
1.394233
-1.392875
0.151929
1.055498
0.3129666
-0.2731471
-0.7033955
1.630605
0.7963352
-0.8924287
-1.972027
3.290198
-0.07799799
-2.682543
0.3184664
1.524779
-1.289001
-0.4945163
1.338791
0.5180013
0.06067891
-0.5968626
0.3594714
1.01838
0.6890132
1.529336
-3.608852
-1.539864
2.980673
-1.135237
-3.534208
2.024092
0.7154948
-2.307578
-0.3642943
1.513178
0.8055377
0.7801487
-3.539648
-0.4501206
4.090338
-0.5880369
-0.4363113
-1.106358
0.07025155
3.119889
-3.065673
-0.6830695
2.053334
-0.618389
-1.821885
0.3014054
-1.448718
0.7386925
0.1897472
-0.3736113
0.2138705
1.638428
1.034443
-0.6106023
-0.9806566
2.24274
1.127049
1.00949
-2.884797
-0.5604452
4.156325
-0.5381563
-2.433241
-1.396331
4.766129
-0.5343156
-2.067389
0.6463645
-0.6716195
0.1716647
2.498975
-1.321653
-2.639827
-0.9319851
1.733249
-1.187218
-0.6075104
-0.6806762
1.496659
0.3795082
0.8050474
-0.5169557
-1.140465
-1.843999
1.020234
-3.644906
-0.9601954
1.009151
2.125289
-1.729493
-0.3187311
-0.2823712
1.516227
-1.391085
-1.068492
0.6939948
-1.025183
-0.7823267
0.2488238
0.6247614
-0.1935165
0.613517
2.041369
-0.9036434
-2.047047
2.628356
-0.3135749
-1.923061
-1.417817
0.7263772
1.697062
0.4298722
-2.117889
-2.344733
1.925889
2.428524
-1.639051
-3.147564
-0.5726623
0.6805629
-0.7538349
0.3116877
0.6859683
0.4526649
0.8948846
1.312515
1.013696
-0.1329247
1.917331
0.07878622
-0.3432244
1.929519
2.005271
-1.279266
-3.176582
-1.202895
3.612186
0.7358865
-3.033047
-1.096945
-1.670867
1.204399
1.688386
-0.2411155
-1.10437
1.11213
-0.3183736
2.489351
-0.3382505
0.6474217
0.2568986
-2.050313
1.000244
2.460823
-1.385681
-0.2620482
-1.451061
1.944825
1.725951
-0.1015631
-1.909878
-0.3840789
-2.01321
-0.2358353
2.2998
-1.689792
-0.3014752
-1.083684
0.5967405
1.557814
-1.645933
-2.617547
-1.232725
3.360296
-1.531987
-1.492286
0.7971148
1.845955
-1.115168
-0.4910099
-1.484469
-0.6716306
2.019695
-1.147757
0.9652443
-2.60192
-1.137938
1.356996
-0.04192203
-2.380893
-1.642182
0.8042864
2.028792
-1.575897
-2.886262
-1.045578
1.234452
-1.720574
-1.320489
-0.9403382
2.449627
-1.272745
-1.316457
1.499248
1.53174
-2.733997
-0.8343391
2.524358
-3.432192
-0.9968991
3.417776
0.1836092
-1.26139
-0.07777365
0.5250083
1.191037
1.997194
0.777704
0.7702801
1.042108
1.088523
-1.490106
-1.53207
2.448944
2.859084
-0.1632816
-2.288821
-2.322351
0.766463
0.8541321
0.3037889
0.1937887
-3.097156
-0.02996808
2.565533
-1.058344
-0.8930457
1.049841
0.1712015
-0.8581254
0.9450788
-2.488951
-1.031391
3.351613
0.7923698
-1.057955
1.240609
-1.469098
-2.453881
-0.2310385
2.471353
0.1496767
0.4910812
-3.673041
-1.988684
3.572319
1.186305
-1.602879
-2.047415
-1.673953
2.349536
-0.9156592
-1.643748
0.5385953
-0.5566144
-1.818115
0.7677328
1.16391
0.5590212
-1.072251
0.0009300542
0.6880313
-2.126305
-0.3758936
3.079488
0.8547239
-2.373072
-1.513349
-1.909723
1.138491
1.431266
-2.368519
-2.395166
-0.8494501
-0.2181211
0.6225206
-1.486282
-0.4474681
1.246203
1.568377
-0.2004907
1.120115
0.4522803
0.5577306
0.9829419
0.508848
0.3447545
2.002162
-0.5306233
-0.5200936
0.5507225
-0.3262866
1.039533
2.885849
-1.84879
-0.8039231
-0.6256855
0.522482
1.465673
0.7967265
-2.436545
-1.792482
2.471513
0.9075788
-1.357429
-3.216026
0.2948621
2.024808
-0.419754
-1.349619
-2.602177
-1.668012
2.482336
0.7864063
-2.006451
-1.065577
0.881717
0.3548348
1.837334
0.4057823
0.9900435
-1.746093
-1.779899
3.265035
0.828569
-3.077097
-1.023759
-0.6217161
2.497422
-0.1493084
-0.9506772
-0.01707598
1.121061
0.5582917
-0.08445896
1.050884
1.960792
-3.753407
-1.348614
0.4049322
-1.579043
-2.664938
-2.401364
-1.908452
0.7581733
1.809865
-1.46596
-2.317334
-0.686964
2.216493
1.059243
-1.760545
-0.2114519
1.17284
-0.1999889
0.4448648
1.879644
0.2734495
-1.43309
-0.2887782
3.631271
-0.6635619
-3.346849
-0.09300735
1.569769
-0.7234068
-1.527748
-3.194525
1.299162
2.823867
-0.7076546
-1.571347
-2.096375
-0.9399977
2.564687
0.3979826
-2.800648
-0.3188884
-0.573003
1.926816
0.5816443
-0.3826009
-1.966691
1.15498
-0.2911876
0.9347644
-0.4728439
-2.168605
-1.379881
0.2029924
3.752545
-1.57804
-2.691421
0.3065167
0.01832338
0.3421815
1.782406
0.01234574
-0.8651834
-1.112208
-0.6676956
-0.26266
1.586395
-0.6883942
0.3657692
0.2399108
-2.111253
-0.5235341
2.718675
0.9167164
-2.100207
-0.9432707
0.6290112
1.436349
0.2456758
-2.218719
-0.4043505
1.104736
-1.38358
-0.358804
1.468746
-1.333044
-2.395157
1.361696
