28.54453
28.6023
28.97008
29.46085
28.85705
29.10456
29.18486
29.04293
28.9244
28.93228
29.19456
29.17384
29.11783
29.32497
29.14216
29.01743
29.10299
28.22238
29.54974
28.94563
28.6764
29.35205
28.98401
28.88323
28.85275
28.34484
29.14711
29.38761
29.61674
29.02844
28.9208
28.84704
29.177
29.19911
29.39591
29.3454
29.3671
28.93103
29.09236
28.79746
29.18262
29.23011
28.51944
29.75892
29.23896
28.93596
29.16255
29.09563
29.05814
29.15294
28.54141
28.98059
28.78029
28.57508
29.53655
29.44655
29.02612
28.82442
28.57268
29.09747
29.28573
29.33977
28.67863
29.48951
29.67431
29.10005
29.43813
28.38555
29.15105
29.54717
29.03308
29.38412
29.52697
29.17703
29.1345
28.98236
29.26816
28.44961
29.01002
28.9931
28.69485
28.57341
29.65277
29.1428
28.9038
28.29519
29.39464
29.27854
29.25485
28.5987
28.66256
29.4221
29.35065
29.34245
29.07742
29.04592
28.6279
29.33565
29.3357
29.39062
29.01387
29.3527
29.23857
28.72758
28.85307
29.29601
29.39289
29.23002
29.24339
28.68188
29.50428
29.0704
29.24443
29.38502
29.1953
28.91226
28.73945
28.14879
28.8753
29.23317
29.43473
29.24671
29.40032
29.34951
29.23425
29.1595
29.17812
28.72488
28.37874
29.527
29.19571
29.50324
29.45594
29.56412
29.27409
28.43476
28.83029
29.35864
29.28241
28.76574
29.37019
29.3869
29.36792
29.55839
28.81636
29.12433
29.11049
29.04147
29.23653
28.3712
29.61997
29.2645
28.62558
29.43356
28.76808
28.8386
29.48574
29.44058
29.09266
28.63738
29.16469
29.1603
29.39996
29.14388
28.86172
28.94885
29.4758
29.66939
29.19855
29.10113
29.44735
28.24786
29.19297
29.49833
29.26165
29.17514
29.02968
28.52814
29.3798
29.29818
29.09743
29.20331
29.56723
28.9929
29.07511
28.42633
28.59907
29.38234
29.32336
28.86151
29.53222
28.95077
29.01887
28.68218
28.51238
28.87118
29.69666
29.21785
29.32733
28.96079
28.66797
29.16172
29.4745
29.67279
28.52803
29.37704
29.44743
29.48216
29.35112
29.68972
29.4822
29.21229
28.75253
29.57012
29.12079
29.27566
29.51584
29.42036
29.14087
29.42117
28.83524
29.17662
29.46802
29.51286
28.94651
29.70147
29.34955
28.66541
29.36787
29.5174
29.18242
29.27367
29.36333
29.30546
29.35172
29.54259
29.00144
28.42489
29.4549
29.61696
29.56515
29.0048
29.03521
29.29015
29.58132
29.54898
29.3522
29.45916
29.09268
29.4088
29.20335
29.09285
29.38454
29.14467
28.85657
29.52384
29.64632
29.57324
29.54023
29.50973
28.81773
28.27205
29.58373
29.44242
29.17606
29.49838
29.47632
29.38088
28.97106
28.56882
29.79824
29.2016
29.57523
29.67136
29.53732
29.1951
29.577
29.49117
29.56597
29.31026
29.01273
29.33677
29.29264
28.74116
29.85091
29.60605
29.44966
29.38756
29.02071
29.69701
29.39204
29.45529
29.04177
29.68991
29.72644
29.69033
29.53626
29.57241
29.60096
28.98605
29.09476
28.51219
29.89648
29.80168
29.48225
29.39627
29.69164
29.11747
28.79339
28.97658
29.30185
29.11011
29.14386
28.67386
29.74804
29.63098
29.61966
29.23936
28.86924
29.37319
29.60072
29.3634
28.8146
29.95933
29.54861
29.16789
29.2139
28.56959
29.14206
29.10801
29.23701
28.78403
28.65461
29.35629
28.75563
28.83129
29.65373
29.85866
29.54577
29.86268
29.5329
29.44031
29.38075
28.67931
29.40886
29.64774
29.01476
29.29124
28.71745
29.71079
29.85595
29.54489
29.6054
29.59728
29.39292
28.8458
29.69439
29.69387
29.05172
29.4795
29.18942
29.76737
29.25843
28.77086
27.90498
29.53879
29.15123
28.97247
29.55412
28.77198
28.89666
29.5034
29.62384
29.50915
29.81965
29.6454
29.63842
29.26158
29.30005
29.47135
29.02753
29.05054
28.89623
28.80996
29.28994
29.56983
29.71315
29.27818
29.40826
28.87941
29.51552
29.69465
29.36757
29.34597
29.88109
29.55566
28.45089
29.64949
29.62001
29.69633
29.78451
29.7081
29.51644
29.50762
29.46196
28.85794
29.05708
29.58848
28.00487
27.00303
28.6149
29.18604
29.16321
29.36606
29.43049
29.16038
28.95555
29.71572
29.13383
28.90574
29.16421
29.39561
29.77046
29.4295
28.89745
28.23766
28.6664
29.45522
29.79835
29.62758
29.4542
29.54803
29.30253
28.84853
28.04061
28.71789
29.27837
29.23283
29.32705
29.51551
29.40417
29.61683
29.54061
29.77209
29.00865
28.94741
28.95951
29.36744
29.39746
29.20595
29.54432
29.24929
29.13893
29.76998
29.57088
29.80836
29.29424
29.43232
29.7473
29.28259
29.29164
29.66331
29.51618
29.2285
29.51322
29.6852
29.51256
29.32137
29.15669
29.33313
29.72157
29.1981
28.61004
28.93913
29.81334
29.45601
29.7382
29.73873
29.00202
28.54363
29.0198
29.35663
29.38369
29.40801
29.03908
29.01196
29.74965
29.59144
29.44093
29.58374
29.38404
28.11466
29.49494
29.68582
29.36937
29.73991
28.7628
30.03797
29.68469
29.15272
29.67158
29.38761
29.23697
29.5872
29.59275
29.67013
29.21935
29.18838
29.33281
29.59686
29.41213
29.07976
29.48992
29.07584
29.97163
29.58625
29.32136
28.64946
29.95553
29.86364
29.67821
29.42724
29.1369
29.41265
29.23958
29.86471
29.4451
29.16607
28.72287
29.90914
29.48693
29.75796
29.74902
29.52542
29.55163
29.19824
28.37829
29.79353
29.75942
29.53937
29.5511
29.31947
28.85408
29.83681
29.92045
29.35568
28.98704
29.91651
29.65026
29.51418
29.01477
29.07101
29.27414
29.44652
29.49908
29.53246
29.29068
28.79108
29.49368
29.60134
29.5525
29.40543
28.57161
29.78752
29.78146
29.38589
29.5704
29.16184
28.88915
29.81712
29.57584
29.75743
29.62932
29.65182
29.57682
29.56485
29.55976
29.3018
29.12547
28.72588
29.76553
29.81989
29.49654
29.82193
29.25705
29.1146
29.24581
29.35919
28.70355
29.58515
29.54865
29.77626
29.60891
29.75755
29.46355
28.88852
30.00467
29.50807
29.44584
29.47918
28.99499
29.3175
28.26802
28.29777
29.37647
29.37191
29.24062
29.51864
29.52454
29.3832
28.55095
29.65927
29.48085
29.60307
29.35027
29.57634
28.45344
29.19889
30.00711
29.60277
29.39649
29.55103
29.61243
29.33469
29.46363
29.05883
29.51835
29.32735
29.48684
28.63734
29.58039
29.54138
29.31455
29.8316
29.7447
28.72591
29.7108
29.79578
29.38133
29.1054
29.92492
29.78101
29.63593
29.49573
29.59392
29.38939
28.57386
29.29882
29.65296
29.52802
29.12119
29.76474
29.8276
29.19655
29.52264
29.36315
28.86608
29.398
29.56484
29.78568
29.54692
29.2886
28.81895
29.71675
29.07425
28.79838
28.6965
30.01308
29.72352
29.71894
29.09853
28.78918
29.72739
29.35299
29.45425
30.08915
29.82653
29.51419
29.70535
29.4054
29.19472
29.12852
29.55629
29.64385
29.57959
29.68882
29.41585
29.71522
29.3399
28.90977
29.60488
29.61107
28.96388
28.74944
29.48282
29.51282
29.80357
29.56693
29.07449
30.00547
29.90532
30.04214
29.58883
29.5768
29.35566
29.75415
29.57173
29.13177
29.5088
29.85337
29.65058
29.6238
29.717
29.17548
29.2248
29.86373
29.36069
29.12259
29.95975
29.48992
29.67145
28.84443
30.04655
30.26656
30.05684
29.75775
29.39817
29.63851
29.71646
29.34755
29.78514
29.3903
29.09176
29.66922
29.33784
29.22591
28.64575
29.4236
29.74665
29.63959
29.32574
29.56828
29.87448
29.4287
29.27425
29.39138
29.63151
29.72365
29.95538
29.54766
28.0062
28.67413
29.4768
29.31404
29.55232
29.52629
28.60781
29.77453
29.40465
29.32095
29.50441
29.32558
28.86006
29.68961
29.55227
29.31534
29.16401
29.57181
29.77639
29.36871
29.40478
28.53019
28.8401
29.75389
29.64772
29.16051
29.62702
29.3053
29.19944
29.40097
29.14314
29.34238
28.96791
29.7604
29.38103
29.54858
29.4589
29.3492
29.0474
29.5099
28.54633
28.59043
28.97845
29.39921
29.28414
28.95797
28.84835
30.07765
29.35526
28.89949
30.11353
29.45793
29.24177
28.94485
29.62779
29.63046
29.4482
29.30846
29.39522
29.37397
28.95387
29.02547
29.86884
29.83609
29.53447
29.51279
28.49955
29.65078
29.5396
29.557
29.63257
29.34783
29.311
29.28359
29.3967
29.24515
29.8309
29.24481
28.68276
29.79852
29.28519
29.42279
29.14808
29.33483
29.47344
29.91402
29.80967
29.75595
29.7548
29.28569
29.33204
29.54085
29.70708
29.4972
29.28794
28.88651
30.04953
29.59534
29.55628
29.46643
28.95928
29.37513
29.74762
29.23771
29.54098
29.55143
29.27062
29.7604
29.09343
29.39733
29.5229
29.21188
29.051
29.26089
29.3712
29.82524
29.49847
28.6966
29.80289
29.16126
29.05315
29.46805
29.13912
28.90089
29.37206
29.55819
29.49467
28.80099
29.52212
29.52585
28.61197
29.24028
29.62032
29.39918
29.50817
29.59733
29.39467
29.55935
29.38525
28.61777
29.37329
29.99076
29.45367
29.66816
29.51039
29.30049
29.69726
29.24743
29.17367
29.62708
29.91415
29.42937
29.54041
29.78272
29.53129
29.13994
29.08052
29.39952
29.2256
28.53832
29.51938
29.72052
28.59914
28.54601
29.33821
29.43649
29.44707
29.43082
29.6745
29.49095
29.55762
29.28128
29.20976
29.37753
29.54605
29.42211
29.54103
28.99164
29.80724
29.66312
29.30198
29.61992
29.8603
29.08911
28.81914
29.76389
29.43633
29.73947
29.06758
29.79155
29.7201
29.76104
29.5665
29.8738
29.56308
29.45146
29.55081
29.61618
29.41382
29.68325
29.50472
29.1986
29.82494
29.48115
29.57407
29.43531
29.54704
29.58947
29.13127
28.83167
29.15521
29.89445
29.44237
29.5948
29.63222
28.09557
27.93143
28.91426
29.89169
29.6394
29.63761
29.80342
29.6877
29.37501
29.75876
29.70158
29.67679
29.19304
29.73264
29.52909
29.69066
29.52998
29.54254
29.5293
29.85218
27.93313
29.40439
30.08196
29.52829
30.03148
29.5466
29.35637
29.89804
29.78506
29.42118
28.81459
29.92958
30.19254
29.78892
29.94607
