101.9357
100.381
101.7324
103.561
101.7356
99.07274
102.1441
104.4773
100.8038
100.921
104.0984
105.7891
105.8409
103.8391
103.4336
104.0027
101.9548
102.3105
103.8627
106.5411
105.3931
101.3715
102.7046
103.8967
107.5429
103.257
101.1281
105.0094
106.5267
105.8832
103.6925
103.3611
104.5897
105.859
105.4789
105.0163
101.8571
101.3014
103.4195
105.4929
106.1804
106.3968
106.0359
106.5357
104.3466
102.803
103.3646
103.9611
105.0376
105.3906
105.0964
102.6623
100.9601
102.0977
103.7333
105.0112
104.7305
104.7139
104.5629
102.3362
102.9179
103.6996
102.986
103.4164
105.2673
104.507
105.171
105.104
105.5176
102.9843
104.4351
106.1512
104.0398
102.8763
103.5219
105.3607
106.21
103.7087
101.8144
102.2251
104.3855
102.7361
102.4492
103.7008
102.8484
102.8383
102.3213
103.7548
105.4301
103.0897
101.1681
102.791
104.3019
104.404
102.1778
100.4905
103.234
105.4514
103.9956
101.2209
100.1756
101.1674
104.285
106.706
105.4992
104.483
105.1084
104.9333
102.0363
102.2215
104.5189
104.8382
103.791
102.41
100.9415
103.7907
107.1132
107.2615
105.0798
101.8497
101.1658
102.9025
104.9687
105.3074
102.5386
101.2703
102.9424
104.27
102.3756
103.2044
105.2165
104.8687
103.3297
103.9827
104.635
104.3401
105.9484
106.0432
103.2002
102.738
103.0469
104.5206
105.7091
103.4387
101.1117
102.288
102.2179
103.3285
104.7047
103.5623
102.7112
103.5474
103.1571
102.9261
103.882
103.5274
103.8004
103.1085
105.3613
104.8587
102.6729
103.4028
105.1651
104.1406
104.6836
104.3485
104.0839
103.4263
102.5941
102.8569
104.6826
105.7851
105.2526
104.7463
102.5996
101.7861
103.8835
106.8379
106.7151
103.5722
102.4463
103.9984
103.8572
102.9117
103.8843
104.5054
103.2672
101.1843
104.0991
106.0525
104.9178
102.7563
103.2471
104.3052
103.331
104.0432
104.2216
104.8997
105.3096
105.0601
105.9775
105.5414
103.9304
103.6754
104.3242
104.1295
105.1065
105.9887
105.8484
103.2385
103.5194
105.5015
103.4352
102.9508
104.843
106.6476
105.9322
101.4244
102.3737
103.4893
105.2652
106.1086
106.2283
102.5088
103.0558
103.434
106.21
105.5247
102.4935
102.6917
105.4625
108.0592
104.6239
101.4294
101.3779
105.4204
108.174
105.1744
101.4368
103.5878
105.0582
106.3932
105.3236
105.2639
105.6143
105.3106
104.7704
103.2827
103.8527
104.4107
102.1565
103.478
104.7659
103.5184
104.2832
103.581
105.7137
106.4057
103.5519
103.1386
101.8164
103.4125
105.2741
105.9711
105.4093
102.1151
102.5921
103.3107
105.6467
105.6053
104.4128
105.2357
103.0896
102.2625
104.7165
106.6992
103.3799
102.29
103.0929
105.7123
106.2151
105.9836
105.9825
106.6935
105.5419
105.3884
105.0221
104.0958
104.665
107.6618
103.8613
102.4348
104.8558
105.4391
105.5592
102.8624
102.964
104.7208
107.4656
108.2808
105.1325
104.4883
103.2054
104.5213
105.0339
106.835
104.8864
103.4496
102.8402
104.8145
106.66
105.885
104.3599
104.4164
103.44
103.3793
105.4196
106.4743
104.38
102.6426
102.5443
104.581
105.3444
105.3259
104.0103
104.6437
105.2631
102.5076
103.0173
102.3745
104.2911
105.8971
104.5852
105.144
104.9385
105.1827
105.274
104.0831
104.506
104.5539
105.6919
103.6164
102.8528
104.1129
106.969
105.5602
100.8503
102.0987
104.0548
104.3068
103.8937
105.2022
105.3741
103.781
104.9198
104.3283
104.1699
104.88
106.9412
105.658
105.2287
104.3849
105.4568
103.5283
100.8111
101.5555
103.9164
105.6261
104.159
101.4467
101.9889
105.5503
106.921
106.3724
105.5461
104.7854
103.2685
104.5689
103.5889
103.7076
102.9324
104.7869
105.0117
106.4561
105.0076
104.5305
104.6052
105.5219
103.677
102.938
102.9129
103.6242
105.4461
104.8764
104.6005
104.493
103.7299
102.5915
103.3533
104.8704
105.4959
102.1712
101.7043
103.5955
105.8742
104.5017
103.6183
103.2134
100.6471
96.21291
97.28118
99.19296
102.3727
103.8025
103.0499
102.458
103.1871
103.0552
102.152
104.367
103.8662
104.1166
103.6827
102.0397
104.9768
104.6401
100.3596
99.66643
100.2445
103.8617
105.8626
104.7851
104.6402
102.974
102.2365
101.1395
103.2846
103.9681
104.7275
104.5808
105.1007
105.8936
105.8468
104.3344
103.649
105.3626
106.9954
107.8732
105.403
103.5636
105.1299
103.3583
104.0033
106.2492
107.1947
107.7517
105.5341
104.4141
105.5801
107.2997
106.8811
104.5965
103.5705
104.5501
104.4194
103.1331
102.984
104.1174
106.1829
105.454
104.9091
105.056
103.7861
105.3107
106.6685
106.1203
104.7676
104.8871
105.0199
103.6089
104.8682
106.1699
106.2761
105.5426
104.9858
105.0918
104.2453
104.353
104.3332
105.6465
104.5036
103.5092
103.2182
103.7276
104.5189
106.8126
106.9354
105.7205
106.0197
105.6785
102.5725
101.5576
104.0812
107.6292
107.0128
103.1546
100.2691
103.1533
104.7141
104.9546
105.7934
102.6684
100.4635
103.5828
104.9697
105.9366
104.8425
103.2124
103.1213
103.7247
104.3897
104.4393
103.5625
105.9769
107.1355
105.2735
104.7656
104.3013
104.9479
103.8271
104.1784
105.4158
107.179
107.7541
106.0374
104.6385
105.0256
104.7516
104.3441
106.7081
105.9558
105.2188
104.0407
103.5431
102.9995
103.6224
106.5539
105.4743
104.0173
105.4652
103.9651
103.3683
103.1648
104.6344
104.7673
103.8142
103.5797
105.4312
105.6275
107.6123
103.5511
101.9006
104.0482
106.5912
104.0719
101.8941
101.9772
103.6151
105.8325
105.0994
104.3675
104.9898
104.4919
104.4014
105.2066
103.9229
102.6553
103.7022
104.2291
104.3187
104.505
102.3758
103.9054
105.1393
106.0338
103.9188
100.7852
102.234
104.3617
106.1503
105.8515
105.6148
105.9741
104.0671
103.8139
105.0712
104.7197
105.9332
105.5717
104.6186
102.9718
103.9377
103.5072
102.911
102.2947
102.1316
100.8896
101.5973
103.874
104.0835
102.8709
102.5196
103.8296
104.4227
105.5547
105.7702
104.4494
104.395
104.9441
105.8223
104.7136
103.5762
104.0581
104.5491
105.2973
105.1824
104.3357
102.6869
103.6727
103.6343
101.8488
102.9431
104.584
104.4539
102.6036
102.7674
104.0266
105.7176
105.9847
107.2756
106.66
105.7109
103.2825
103.8058
106.2057
107.4248
107.5678
102.2833
103.0445
104.9477
106.8926
103.2049
101.7169
103.3509
105.2255
101.9985
101.6158
104.3651
103.3767
106.2703
105.4531
104.615
103.0401
103.5366
104.2544
105.6298
104.9623
103.8204
104.2179
105.1838
104.2472
106.486
106.8799
105.0772
105.817
105.9945
105.5062
105.237
106.0868
106.0505
106.5274
107.3965
105.4349
104.3008
105.3579
106.2269
105.1276
106.1486
104.6635
103.8342
104.3966
106.121
102.4486
101.5373
104.7847
105.9063
106.7614
104.8731
104.1231
104.5181
104.2193
104.5292
106.1185
105.8333
104.9302
104.7842
105.9635
103.2775
105.278
106.3236
106.1141
105.1231
103.7197
104.189
102.6947
102.4086
104.2144
105.5032
105.5548
102.8075
103.9624
105.8852
105.6538
105.3281
106.5492
105.5783
101.6029
101.7857
104.001
104.993
103.5471
101.1929
102.4954
104.5009
104.776
100.4569
101.4145
104.997
106.8266
102.9929
100.7294
102.4121
105.4606
105.2519
101.5318
102.1944
104.8047
105.9005
103.4335
100.9559
100.3007
101.0703
103.8146
102.7893
104.0538
104.8702
105.5767
104.8806
101.5069
102.0489
103.5291
103.865
102.5252
102.6182
103.8825
104.338
104.6307
103.5845
103.6273
102.9463
103.1529
105.7005
105.0629
102.0162
99.89423
102.3872
105.6042
105.2558
103.58
103.2408
105.0879
103.9261
104.3014
104.1718
102.718
101.385
101.932
104.2069
102.3875
100.4688
102.9432
103.8007
102.8208
101.3001
103.7476
103.8614
102.448
102.3614
103.6295
104.932
105.7416
102.97
103.1541
104.9461
102.9395
102.5981
104.3508
105.3983
106.0303
105.2834
103.7858
102.4816
103.5348
104.5103
106.4786
106.3534
104.4777
104.0794
102.9202
101.9356
103.0789
103.6836
104.1421
103.131
104.3626
106.5322
104.4091
100.897
103.1788
105.1757
105.4104
104.0498
102.4419
103.6451
105.2819
106.0323
104.7047
103.239
104.9712
105.6702
104.7264
103.538
103.7991
105.1612
102.9152
100.6145
102.5569
102.683
105.8831
103.4315
102.6492
102.7196
102.0595
103.3371
103.3337
102.1591
101.8757
103.8471
105.3874
105.3244
104.3698
103.4045
100.7025
101.7736
104.3385
106.5841
102.5226
100.8753
102.9312
104.4697
101.0717
99.92991
102.2659
105.1827
102.8966
102.8841
104.6432
104.8165
101.8397
101.9225
102.8766
105.325
104.5072
104.1518
105.7928
104.1764
104.3707
104.0456
104.4685
103.6467
102.6705
103.9622
105.9763
106.099
104.5213
103.535
106.302
104.1763
103.8506
103.783
106.1095
105.4988
103.8073
103.665
104.1152
104.5164
103.3935
103.0461
103.1852
103.7794
105.6363
103.1626
97.71519
100.5165
102.4975
103.4496
103.2766
102.5416
102.3562
102.89
103.9305
104.1151
104.4322
104.3112
102.9772
104.3806
106.5663
105.2787
103.4193
103.4994
103.0916
102.0087
102.7838
104.5867
104.7632
103.1651
102.4931
105.2866
106.2886
107.5649
105.1505
104.6344
105.15
105.4055
105.5346
105.3754
105.9104
103.8964
105.7157
105.41
105.3808
105.1245
106.0142
105.9882
104.4801
103.715
104.6509
105.5935
105.542
102.0178
99.09292
100.964
103.5493
105.8403
104.2579
99.85517
95.87962
98.2422
101.4703
106.0897
104.3279
102.0132
102.9046
104.2934
105.6004
105.9027
104.4196
103.8487
105.2485
107.4251
106.8952
104.801
102.5708
101.7014
103.4443
103.5968
103.322
100.9654
101.2004
103.3804
104.9909
102.3083
101.776
104.1587
107.7425
105.7851
103.2784
105.5117
106.1167
106.6212
