-1.174517
0.4823944
-1.018243
-0.9468735
1.59284
0.388775
-1.211013
0.7133264
1.306558
0.4309607
-1.636355
-1.237599
3.711348
-0.6217247
-1.094794
0.2888654
-0.1698062
0.05299174
2.079284
0.211388
0.631447
-0.8098698
-0.3630601
-2.289074
-1.08407
3.887442
-1.473371
-1.13263
0.701282
1.672052
-1.027212
1.62803
0.794765
-0.497769
-0.2659391
-1.410623
-0.967705
3.14622
-0.4283905
-0.3366934
1.848497
-0.8444321
-2.01513
0.3729947
1.536245
0.9593297
-0.5013777
0.08174356
0.5168123
-0.07558583
0.7205643
2.033528
0.8887557
-0.6273792
2.079459
1.420224
0.3763718
0.6699709
-2.005275
0.4324733
2.321155
0.9271299
-2.862517
-1.073896
2.156448
-0.04311244
-0.928362
-0.5801558
0.740823
-0.03063271
-0.3418106
2.949201
-0.1367602
-1.253918
1.508748
1.800933
-2.933715
-1.40785
2.181575
1.4734
-0.9499345
-1.531856
-0.3656808
2.990678
0.3121144
-1.461575
0.6427799
0.2996369
-0.370557
0.002333478
0.755717
-1.538244
-0.2100385
1.40078
0.05923963
-1.793635
-0.8871207
-1.375652
0.9720334
0.8402143
-1.989762
-1.784993
-0.3915105
0.7134609
0.1498084
-3.358737
-2.312763
2.402669
0.8066194
-3.33948
-0.9045255
4.000845
-0.4557138
-1.999851
2.152499
1.376614
0.1764861
2.045728
0.2278216
0.9132409
-2.022646
0.8929193
2.725154
-0.7606898
-1.752033
-1.793082
-0.9800785
2.894881
0.3523751
-2.084392
-3.598968
-1.385703
4.469689
-0.5176404
-2.501822
-0.01364707
-0.8993844
1.904618
-2.395532
-1.378505
2.196441
1.146116
-2.074069
-0.8106567
0.6048675
1.660076
1.956583
-1.033615
-2.539894
-0.7948459
3.170859
0.2922077
-2.757263
-1.356261
2.766873
1.441972
-1.065013
-0.3088778
0.9920759
1.940402
0.2337701
0.6908979
1.064352
-2.514277
0.7357362
2.268055
0.09823393
-1.353873
-1.898184
1.241487
1.289656
0.3887371
-0.2479643
-0.3467108
0.9240181
-0.3959606
0.7508641
2.642019
0.4781196
-0.9799453
-3.317812
-0.04570829
2.412809
0.1898128
-1.276732
-0.3757104
1.572888
0.4548057
-1.474276
2.468068
1.922284
-1.185448
0.7045844
1.928758
1.983005
0.3060184
0.0553107
-2.199713
0.4696501
0.7932904
0.6935409
-1.10283
-1.490098
-1.039289
1.292278
0.9080501
-1.411729
-0.4006586
0.8286216
-1.449384
-0.3130716
3.328135
-1.941334
-1.533907
2.287108
0.7013204
0.4578298
-1.224244
0.1564785
1.115342
-0.7809131
2.652033
-0.5734751
-1.620427
1.590466
0.9710732
-0.8681427
-0.3024049
1.185833
-1.040739
-1.862368
0.2882185
2.083642
-1.624865
-2.170931
-0.9421003
1.036278
-0.9773949
-0.2313805
0.6597129
1.27597
0.3076233
-0.5563231
-0.6015176
3.128971
-0.8085896
-2.750089
-0.3669001
2.713977
0.9822065
-2.237984
0.5914097
-0.7117093
-0.08246931
1.920381
-0.2541956
0.7733219
-0.4222376
0.01256116
-0.6698924
-0.093256
1.159611
-0.3086364
-0.4684029
0.6998637
0.4820323
0.2487937
-0.7013639
1.48787
-0.006899142
-1.564829
1.672241
0.5316654
-1.507708
0.6329571
1.068051
0.4191283
-2.743583
-0.569501
3.999854
0.2115405
-1.792665
-0.1508478
1.965529
-1.411402
-0.4307835
0.858647
-0.2971391
-1.402282
1.586646
2.69131
-2.587568
-1.498347
3.262397
-0.5544065
-2.051898
-1.253955
0.5573987
2.057559
-1.256471
-1.154993
1.206024
0.6208664
-1.019595
-0.01053117
-0.1781562
-0.871666
1.143332
1.908706
-0.1920922
-0.6498419
2.167525
0.05712071
1.486578
-0.3942781
-1.535943
0.9531549
1.747378
0.449587
-2.003009
-0.967213
0.05792489
0.2389247
1.662735
-2.387001
-0.9047747
1.48551
-0.5025367
0.4875019
-0.3642252
-2.9349
-1.612991
2.111192
-0.1794445
-1.517714
-1.207741
-0.732077
2.780586
0.006840802
-1.361259
1.3533
0.8411346
0.06780306
0.1161974
2.03003
2.498491
-3.205349
-1.698483
2.613909
1.569796
-1.536604
-0.8700022
1.123502
1.180076
-1.896844
-0.06790408
2.448405
-0.574276
-1.778316
-0.2692666
-0.9245299
3.463201
-0.09002453
0.9798911
-0.5601258
-0.4675827
1.467377
0.2849026
-1.751366
-1.676619
0.6308416
-2.171458
0.3945155
1.867982
0.7554299
-2.658158
0.4660482
2.446188
-0.7932581
-3.889562
0.8891626
3.518095
-0.5279981
-1.651511
-3.379093
-1.008796
3.168395
-0.3635686
-2.803108
-0.4751183
1.13072
1.415238
0.5693206
0.8426538
1.021668
-0.8681071
-1.354871
-0.6817817
-0.5059255
-1.065655
1.695891
-0.7892081
0.669567
-0.7908736
0.1093543
0.8448526
0.1758895
-0.6997488
3.289012
0.08193849
-1.835948
0.8921468
0.334885
0.2284
-0.8939057
-0.9439022
0.4821936
-0.2684357
-0.1376362
2.223728
-0.430492
-0.4023392
-2.687246
1.277892
1.240134
1.483074
-0.369864
-1.705805
-0.935064
-0.2966156
0.3778652
2.286754
-1.049323
-3.070032
2.119417
0.8678724
-0.4817386
-1.439
-0.03505281
1.570314
2.309676
0.3795032
-2.119337
0.1239927
2.013235
-0.3100345
1.766719
-1.041344
0.07438947
-0.4333735
0.2333011
1.695957
-0.656889
1.126757
2.908988
-0.8915926
-1.061288
3.097373
0.9376335
-1.23213
-0.8179513
-1.569403
1.729332
1.532237
-1.060256
-0.5022058
0.2674321
1.778811
-1.533592
-1.112297
-0.9907537
-0.6876447
-0.05129033
-0.8059999
0.4307133
0.787575
0.7906428
-1.223768
1.139485
1.052259
0.9269347
0.1947597
-2.16285
-0.4259026
1.770744
1.224273
0.131999
-1.138854
0.8223032
0.6837268
0.286263
1.485335
-2.656342
-0.659923
1.341676
0.2905968
-1.57877
-0.1875712
1.362271
-0.3291539
0.9068837
-1.08479
-1.58363
1.948899
0.4014219
-0.5252491
0.009961001
0.9894577
1.943113
-0.6238478
-1.710504
-1.470823
0.1417773
1.608826
-0.4659009
-1.719165
0.141026
0.9511195
1.1319
-0.2831225
0.3594355
0.6183066
1.187224
1.322544
-0.1428857
0.1449808
1.194417
1.616657
1.249375
-0.7380374
1.071613
2.144865
-1.044868
-1.813181
0.843102
2.191537
-1.128361
-1.705086
-1.106716
1.22028
1.491739
-1.067363
-0.4034773
-0.3721095
-0.7126011
-0.8382309
0.9329987
1.020723
-2.277665
-1.888933
-1.293254
-0.3267038
0.3684155
-0.920221
-2.116868
0.1623901
3.026341
-1.174257
-0.993375
-0.9256996
-0.6475139
2.909631
-0.6375414
-1.045796
0.8051343
0.0160314
0.9787465
0.9510335
2.33717
-2.560813
-1.215078
3.732491
-1.207511
-1.287869
-0.4035269
-0.9003968
-0.8573004
2.764483
-0.4546292
-1.284731
-1.41307
-0.8113946
-0.4999868
2.63425
0.9204435
-2.874664
0.1609156
2.236835
0.2943949
-0.2533168
-0.1000934
-0.2384937
1.368255
1.187376
-0.4762514
-0.6736281
-0.3729859
1.25901
0.4728798
-1.700809
0.1755567
2.011656
1.515829
-0.616825
0.1366629
-1.866535
-0.6626093
1.860941
-0.6482877
-0.8974881
-1.142443
0.8407841
0.7767647
-0.5179235
-3.222078
-1.508188
2.095257
0.7828325
-1.590176
-0.8882222
0.8510363
2.294024
-0.9629274
-3.936071
1.320424
1.282609
0.4888388
-1.772724
-2.01529
-1.539378
1.778604
1.966086
-1.366681
-3.185066
-0.5565796
1.92487
0.1973884
0.1250685
-0.6739236
0.4096479
0.6514586
1.140005
1.058426
-1.649907
0.4107226
3.358734
-0.9550196
1.738218
-0.9034885
-3.228194
2.766838
-1.148043
0.473846
-2.075466
-1.317239
1.645716
1.434901
-2.647187
-0.8548373
1.535222
0.1867625
-0.3694682
0.4297949
0.3450367
-0.01624025
-1.64781
2.162262
0.08198433
-2.246393
0.8783726
1.337081
1.702967
-1.733735
-0.0666224
1.75099
0.4291184
0.9919145
0.02960392
-1.764943
0.8320421
-2.241708
-1.848301
3.025131
-0.8768602
-0.468802
-0.1478099
-1.668125
1.229459
3.107439
0.4293959
-2.52981
-2.279816
3.471279
-0.5521389
-2.535451
1.788492
1.618157
-1.38124
-0.6445913
0.01366297
-0.164663
2.199937
-0.2637924
-0.7298386
1.109169
-0.2180224
-0.6452532
-0.3841676
-0.03115352
-1.242324
0.1493468
1.62393
-1.860705
-1.618076
-0.3008868
1.609987
-1.641979
-1.295562
0.5791199
-1.206579
-1.42592
-0.4904143
1.760818
-0.6551924
-0.9959829
-0.6175323
0.6931251
-0.4973025
1.335155
1.219474
-2.024582
-2.180071
1.31684
2.107996
0.2386773
-2.35027
-0.8428965
-0.1593956
-2.054018
2.009088
0.3169729
-0.09279633
-0.05775515
-0.3658178
1.454947
0.2780461
-2.947649
0.121521
4.186872
-1.825172
-1.981757
-1.29621
2.395163
-0.618767
-1.089684
-1.387238
-2.412267
-0.3374486
1.597128
-0.5881782
-1.591243
-0.2729242
0.7183532
0.5485741
-0.3337695
-1.574207
-0.6351305
2.03112
-0.909474
-0.01660624
0.4211172
1.170308
-1.502731
-1.130764
2.157879
0.4473251
-3.131095
1.401856
0.9240381
-0.5854812
0.2481709
3.037161
0.9382382
-0.09176522
-1.233885
-1.616172
-0.07835388
1.589646
-0.2904464
-0.8032254
0.1685041
2.290052
-1.212059
2.891087
-0.53151
-1.442225
-2.076758
0.1366242
1.602679
0.8471684
-0.8836509
-1.293204
-2.509502
1.191998
1.876153
-1.713054
-2.711745
2.243189
-0.668098
-1.408776
-0.5772915
0.763322
0.4888386
0.9805927
-0.276828
-2.794693
-0.7303966
0.9920985
1.774002
-1.405818
-3.088809
1.145891
2.079688
0.7904725
-1.46748
-0.3681493
3.397596
-1.094221
0.4126024
0.06923921
0.9970831
0.3505522
-1.695292
-0.8969333
4.933698
-1.451762
-3.33393
-0.01426866
0.02498556
0.8172075
-2.137252
0.05709423
1.711152
0.4349579
-0.9488893
-0.003272409
-1.40804
1.047242
-0.2967216
0.3489664
0.786814
-1.433912
-0.7570481
-1.385942
0.985806
0.07926352
-0.2495132
-0.5938528
-1.613355
1.443958
0.9564557
-1.440498
-0.9043926
-0.1783473
3.279852
0.4582561
-1.432456
0.5489774
1.476023
2.191226
-3.069603
-1.090574
2.674537
0.7179279
-2.800451
-2.383635
2.49996
1.102765
-0.1442043
0.8044618
0.3249621
-1.093842
-2.183559
0.8184513
1.488551
-1.051322
0.1082561
1.424101
-0.6326094
-1.222174
1.21494
0.06689798
1.011332
0.04599174
-1.757198
-0.07668987
1.970506
-0.4894631
-1.283891
-0.88116
-0.02129844
1.196897
0.3476228
-1.6457
0.1181836
0.354923
0.9769233
-1.906585
-0.3128505
-0.0290819
-1.302575
-0.8119461
-0.004957789
-0.4159507
-1.744276
-0.2869436
-2.060937
0.2793742
1.428613
-0.6447088
0.4856998
1.626984
-0.9633797
-1.245493
1.520387
0.02601398
1.428655
0.1227704
-0.5141092
-0.4596252
0.1429787
2.431526
-2.22355
-1.161498
2.385573
-0.4912665
-0.942878
-0.5487891
1.054845
0.5388938
-1.67747
-0.2446285
0.6957327
2.338834
-2.50712
-1.771114
4.202198
-1.479312
-3.31866
-2.071109
2.229634
0.1033914
-0.6376326
-2.427437
-0.2982264
2.574398
-0.503767
-3.070926
-0.9286152
2.479248
-0.5328926
-0.5616575
-0.6068203
-1.456856
-0.6090527
2.748146
1.534142
-0.4408393
-1.273879
-2.489883
-0.3516966
2.612338
-0.4598675
-0.730989
-0.1071262
-1.386734
0.61764
0.2180449
-1.046091
0.07442095
0.1803046
0.090761
-0.6113834
1.204656
0.7586038
0.198171
-0.3697423
0.5601529
-0.6662815
1.553114
-0.4816581
-2.730085
0.4091506
0.6543623
0.802516
-2.428824
-3.615542
-0.5614017
1.709021
0.3418426
