52.92949
53.85484
53.02759
53.40582
53.24371
53.8579
53.36652
54.00761
53.47994
52.49373
53.93209
53.24043
53.9276
53.05861
53.18541
53.85423
53.36611
54.42013
53.17051
53.48347
53.91381
52.81896
54.03786
54.42337
52.94796
53.89645
53.38665
53.18751
53.48426
54.05572
53.92262
53.32809
53.54978
53.61165
53.30615
53.06516
54.26923
53.85151
52.79314
53.39585
53.55819
54.166
53.57724
54.04227
53.77919
53.62304
53.4745
52.62436
55.07197
53.24603
53.70911
52.94476
53.02591
54.08571
53.78721
54.84678
52.88249
53.45817
54.2135
52.46291
54.4791
53.56233
53.81739
53.81216
53.8639
54.35177
54.07652
54.17465
53.67335
53.55679
52.82654
54.2347
53.44941
54.50252
55.41962
54.57412
54.2342
53.29531
53.09035
53.68959
53.42416
54.33801
54.05604
53.70238
53.24491
52.36077
53.41552
53.84431
53.67455
54.40629
53.34048
52.93345
53.99234
54.83109
54.4921
54.14641
53.17254
54.00763
53.88936
53.69711
53.4095
53.63607
52.84905
55.00917
53.28358
54.24355
54.46231
53.533
52.11806
53.2389
53.80072
52.77387
54.26509
53.04868
52.54211
54.44003
54.60761
54.25498
53.62604
54.20196
52.70864
53.99325
53.67006
53.78218
55.20771
53.94469
54.00146
53.52319
54.78055
54.14232
53.60228
53.62193
54.08022
54.34421
53.84552
53.55116
53.60859
53.29031
53.48965
54.30033
54.01193
53.61961
53.54436
53.71722
53.3746
53.01839
54.10734
53.05793
53.70109
53.39323
54.17475
53.29574
54.10935
54.07221
53.32115
53.47435
53.61506
53.18507
53.02333
54.58508
54.06082
54.17963
55.4267
53.41692
53.96614
53.95318
54.45824
53.23241
54.05903
53.31782
53.35798
54.32399
54.21689
53.29701
55.15239
54.21656
54.22081
55.36052
54.59401
54.02081
53.2037
53.91599
53.83224
54.2803
54.33181
54.8227
53.56247
53.5935
53.84197
54.21929
54.72056
54.56614
53.42859
53.62428
53.9059
54.61673
52.99763
54.26362
54.2424
54.13803
54.3265
53.64964
54.21732
52.69949
54.77021
53.80899
54.52069
54.97952
53.91006
54.23758
53.68371
53.99559
53.82707
53.46236
55.01907
53.77457
54.03457
52.93811
53.69633
54.43057
54.26146
54.51899
53.56631
52.6703
54.28992
53.18906
54.29694
54.79702
53.8667
54.37691
54.05647
53.34875
53.67997
53.8316
54.16417
54.17096
53.59167
54.16527
54.43815
54.75436
54.35567
52.96098
53.90935
53.87052
54.20678
53.98823
54.58423
52.79121
53.85542
55.13967
53.53701
54.33573
54.54885
52.96881
53.99445
53.82636
54.54266
54.10867
54.58493
54.0854
54.36776
54.61268
54.1384
53.92415
52.32178
53.57188
54.24019
53.53798
54.86409
54.94835
54.19621
54.11108
53.56475
53.61213
53.22863
53.29589
54.07166
54.784
54.48972
54.48985
54.5914
53.06979
54.61478
53.94381
54.61694
55.73939
53.91586
54.05117
54.47958
54.50909
53.89635
53.37699
54.42694
53.47382
54.49891
54.90797
53.94076
54.16637
53.81803
54.2534
54.87331
54.1582
52.3722
54.86721
54.26852
54.4958
54.89947
53.60218
52.76099
53.20255
53.73678
55.40257
54.54387
54.49493
54.07077
53.8978
54.47265
54.48649
53.39058
54.12342
54.36707
53.80446
53.69899
53.62932
54.83502
54.77874
53.88993
52.74547
53.86466
53.73879
54.43901
54.12321
54.17151
53.38703
53.32525
54.02222
54.07323
54.22673
55.04634
54.6711
52.31865
52.95359
55.30736
55.2551
54.51635
54.35667
54.32311
53.80323
54.42961
54.43718
54.74162
53.99231
54.73874
53.36438
54.25208
54.04507
53.71849
52.66434
54.46811
54.20409
54.85049
55.22753
54.65417
51.88088
53.66476
53.93778
54.46871
54.49186
54.6748
55.11962
53.86064
54.53126
54.88086
53.99765
54.4055
53.89957
55.10271
54.24509
54.181
54.19059
54.30141
54.33928
53.55857
53.88178
53.23418
54.41811
54.27572
54.86801
55.03381
54.64713
53.1596
53.41521
54.75541
54.42976
53.38186
54.35828
54.71046
54.15559
54.95534
55.00164
54.64901
53.67887
53.51976
54.88993
53.37846
52.80539
54.84113
54.30924
51.27239
51.27956
53.49372
53.73461
54.21992
54.7236
54.01593
53.47652
54.60858
53.5503
53.40506
54.07149
53.35118
54.36956
54.09761
54.38654
54.18735
53.28837
53.08051
54.61314
55.27234
53.30935
53.87309
54.46252
53.91101
54.04831
52.48024
53.2197
54.45506
54.31419
53.77684
54.20136
54.3719
54.01199
53.69569
52.96268
54.09206
53.30428
55.06638
54.60476
55.11221
54.5718
54.37655
54.55912
54.2128
54.20399
54.45499
54.35572
54.69021
54.04465
52.76578
53.92356
54.76691
53.87554
54.82494
55.40671
54.31433
55.11201
54.09298
53.64175
55.0962
54.55843
53.91941
55.15295
54.95536
54.64286
53.68468
54.58639
54.72548
53.83801
53.61149
54.20551
53.95249
54.38669
53.94655
54.4531
54.21687
54.31688
54.42031
54.09557
54.59958
54.15857
54.06424
53.31668
53.77201
53.10005
54.66311
53.80566
54.39188
55.00835
54.66935
54.47212
53.84087
54.1678
54.82127
53.65687
54.95298
54.20128
54.75248
55.65436
54.11226
54.35753
54.45144
53.68078
53.41647
55.15295
53.66371
55.00148
55.41619
54.56683
53.98654
53.40394
54.8332
53.94685
55.23726
55.4721
54.1175
54.14098
53.3288
54.90163
54.14441
54.32309
55.39901
53.92781
52.92316
54.58493
54.67843
54.68265
55.76027
55.11604
54.02415
54.42947
53.90997
55.04736
54.07805
53.60858
53.82185
54.85302
54.21066
55.00726
55.19535
54.88072
54.61653
54.48972
54.06642
54.07073
54.28983
54.84803
53.66775
54.39034
54.80541
53.86395
53.29593
54.51138
54.1628
54.41709
54.43886
54.0805
54.65564
54.34265
54.24792
53.12291
55.37205
54.39718
54.67395
54.34415
54.19873
54.19272
53.94113
54.56657
54.22305
54.70171
54.75302
54.21103
53.71534
54.14682
55.06494
54.38221
53.6764
54.95972
53.47892
54.25728
55.38263
53.85439
53.99411
54.33327
54.80527
54.45521
54.60767
54.57744
53.65981
54.59087
54.23994
54.47601
52.84981
53.38035
54.15392
53.79644
54.25225
54.8293
53.58295
53.83076
54.30355
53.83839
53.72024
54.58133
54.66166
54.71446
54.73263
54.54869
54.31665
54.43703
54.61933
54.19828
54.77921
54.52468
53.61123
54.23702
53.91781
55.33715
54.58846
54.72523
53.11849
54.58109
55.16571
53.55627
53.53315
54.87916
54.3424
54.94934
53.9073
54.36493
54.7964
54.8981
54.38111
54.88984
54.30941
54.7064
54.36875
53.569
53.72256
54.93767
54.62912
55.31633
54.05427
54.31004
54.06633
55.18502
54.85603
54.81075
53.90916
53.78116
54.20852
54.32281
54.70599
54.20045
54.46843
55.0074
54.83276
55.11231
54.28743
53.30973
54.87458
54.07955
54.96165
54.49818
54.72535
54.62265
54.33374
54.43082
53.3327
54.46064
54.6474
54.00653
54.51797
54.34298
54.29435
54.88071
55.06952
54.79675
54.36415
55.10099
54.10593
54.80787
54.32121
54.81021
54.4955
54.10391
54.90151
54.70451
53.77198
55.03041
53.5837
54.60047
54.55468
54.61839
56.09
54.92834
53.61468
54.35629
54.62717
55.07373
55.79427
54.61565
54.87933
54.09908
54.89733
54.16144
53.59566
54.74055
55.18202
54.74307
55.12131
54.80762
54.00577
54.5251
54.85662
54.75821
55.03632
53.69214
54.6876
55.45001
53.94548
55.06612
54.9502
54.12625
54.1881
53.58129
54.30402
53.6882
54.89032
53.81093
55.14528
55.31981
54.80968
53.9153
54.73404
54.32965
52.76727
54.18497
54.90236
55.21355
53.73326
52.62547
54.52064
54.41703
54.06249
55.16378
55.60224
54.43322
53.63325
54.61491
53.08324
54.56688
54.43729
53.97318
53.61602
54.8953
54.11588
55.29411
55.18011
54.18661
53.22089
53.58832
54.92883
53.80098
53.1139
54.94305
54.46983
54.92656
55.15105
55.1589
54.49599
54.05434
54.5919
54.15062
54.52317
54.34936
53.93431
53.71766
54.59391
54.72303
54.14869
53.85329
54.1136
53.4456
53.81823
54.62289
54.57409
54.54619
53.42326
54.63044
54.31957
55.13153
55.19455
54.87303
53.88263
54.60389
54.37204
53.68639
54.45915
53.84386
54.40038
55.47287
54.85855
54.49815
53.60608
54.30563
54.91754
55.12172
54.88152
53.5214
54.86495
54.37075
54.2228
54.10622
52.80923
54.86059
54.00278
55.05785
55.44489
54.23979
54.11833
53.96342
53.61901
54.95145
54.26544
54.67509
54.50124
54.57268
53.71752
54.26709
54.18125
54.3059
55.61079
53.35324
52.48194
54.19936
54.47106
54.31176
55.63865
55.06533
54.11835
54.36956
53.78745
54.46885
54.40135
54.24824
54.84222
54.50456
54.6983
53.90374
53.53345
54.04922
54.72754
54.22991
54.28468
54.07844
53.66935
54.60291
54.97131
53.74382
54.45044
54.4986
53.80816
54.24527
54.53768
54.39141
53.30193
55.00818
54.58984
54.77145
55.17498
53.62297
54.94272
54.72478
54.9558
55.32578
53.27967
54.40544
54.80545
54.78818
55.9397
55.11818
54.16771
54.37959
54.64143
54.44962
54.56538
53.05634
54.79535
54.7378
54.4928
55.56745
53.01535
54.35775
54.70924
55.41434
55.4535
54.54288
54.84216
54.72955
54.96196
54.06166
52.21645
52.1258
53.705
54.38697
54.9678
55.03803
53.81113
53.59148
54.80054
54.57833
54.74455
54.57931
55.16068
54.99635
54.00419
54.51286
54.8423
54.38216
54.67464
54.51079
54.60872
54.69831
53.77554
55.18125
54.15302
54.50167
53.31299
54.09343
55.08184
55.68908
54.07714
54.55112
54.64325
53.77216
55.14695
54.93741
53.43092
54.24734
54.40664
54.11488
55.65537
54.31445
55.07376
54.72458
54.74136
54.3244
53.54846
51.60288
54.56883
53.54119
54.6636
55.43095
53.37314
53.13817
52.68364
54.41113
54.91777
54.32381
54.02723
55.22873
54.26449
54.41444
53.98552
53.31142
54.20366
55.04877
54.50994
55.13784
54.97915
54.04073
53.22423
55.09178
54.72444
54.43246
54.50106
54.26335
53.91712
54.70597
54.06641
54.85691
54.60658
54.57933
53.93203
54.9308
54.86166
55.57208
55.35572
54.52856
