101
100.9358
102.0291
104.1756
105.5853
103.0883
101.9516
103.48
102.8231
102.991
103.6108
104.1022
102.7479
103.1159
103.7809
105.5402
104.515
102.8659
101.7978
105.0596
104.3049
99.19143
101.7098
104.9379
104.803
106.3106
104.4371
104.2547
103.267
101.9213
101.9262
104.0351
104.8183
106.7457
106.0424
106.3529
103.9696
101.9397
104.0282
105.8203
105.909
102.3289
102.2151
103.1631
105.5142
102.0653
101.3137
103.4211
105.2713
103.6852
102.7979
102.6592
104.4209
104.3489
103.6846
105.2294
104.0362
103.7634
103.4573
104.2202
102.5385
101.5654
104.2308
104.7638
104.989
104.9253
101.4186
99.63982
101.6816
103.0628
104.1379
103.4098
101.3569
102.5288
104.8181
106.1306
105.3303
102.8576
102.686
102.1927
103.1475
104.2893
104.6584
105.3209
101.7145
101.5548
101.7596
103.8919
104.1178
106.2808
105.4409
101.0638
102.7328
103.6569
105.4716
107.4183
104.6932
103.7076
105.7345
106.9902
103.6804
101.9344
103.647
105.1103
102.7495
101.5624
101.7992
103.5995
101.4027
101.7833
103.3732
103.8013
102.9022
103.0791
104.9245
105.1223
105.0164
105.1504
103.3726
104.5515
105.2271
105.6079
104.1085
102.6318
103.7311
105.1326
103.3637
102.6863
102.3586
103.8334
106.8166
107.1418
102.9227
101.8417
104.6773
106.588
102.7437
101.5195
103.3596
105.9655
105.4486
104.2924
103.7495
104.9651
106.2511
104.878
105.1254
104.1199
103.3198
102.7587
101.9893
103.1735
104.7117
106.5152
104.3458
102.2517
103.3851
104.2771
104.6587
104.9783
104.5538
104.4007
106.5213
106.3016
103.3435
103.5641
105.8736
106.5031
105.7894
103.1948
102.5765
104.2283
103.8826
105.5121
103.067
102.6779
102.8747
105.3574
102.1515
100.5631
101.293
104.3233
105.1744
101.7029
100.1028
102.9738
105.7735
105.0118
103.3264
102.7976
103.1056
104.7778
104.7314
103.8453
104.6722
105.5179
103.9685
103.792
105.3093
104.6763
104.7248
104.8081
103.8916
102.5967
103.8982
105.347
106.3831
103.8272
102.9442
104.511
106.6285
105.4622
103.8755
103.0313
103.1561
104.1153
104.6822
105.0824
103.4282
102.4425
103.6635
105.0727
103.2207
101.1096
102.3132
102.8975
104.2527
104.173
105.3776
101.3996
102.1338
103.5239
105.7251
104.5158
102.1312
103.0305
105.2438
105.5078
105.0105
104.9008
105.1336
105.9315
105.6539
103.8723
104.7173
104.3236
104.3217
104.3501
105.048
104.7873
104.8272
104.1344
104.4469
102.5997
103.0732
103.8171
105.7916
104.7994
103.0336
102.6213
102.3681
105.0001
107.8731
105.3016
103.4365
105.7702
105.6774
107.111
103.5346
103.5007
106.3369
107.1807
105.8373
104.9986
105.76
103.7239
103.4019
104.2328
105.4074
105.6291
103.0976
103.4023
105.6213
105.7646
106.0552
106.056
106.0814
104.6009
103.6449
103.4544
105.599
106.8793
105.3869
102.6063
101.8419
103.8151
104.9409
107.0071
104.7989
103.225
103.5768
103.2676
105.8106
107.3737
104.9321
104.0542
105.828
105.4277
104.1469
103.3594
104.7002
104.8175
104.3894
103.5501
102.4914
101.9648
102.4031
104.9284
106.0842
105.7551
105.1721
104.4866
106.2658
105.655
105.283
105.404
104.2477
102.8308
104.5652
105.0805
105.0255
104.8018
102.7096
102.9795
105.1309
105.8697
104.2915
104.8332
104.3251
101.9176
103.1424
104.2099
103.3213
102.4325
102.7991
103.4381
104.2097
106.5749
107.6137
104.9834
103.3195
102.6372
103.6593
104.2916
104.7474
104.4096
104.9572
103.1642
102.97
104.9256
107.188
105.4932
104.3755
103.1753
99.64998
101.2537
104.187
106.8328
107.053
105.1595
103.0824
104.2006
104.998
104.0353
103.9333
106.6012
106.2632
105.2785
103.6637
103.7293
103.9621
103.2227
102.3467
102.476
105.2506
106.4499
104.5288
105.7613
105.1991
102.2359
103.3279
105.8298
108.7653
107.2287
103.9154
102.8428
104.1803
106.4119
104.9957
103.7427
103.6622
105.1794
105.6052
106.6557
103.9697
103.1527
103.8362
105.8532
102.6223
94.73206
95.66263
99.8409
103.7041
105.0328
101.9682
101.1667
102.6805
104.0274
104.3951
103.3349
103.3719
104.4052
104.8615
104.3875
102.3472
100.19
100.6495
103.4712
105.8581
105.3332
103.6582
102.7364
103.0715
104.5185
102.0762
98.64492
102.238
104.9968
104.8411
103.8468
104.1662
103.6129
103.4248
104.8072
105.3523
105.8646
104.8758
103.9188
104.3749
103.5378
105.4888
105.928
103.2949
103.4484
105.1939
104.794
103.6329
104.6735
106.6958
106.2187
106.3162
106.1995
105.4275
103.2143
103.717
104.9307
106.099
102.4785
101.1462
103.8068
105.8003
106.3528
102.0015
101.5496
103.7031
106.4139
102.1035
101.13
102.3826
102.4128
103.1568
103.3896
105.1743
105.454
105.1355
104.9408
103.8879
102.9082
103.8502
106.9619
107.9798
102.6174
102.6921
102.9735
104.4487
105.022
106.8095
106.2721
103.2116
102.8447
103.6918
104.4967
104.8144
102.5077
103.3575
105.1914
104.1446
105.2065
106.43
106.9996
105.9888
105.8469
104.0716
102.2338
104.0037
105.8371
106.9046
104.9223
103.629
105.8914
105.0833
101.4656
102.3121
102.8267
105.0857
106.3199
106.049
105.0343
104.5903
105.024
105.8432
105.0373
105.3529
104.6915
102.9684
103.168
106.3193
106.2044
105.7374
102.4713
102.6258
104.5898
105.5421
105.7402
104.0693
101.2324
102.5638
104.366
104.1631
104.6583
105.617
104.5685
103.7715
102.9995
104.5172
106.5259
106.4772
103.2437
103.9232
105.6845
105.9995
105.7291
105.6731
105.6544
105.9125
105.448
103.7437
102.8867
104.9437
106.6783
106.738
106.2543
106.3258
105.141
103.7396
104.1191
105.2389
105.5486
105.6941
105.2494
103.3531
103.4119
106.5231
106.7374
104.7503
105.2817
103.8238
103.8379
104.0418
105.3084
105.1852
103.9002
101.9341
104.0088
106.8879
105.3937
104.4042
103.656
105.3808
104.5023
105.2691
105.1905
102.0873
98.50201
100.5831
103.2625
105.5749
104.5407
103.1417
104.0651
104.3731
105.6329
103.7981
102.8837
104.035
105.3446
107.5107
104.8615
104.5486
105.0759
105.2314
105.0722
104.76
105.5557
104.5469
104.2804
103.159
102.9685
105.8775
104.2428
101.154
102.6227
105.1587
104.7844
104.8227
103.8651
104.1359
104.0168
104.2346
105.0324
103.7347
102.3278
103.6284
106.0546
105.9181
106.411
105.7303
105.1231
105.9334
103.7987
103.4844
106.3396
105.9005
104.1708
103.809
104.1652
102.2318
101.6822
103.825
107.3237
106.5566
104.1662
103.283
103.3597
104.7659
104.9049
104.9313
105.5284
105.9105
105.5646
106.0521
103.5845
103.7911
104.8096
107.5488
108.0765
105.9685
105.5858
104.9275
105.2316
106.1432
106.165
102.5262
104.3631
105.0538
105.9029
105.9295
105.3044
103.7294
103.8451
106.1164
105.9382
102.8683
102.6302
103.8653
105.9168
106.0958
104.2377
103.8791
105.0119
104.4096
104.6594
105.9399
105.4452
101.6853
102.848
105.7301
105.9591
105.4907
104.8212
104.6299
104.3899
105.4695
105.2568
102.5261
102.3918
105.0078
105.496
105.4014
103.7783
102.1254
103.8284
103.6143
107.4843
105.8983
102.0804
102.6267
104.5559
106.6777
103.9093
102.1965
102.7897
102.4201
104.4028
105.2005
103.5315
101.9401
103.0807
105.9762
106.0333
105.1918
104.8185
104.8055
103.5799
104.3632
104.6421
105.1395
103.7354
103.4321
104.5412
102.5965
99.87504
101.3559
102.416
104.9878
103.7648
103.1938
102.9305
102.7681
101.5572
102.9699
103.1239
104.4579
103.7869
103.8771
104.0392
105.3862
102.7516
102.8061
104.1171
102.9812
102.2053
103.1248
105.5057
106.2299
102.4949
101.9104
103.5578
104.3975
103.3958
103.3056
104.1567
105.3687
104.211
104.1149
105.7431
106.738
106.4167
103.4063
103.8909
104.9271
101.5043
99.83673
101.2201
102.0084
104.6141
103.6628
102.5557
102.6425
103.157
104.6809
106.5546
105.832
103.0125
103.3823
105.2795
104.9439
104.9319
103.8599
104.3876
104.7652
105.0181
104.9626
104.8857
105.8461
104.2645
103.6682
104.5986
106.3702
105.518
105.3379
104.326
105.2209
105.2235
101.8581
101.0316
103.6495
104.8382
104.1057
103.7894
104.668
104.7266
103.2487
102.4038
103.9718
104.1925
102.6285
101.636
103.4908
104.3789
103.0327
102.2382
103.1113
102.5436
103.9033
104.4396
103.9204
102.9695
102.644
104.1057
105.6893
105.0374
103.1899
102.371
102.8453
104.9496
105.3577
106.7647
105.1123
104.3885
104.3634
104.7086
103.5238
103.3711
104.0493
105.0554
107.0779
105.2285
103.0397
102.3708
101.842
103.9046
103.5476
103.4203
102.4363
103.7353
102.4813
105.0695
105.1886
105.2056
102.2022
104.105
105.4718
107.6537
105.2942
101.0627
103.3905
105.277
105.9614
102.3059
102.299
103.5329
101.8762
101.0975
103.2649
104.7141
101.4814
102.081
104.6884
105.9901
104.1824
103.5888
101.936
103.4329
105.2992
102.5384
100.2435
102.4265
106.2645
104.6483
102.8606
104.649
99.83938
99.62146
101.9532
104.4718
104.498
104.2941
103.9275
105.7954
107.0343
104.6874
103.2766
103.7615
104.4024
107.4352
105.2699
102.4142
104.1058
104.7734
105.3776
104.839
104.8382
103.0205
104.1091
104.1153
106.7162
107.3298
105.7503
102.1622
102.5894
104.3021
106.5234
106.5712
103.2264
103.4126
104.0316
102.7859
104.5597
105.2277
103.9509
102.9368
104.3755
104.9218
103.1219
100.96
103.1635
105.1718
104.345
102.4118
100.4072
101.7229
103.8986
105.8052
105.7105
100.3793
98.33889
100.8261
103.8277
104.8572
103.7077
104.6663
105.5473
103.4195
102.651
103.6138
105.1173
105.5775
105.8036
105.9916
105.2917
103.3738
103.5083
104.0922
106.8017
102.517
101.7366
102.411
101.6682
102.9833
105.1355
105.832
104.1854
105.5736
103.3642
104.5181
106.4792
106.6772
105.8065
104.986
