2.784667
2.95747
3.954273
3.685803
3.206477
2.986375
3.200466
3.037617
2.752568
3.07798
4.2652
3.429733
2.575778
2.748875
2.930542
2.863871
4.29807
3.313168
2.925616
2.881388
2.803543
2.931806
3.565968
4.480289
3.781814
2.570637
2.801955
2.974842
2.859893
2.967057
3.785969
3.004929
2.898446
3.403186
3.290766
4.481604
3.59261
2.773557
2.650132
2.682025
2.787907
3.640673
3.986911
3.265669
2.934736
2.754696
3.066519
2.919407
3.116458
3.311446
2.994413
2.930033
2.850884
3.185102
2.517865
2.641551
2.760565
2.895889
4.366739
3.153656
2.785941
2.858367
3.96413
3.325473
2.779655
2.840421
3.07564
3.149363
3.139645
3.386333
3.311779
2.921395
2.704712
2.936482
3.061665
2.855581
4.461335
3.679981
2.812018
2.923491
2.747634
3.0005
3.054328
2.948963
3.246311
3.312792
3.029207
3.176453
3.106269
3.210789
3.097477
3.986985
3.69319
2.653591
2.768112
3.388563
4.094752
3.749918
3.069049
2.923621
3.304063
4.157626
3.320189
3.274507
2.601342
3.690178
3.420404
2.762258
2.864658
3.643891
3.333625
2.805051
2.951567
3.06693
2.719673
2.79096
2.77389
2.803847
2.843537
3.184016
4.371609
3.532887
2.832495
2.804222
2.924638
4.108982
3.710198
2.775041
2.744167
3.164988
4.532585
3.912179
2.788801
2.536772
3.144702
3.529432
3.422943
3.097636
4.20868
3.834106
3.204118
2.702037
2.825381
3.398246
3.01281
2.832801
2.787242
3.541231
4.242052
3.556659
2.626197
2.778463
4.19327
3.432242
2.84867
2.526618
2.727792
2.929683
2.946159
2.969662
3.017834
2.944407
3.500309
4.413238
3.392005
2.870616
2.543445
3.006341
4.078451
3.441264
3.181047
3.004228
2.801324
2.88276
3.478323
3.516845
3.366891
2.67067
2.597317
3.260581
4.688102
3.746596
3.054646
2.923738
2.667289
2.841708
2.773648
3.386339
3.384435
2.786194
2.725293
3.029078
2.913682
2.80066
2.691317
2.897383
3.371263
4.102145
3.262891
3.274272
2.917986
3.831183
3.703151
3.487942
2.860055
2.855473
2.989203
3.009061
3.621082
3.7326
3.189833
2.706427
3.319661
3.131925
2.723561
3.011757
2.927236
3.769111
3.179306
3.0786
2.982248
2.824921
3.367836
3.377081
2.873296
3.062689
3.261222
3.196275
3.156307
3.899336
4.127201
3.3948
2.79368
2.835627
3.14165
3.2023
3.146776
3.378139
3.180444
3.048076
2.953484
3.004958
3.963241
3.457676
2.834213
3.01084
3.818082
3.378503
2.748716
2.631863
3.113567
3.283906
3.676489
3.537999
2.889504
2.827066
2.60812
2.993207
3.343909
3.488754
3.712414
3.281551
3.087892
3.025376
2.890832
3.052556
2.970104
3.277932
2.857812
4.126109
3.383514
2.777761
2.792716
3.074107
2.67745
2.981781
2.888583
4.277008
3.544735
2.698752
2.915986
3.302034
3.189391
2.767431
3.302456
3.341051
3.107356
3.351175
3.590271
2.937629
2.666641
3.992345
3.31734
2.802827
2.724729
3.188438
3.932698
3.287504
2.756656
3.732348
3.158352
2.988014
2.649055
2.924295
2.943522
3.780224
3.513529
2.916283
2.870425
2.990652
2.977938
2.565966
3.111918
2.648456
3.198806
4.356945
3.379915
2.85075
2.834944
2.951476
3.15277
3.349126
3.366992
3.103888
3.804698
3.739822
3.489962
3.413306
2.85934
3.076284
4.293948
3.650167
2.999451
2.859627
2.913991
3.886827
3.238627
2.763984
2.679092
2.964627
2.846128
3.03376
2.904988
3.216474
2.962583
2.753774
4.257007
3.741925
2.927389
2.788685
2.820078
2.754132
2.894504
2.999534
3.971674
3.432613
3.093518
2.962086
3.212239
3.525767
3.295414
2.641354
2.751634
3.081926
4.444281
3.471307
2.762175
2.756747
2.748049
3.055009
3.185564
4.912411
3.598788
3.002362
2.491965
3.015637
2.632788
2.561495
3.175326
4.676703
3.613146
2.733032
3.018619
2.9161
4.357317
3.898771
2.855131
2.986409
3.90163
3.161028
2.837892
2.893436
2.895452
2.883124
2.82417
3.687653
3.969081
3.73349
4.35575
3.731251
2.614639
2.7336
2.620188
2.907384
3.112742
3.347043
3.834399
3.673653
3.062161
3.120277
3.232464
2.652226
2.584316
2.669339
3.309476
3.9549
3.365042
3.186188
3.234906
2.693254
2.81605
2.683789
4.331706
3.389931
3.073303
3.247563
2.966489
2.837065
3.046122
3.408331
3.134956
2.886806
3.76924
4.567583
3.536719
2.751237
2.626977
2.65066
2.896607
2.777364
2.692486
3.036154
3.846974
3.72207
2.931506
3.170442
2.680965
3.362552
3.515136
3.619807
3.242126
2.769243
2.979564
3.13321
2.52391
3.141412
3.20027
2.797465
3.022809
3.369015
3.64189
4.017055
3.469428
2.988951
3.09976
2.996493
3.062551
2.919823
3.726064
3.927714
3.676154
3.233234
3.098222
2.926037
2.93107
2.855613
3.253314
3.39341
2.962165
3.079667
2.860699
3.01861
3.686881
3.695854
2.792258
2.631263
2.656312
3.225929
3.100044
3.12591
3.157423
3.378201
4.332803
3.587376
2.92917
2.624838
2.902517
2.930135
3.072919
3.193463
3.152126
3.829385
3.515851
2.91382
2.740992
2.997981
2.941875
2.930809
2.81748
2.951718
3.95056
4.115361
3.945716
2.890277
2.735642
3.315868
3.392884
2.736389
2.658373
2.904715
2.861281
2.949548
2.788931
2.88483
3.092366
3.05845
3.120683
2.669004
2.53407
3.210661
3.02373
2.992245
3.320077
3.485816
3.072961
2.777178
3.033708
3.398014
3.492074
3.067374
2.906215
2.780512
3.045091
3.741498
3.917713
3.667604
2.985079
2.722776
3.072249
4.030113
3.952807
3.351651
2.85776
3.125058
3.470175
3.041521
2.606687
3.004689
3.351881
3.859736
3.306328
2.937472
2.818383
2.736536
2.765752
3.087181
2.824076
2.865784
2.828887
4.371627
3.459219
2.828957
2.955033
2.837897
2.867117
3.974566
3.654146
2.79891
2.811184
2.957328
3.412448
4.144852
3.494
3.041655
2.612775
3.44318
3.185741
2.814818
2.793506
3.021755
3.208583
3.269616
3.031805
2.726004
3.102635
4.130017
3.702861
2.926505
2.771077
3.368833
3.07225
2.891029
3.115539
3.039097
2.837028
3.592607
3.626199
2.949579
2.861801
3.566053
3.676271
2.929002
2.984495
2.799769
3.853898
3.812422
2.993017
2.832688
3.226476
3.296484
2.981349
2.643481
2.999425
4.639242
3.626348
3.551522
2.705433
2.72071
3.166275
3.845161
3.344229
2.828154
3.012926
4.192711
3.685487
2.911685
2.84924
2.792797
2.890969
2.913188
3.018423
3.121181
3.015141
3.825729
3.440482
2.688881
2.849349
2.587489
3.600799
5.946051
2.97117
3.27502
2.89757
4.313859
3.908603
3.216105
2.84053
2.944268
2.981741
2.768293
3.000601
3.108444
3.34638
3.246011
4.069865
3.68305
2.790642
2.850491
3.22854
3.103504
2.909547
2.941816
3.188665
2.97142
2.942656
3.120607
3.303627
3.736187
3.667687
3.256821
4.54637
3.738357
2.725656
2.684985
2.642221
2.890477
3.461515
3.105191
2.926103
2.841154
3.830349
3.592202
2.843628
3.623715
3.519207
2.920592
2.732063
2.961339
3.480036
3.54071
3.246297
2.824257
2.872308
3.277609
2.995879
3.273928
3.866938
3.498018
3.040555
3.508144
3.259925
3.007021
4.200537
4.222494
3.508986
2.838661
2.79053
2.771123
2.894506
3.669457
3.787607
3.555218
2.904985
2.824484
3.202172
3.057559
3.633454
3.306466
2.861478
2.767582
3.507853
3.886372
3.252459
2.831682
3.414468
3.539407
3.123054
3.485877
3.520798
2.957374
2.811255
2.861292
2.93298
3.107888
2.978096
3.249007
4.585001
3.376561
2.624461
3.017708
4.123112
3.629354
2.664068
2.865494
2.743485
3.473495
4.224589
3.812997
2.812809
2.803485
3.308541
2.956976
3.0166
2.994633
3.257561
4.055667
3.556707
2.958431
2.923666
2.902101
2.861024
2.88864
4.129114
3.523127
2.937082
2.814967
3.351053
2.832495
2.782086
2.977951
3.0778
2.954922
2.596737
3.081033
3.197946
4.442921
3.711208
2.91941
2.954632
2.766847
2.902131
3.178421
3.288651
2.661514
3.396097
3.2098
4.297557
3.519732
2.946377
2.987129
2.712212
3.174882
3.773793
3.189866
3.031942
3.514345
3.824967
3.012502
3.038264
3.422703
3.539697
2.969874
3.039974
2.853506
3.086575
4.556718
3.796753
3.491212
3.094209
2.744434
3.080292
2.824562
2.816177
2.914266
3.990176
3.559273
2.858329
2.830345
2.797117
2.810283
2.740683
3.071207
4.435589
3.627507
2.575604
3.144714
3.631494
3.38921
3.283036
2.971776
3.772931
3.284853
2.948305
3.178477
3.038156
3.25516
3.625113
3.312111
3.477042
3.090205
2.916736
3.357788
3.586895
3.924274
3.221426
3.004996
3.112272
3.803651
3.652706
3.064769
2.826442
3.143659
3.059857
3.078394
2.760434
2.679719
3.29599
3.348368
2.729288
2.801198
4.341931
3.572205
2.874201
2.862256
3.510013
3.632431
2.769683
2.782366
2.949109
2.818501
3.484741
3.741405
3.47639
3.185473
3.01749
3.293655
3.156526
3.035672
3.394444
3.400061
3.039385
3.245787
2.958724
3.01875
3.804472
3.497504
3.21735
3.039766
3.141887
3.54665
3.390933
3.16218
2.901132
3.041242
3.071909
3.099026
3.172974
4.138053
3.570017
3.560806
3.494145
3.590152
3.254271
3.112036
3.248607
3.719953
3.528526
2.908601
2.875854
2.75291
2.831401
2.727814
3.192876
3.269433
3.151727
3.132833
3.004988
3.035656
3.143236
3.947963
3.56363
2.744594
3.889453
3.580004
3.121553
2.881218
2.804396
3.065789
2.930391
3.219219
4.191295
3.585344
3.175429
2.844813
3.858236
3.304561
2.704517
3.11839
4.432396
3.982401
3.017292
2.979002
2.978871
3.977769
3.3213
3.123327
3.048017
4.471286
3.576628
3.024821
2.919307
3.017801
3.226632
3.805659
3.59069
3.454034
2.905915
2.956489
3.581188
3.893171
3.495062
2.896183
3.040029
2.999036
3.128541
3.740059
4.029209
3.545013
3.465899
3.10623
3.120465
3.416879
3.578357
3.097497
3.097834
3.361624
3.300445
3.090691
3.132655
2.897792
3.462141
4.537228
3.715789
3.039394
3.141281
3.628192
4.558073
3.604352
3.062706
2.978119
