156.7497
157.2983
162.2164
159.519
159.0231
161.0574
160.4994
160.9427
159.9292
157.6044
161.4415
163.83
162.5374
159.742
163.3509
162.4708
163.0805
158.9056
159.4233
164.7337
161.5365
155.7471
157.4762
161.274
163.0332
163.6119
161.7539
158.6005
161.5428
164.6356
163.5889
164.2852
162.4737
160.693
158.6767
158.6708
162.5139
163.3418
160.9827
156.8701
158.9043
161.6462
161.9629
161.4958
158.1157
160.6186
161.5984
163.3837
159.9313
158.0811
160.7814
163.2885
157.3491
154.7388
159.7519
162.195
161.3378
161.293
162.9024
159.3786
162.7845
161.5864
159.4897
160.1341
163.2003
162.7454
159.855
158.4379
158.9697
161.9666
160.8759
158.6835
158.4617
161.6156
161.9617
159.0958
158.8161
161.0509
164.9781
160.7827
161.2982
163.5747
163.9098
162.2879
160.2509
161.7247
162.4008
161.3373
157.6673
158.8412
161.9873
164.1597
162.1765
157.1014
157.972
160.9573
163.521
159.7123
159.348
158.5863
161.8455
164.4836
162.2374
163.3142
160.6242
159.6345
161.579
158.1265
160.923
162.279
162.5076
161.6983
156.8168
156.3378
161.4993
162.5932
159.5378
159.183
156.002
158.0617
160.6189
163.5692
161.8163
162.2305
160.8399
154.5559
159.832
161.2777
162.8395
158.9026
159.3075
160.0073
163.8431
163.0249
161.7953
161.6392
160.2038
161.2175
162.0719
160.6501
157.6989
159.8036
164.2853
163.1508
162.5346
162.8309
159.1337
157.9588
161.709
162.892
162.8352
161.7293
155.4579
156.7376
159.9263
162.6399
159.0169
155.8522
160.2796
163.2001
162.5528
162.8546
159.4928
162.0565
164.3437
161.6728
158.0597
162.0368
163.6773
159.9221
158.4533
161.4166
160.4211
158.7055
162.3634
164.3581
162.3183
161.4199
162.1678
163.6935
161.1022
160.0303
161.2901
163.498
162.0315
164.1467
163.6631
160.7626
158.4075
161.677
164.1049
163.0662
160.5703
160.0844
160.5285
164.1775
165.1049
163.6829
158.0856
159.8917
162.9998
161.3816
159.4818
159.8245
164.0759
162.7442
162.3549
162.0374
158.7033
161.666
164.0637
159.8132
158.976
162.9151
164.5662
162.4551
158.3841
159.2448
162.2871
163.2912
163.6755
161.3891
160.8009
161.825
162.2853
164.1232
163.1993
159.3903
161.2542
164.5188
163.2206
159.4755
162.0026
161.0392
160.551
162.0217
162.0983
162.2198
162.4722
163.2095
162.0173
160.7012
159.6473
164.0082
164.3671
157.6574
160.6272
164.1996
162.7664
163.7479
159.8714
158.0449
159.8813
161.7361
163.6502
162.3209
159.4692
161.2723
164.1837
162.8879
163.3921
159.1388
161.1792
165.9071
165.0169
164.8073
158.387
158.0812
163.6657
163.6185
161.7194
160.8129
162.6664
164.8369
165.2182
161.4997
157.4843
160.7146
164.743
164.5763
162.4759
159.7704
159.237
161.917
164.044
166.3711
164.1283
163.7336
165.2786
163.8378
160.5071
161.2931
158.3801
159.9996
164.2682
165.4792
162.6053
161.7195
164.274
165.0076
160.7798
159.9686
159.3183
157.7791
161.1443
164.1881
164.3616
156.7365
158.1476
160.5698
164.4046
159.4538
158.402
163.572
165.2679
161.8393
159.7882
162.5159
166.2141
164.0052
160.4875
160.9306
163.7149
161.8214
163.0302
160.1136
161.2428
161.2577
160.7112
157.2292
159.2034
159.6199
162.9599
162.426
160.8811
162.0995
165.7998
161.6557
157.9113
160.4861
164.8895
162.9883
162.1717
162.1904
161.3121
159.7278
160.9307
161.873
161.1059
160.7806
162.186
162.8502
161.7263
160.2392
162.5366
163.1295
162.6369
161.1346
160.2366
162.654
160.6628
161.1977
163.1822
165.3556
154.0712
158.3402
162.1307
162.9638
161.2231
159.765
157.3778
163.8133
166.9155
163.7604
160.2121
160.7694
164.7674
165.2552
163.8167
161.0885
158.0511
163.2767
164.752
163.4745
162.0284
161.2804
160.0247
163.5569
165.7974
164.7039
164.495
164.6669
160.6726
159.2651
163.4962
164.6806
157.6645
159.4916
163.723
163.8426
159.368
160.0007
162.8484
163.9566
159.8084
160.0094
160.9253
163.6558
159.5985
148.4063
149.9066
154.8118
159.3171
160.2166
161.9702
162.1385
163.9712
163.7023
162.0779
157.0947
159.3554
163.9504
165.6264
162.1357
160.3839
159.5202
160.434
160.9995
159.5616
159.4436
163.2551
160.5721
160.2404
163.4312
162.4218
158.7869
158.2983
155.8421
158.1693
163.8832
163.4701
161.4774
158.6291
160.4964
163.4495
164.0433
163.3008
164.1002
158.539
158.4493
164.7875
166.2821
160.6882
160.3444
163.83
166.1843
163.5516
159.3689
160.7701
164.9034
165.2458
163.7868
164.7928
165.2936
161.688
160.0181
163.9199
165.9602
162.973
163.787
163.7521
165.5098
160.7783
160.8352
165.5815
165.4088
164.4342
160.4914
160.6874
159.3869
164.6616
162.3133
163.7459
163.4166
161.389
160.0106
161.2333
164.2785
163.7842
162.3441
162.2789
162.949
163.1252
157.4054
158.2024
163.4363
156.6444
161.9552
162.6425
162.1792
158.7685
156.8608
158.5368
161.0576
163.5998
160.3416
159.976
162.5805
163.9025
159.9452
156.8432
160.1859
163.526
164.3767
161.5183
162.9554
165.4909
160.448
159.1461
160.5006
163.2139
161.9936
160.9537
160.1559
160.4002
164.9277
164.1593
163.3249
162.5739
161.5209
156.6395
158.5906
161.5043
163.3855
162.6628
163.1016
160.5765
160.6407
162.8931
164.4573
162.1951
162.9104
165.438
162.0277
158.8359
162.6527
163.2146
163.2981
163.2576
164.2255
162.5275
158.1302
158.829
164.6129
163.9875
159.9456
161.7563
157.8288
159.5948
163.2339
163.2431
161.5314
156.555
160.1296
166.3021
165.1705
160.7281
157.0203
162.9519
165.5605
163.4731
163.6515
159.5688
161.0718
164.8603
163.6936
164.1094
159.6316
159.5088
163.0356
162.3843
161.2223
160.739
163.911
162.5775
164.5514
160.0908
159.8213
163.7164
161.5258
160.0544
161.3209
162.8951
164.9765
162.2891
160.55
161.237
164.8728
165.429
162.9864
160.8302
164.7181
162.8113
151.3779
155.7192
160.8015
162.7199
162.5996
160.5542
159.9031
158.7611
157.4619
157.8263
160.4335
163.9568
161.351
161.0852
160.3984
157.6499
157.9734
161.3779
165.1983
162.8658
161.2283
158.5864
157.1859
161.4396
163.2023
162.8252
161.4153
163.5521
161.0545
163.3151
164.9093
164.546
160.8668
161.599
163.7475
163.5143
161.4381
158.941
158.8478
165.1537
165.5641
163.0338
160.4853
162.6168
166.4426
163.4332
157.5547
161.0874
163.0308
164.9236
157.6863
160.5643
164.916
164.5073
160.9245
161.6736
163.3272
162.493
157.103
159.5673
164.4548
163.5052
161.4566
158.9287
162.6922
165.344
162.6223
162.8661
161.3554
163.4518
167.1494
166.0485
161.8423
159.7
159.7624
164.8374
165.2799
164.7653
162.6178
163.1554
164.3689
161.9546
164.6504
166.4095
163.8731
160.8146
161.0491
163.807
162.8235
164.7027
163.2717
162.0174
163.3435
166.0364
161.6007
160.5481
161.0049
161.9919
164.2069
166.2445
163.9749
162.2757
163.7682
161.9474
159.2743
160.4734
161.1518
162.9613
165.2172
162.939
161.3586
163.4343
158.6739
160.1751
164.276
164.0924
159.294
161.9669
161.3105
161.2773
164.5496
163.7496
163.6614
163.6991
164.5736
163.642
163.4658
164.117
164.6171
163.5866
164.9569
160.6489
157.7124
158.6666
162.4868
162.4559
158.7505
161.8351
161.8981
162.2868
157.7783
160.7647
162.2807
161.1125
158.0505
161.8304
164.737
155.5408
154.8929
160.857
163.1059
162.6548
162.3231
163.3192
158.7483
155.5211
161.8324
163.5556
162.3147
159.8137
160.5286
162.1525
164.6302
165.1877
157.797
159.5761
164.0231
163.9596
161.1441
162.9469
158.8934
156.2316
160.6552
162.9095
161.8876
160.6279
158.1104
159.4041
162.7342
163.0272
162.6142
161.9307
158.1528
159.4605
163.6156
163.7952
162.5945
164.1731
161.3952
158.0775
161.3
163.1896
162.3167
156.9807
160.2839
164.3747
163.4302
162.9847
163.0275
163.0234
161.1939
163.6955
162.7614
164.0395
163.6203
159.9624
159.7678
162.2321
164.8101
160.186
162.2813
163.2198
160.4821
159.2916
159.3404
161.5043
163.8834
161.3289
161.8442
162.1884
161.0879
158.7724
159.0917
159.4761
160.4893
158.9237
161.731
162.1853
163.4482
163.0862
159.5871
161.3447
164.2499
163.1806
160.0217
159.375
163.5585
163.8266
163.7926
162.6966
159.5463
158.3257
159.8561
164.2602
163.2876
159.7352
161.4646
163.4075
164.3542
162.0731
161.0793
162.2972
162.2558
161.1647
156.5335
159.1541
161.5816
162.1221
159.3676
155.562
161.0943
163.7735
162.5319
160.7859
159.6384
161.1551
162.7301
156.4976
160.0568
162.2564
163.0762
160.7839
158.502
161.5838
160.8565
162.9425
159.0317
157.7917
161.9624
164.9534
159.6074
159.2166
160.5257
162.1193
164.5641
164.0856
157.6256
157.7846
163.3728
163.3995
160.8573
163.3022
163.5544
162.2883
165.0343
164.784
160.3654
162.9484
165.4022
164.5645
161.6479
162.3568
162.3769
164.8978
163.2176
161.3349
162.8832
163.1877
161.495
157.0872
157.2456
158.3908
158.792
160.5076
161.4982
161.552
160.9526
162.1285
157.5869
159.4698
163.5714
162.324
160.9093
159.5152
158.1395
162.2243
157.187
159.0593
162.1792
163.839
161.2734
159.9049
158.3902
160.1193
163.9997
163.5532
159.1008
154.4189
159.5018
164.7354
164.9744
162.6322
163.6434
165.4346
163.7666
163.9298
163.8141
161.4179
160.7188
164.8166
164.2392
163.8678
161.4623
161.0409
165.4087
164.6171
164.0735
160.1943
159.8394
160.3322
163.6978
161.4712
159.9215
154.5067
154.9523
160.3226
161.3342
160.1433
157.6369
160.5579
160.2691
162.7218
164.1637
161.8648
162.7123
166.6258
167.6181
163.2926
160.6093
161.0903
160.3396
162.3158
162.847
162.479
159.9663
159.8635
161.5954
164.3467
163.605
159.7798
160.0036
164.4436
163.8551
160.4614
159.6211
164.0753
163.529
