24.78109
24.98886
24.4542
24.16211
24.9776
24.28302
25.09136
24.9574
24.50171
24.19577
24.49848
24.50242
24.86032
25.31041
24.61721
24.21254
25.09249
24.33298
24.41056
24.71172
24.04014
24.8416
24.69236
24.6391
24.64937
24.79586
24.58394
24.70958
24.50671
24.36584
24.90167
24.82047
24.64428
24.79147
24.184
24.25569
24.63246
24.73246
25.0773
24.82607
24.13615
24.55575
24.68465
24.80977
24.53396
24.92611
24.61825
24.73887
24.90369
25.17059
24.64571
23.73977
24.729
24.35713
25.33848
24.25573
24.59943
25.47594
24.36377
25.15854
24.73386
24.34976
24.90647
24.46683
24.60055
24.55086
24.59318
24.60088
24.72732
23.65657
25.26749
25.17737
24.27669
24.2207
24.7955
24.68467
24.23951
24.65975
24.65891
25.04373
25.25813
24.57808
24.86601
25.12965
24.64094
24.34742
24.68736
24.44072
24.72628
24.95417
24.13412
24.54228
25.19123
24.54705
23.87111
25.19179
24.56892
25.25353
25.02805
24.592
24.46232
24.78838
25.35221
25.02728
24.63529
24.65808
24.3727
24.11135
24.96715
24.75506
24.64463
25.15695
25.18536
24.58236
24.61047
24.50525
24.9256
24.89984
24.02086
24.45062
24.8922
24.41561
25.48516
25.34294
24.61189
24.35385
24.57007
24.27475
25.07337
25.46107
24.82003
24.49655
24.52046
24.58267
25.02418
24.80132
24.08837
24.34982
24.85052
24.62858
24.77388
24.46145
24.46885
25.20225
24.98814
25.10697
24.32598
24.69784
24.72544
24.49868
24.9713
24.61188
24.27161
24.40627
24.86511
24.56461
25.061
24.5555
24.5163
24.72737
24.89773
25.33637
25.17148
24.26114
24.60034
24.76821
24.81422
24.57715
24.73607
24.37638
25.19627
24.45378
24.60858
25.17941
24.63148
24.6816
25.09567
25.01496
24.71989
24.40343
24.71076
24.67815
24.96472
24.85384
24.76872
24.75583
24.78592
25.28181
24.20843
24.47581
24.6681
25.22549
25.10224
24.38441
25.04709
24.66976
24.84122
25.33582
24.53345
25.17469
24.50115
25.07533
25.1544
24.70214
24.48903
25.1781
25.1934
24.12648
24.83196
24.46187
24.87442
24.67158
25.04489
24.91743
24.39122
25.31857
25.06379
24.97443
24.62748
25.00863
24.68015
24.78852
24.59579
24.818
25.17024
24.40736
24.94689
25.12275
24.58131
24.43192
24.67811
25.269
24.6039
24.4134
25.18178
24.7772
24.87216
25.16392
24.81634
24.6618
25.01034
24.73961
24.70363
24.66442
24.78415
24.97313
24.82239
25.00784
24.78316
25.02016
25.70297
24.88419
24.32294
24.78696
25.31879
24.89505
24.79443
24.72486
24.84571
24.63932
24.89503
24.83297
24.79151
25.00648
24.95595
24.9583
25.02408
24.89125
24.48157
24.70483
25.34796
25.03285
24.71349
25.07445
24.59055
24.92302
24.75945
24.60576
24.44338
25.33584
25.72527
24.90892
24.40428
24.42544
25.03354
24.69711
25.33253
25.42086
24.79456
25.11922
24.87743
24.42626
24.32426
24.93978
25.18577
24.86443
25.07632
25.4445
24.69111
24.76241
25.12953
24.972
24.64971
24.52013
24.6383
24.83009
25.09262
25.31509
24.69552
24.68444
24.81074
25.16222
25.2203
24.3381
25.37545
25.303
24.62499
24.6435
24.44606
25.21323
24.93616
24.78594
24.69497
24.96189
24.80742
24.36039
24.80769
24.41762
24.90726
25.54211
24.64468
24.01837
24.69382
25.12663
25.36934
24.80935
24.49989
25.10709
24.68057
24.67755
24.81728
25.06635
24.96098
24.98521
24.8937
24.49572
24.95909
24.56388
24.88836
24.85331
24.97087
24.9278
24.92052
25.02049
24.51443
24.8541
24.97962
25.11794
24.87715
24.56999
24.35454
24.8714
24.80956
24.52015
24.86528
24.82972
24.64248
24.34485
25.57236
25.20779
25.08299
24.32636
24.81588
25.38059
24.76628
25.00508
24.56443
25.06387
25.14126
24.62277
24.97456
24.9867
24.52433
24.91283
25.30384
24.78454
24.91853
24.59336
24.89143
25.2625
25.14283
24.93409
24.56257
24.90056
25.21231
24.43376
25.31324
24.79821
24.77278
25.13176
25.42569
24.67234
24.82086
24.6883
24.90377
25.21774
24.81321
24.55312
24.10984
23.4237
23.93157
24.83668
24.38374
25.32897
25.09363
25.23299
25.06052
25.08313
24.31001
25.09327
24.77948
24.47113
24.9195
25.45519
24.19266
24.57542
24.22208
25.50806
25.2545
24.94825
24.32213
24.87432
24.58562
24.93268
24.25077
24.87629
25.07015
24.0655
24.71034
24.51652
25.20452
25.77852
24.86345
24.12557
24.88293
25.29032
24.89086
24.82757
24.74393
24.57137
24.58538
25.01936
25.25273
25.19516
24.99271
24.76747
25.31767
25.08886
24.7499
24.92089
24.95613
25.36936
25.12366
25.06538
24.84205
24.79443
24.62997
24.69683
25.24772
24.99764
25.06931
24.87003
24.96097
25.04544
24.72891
25.11981
25.53656
24.7833
25.03177
24.64456
24.33343
25.58876
24.77432
24.89263
25.1004
24.83719
24.22853
25.05417
25.38097
25.19068
25.36858
24.27572
24.67912
25.05471
24.88642
24.39389
24.6235
24.69081
24.70521
25.17299
25.86891
24.70795
24.34902
25.06963
24.86533
25.26746
25.18678
24.81643
24.82372
24.80299
24.82474
24.55382
24.67482
25.09288
25.6348
24.96511
24.74873
24.95647
24.8764
24.61883
24.91677
24.66547
25.19827
24.68396
24.8454
24.68629
24.85078
25.44962
25.1746
24.71405
24.58036
23.9184
25.13218
25.13013
25.24632
25.15231
24.7743
24.8452
24.97006
24.61691
25.34185
25.04932
24.45279
24.79379
25.2519
24.59997
24.84879
25.06664
25.08959
24.58281
24.99555
24.5972
25.11288
24.46848
24.85519
25.77947
24.93382
24.42468
24.99537
24.66118
24.95003
25.30319
25.08129
24.67053
24.605
25.08043
25.66126
25.12067
24.65869
24.75988
25.56541
25.24358
24.82006
24.45247
24.97701
25.31031
24.95757
24.35591
25.26979
24.87524
25.15733
25.24709
24.61411
24.80203
25.10011
24.97378
24.97235
24.67389
24.6788
24.74205
25.15401
25.1236
24.82998
24.88614
25.42636
24.86447
24.66125
24.67183
24.88634
25.32048
25.04667
24.7587
24.18231
24.31664
24.51931
24.7481
25.07335
25.64382
24.88464
24.71066
25.09605
24.13256
24.76732
24.9734
24.64935
25.23163
25.37389
24.50799
24.54989
24.43314
25.16756
24.54386
25.31232
25.53413
24.35073
24.77582
24.93321
24.32826
25.258
25.42515
24.47769
25.09041
25.30603
24.67084
24.90305
24.94127
24.88974
24.51392
25.12736
24.9535
24.68703
25.33884
24.23152
24.9269
25.7049
25.13335
24.80928
24.63392
25.68855
25.10193
24.80504
24.76996
25.60722
24.60359
24.71659
25.28563
24.56107
26.11003
25.70745
24.56588
24.84326
25.03153
24.91937
24.64489
25.31791
25.18955
24.83115
24.87033
25.19134
25.32595
25.04983
24.64677
25.23301
24.56154
25.03837
25.62888
24.49784
24.50564
25.22797
25.12514
25.38795
25.05058
24.95151
24.56056
25.09252
24.95714
24.92346
25.40322
25.63238
24.992
24.74794
24.99004
24.96238
25.05995
25.20815
24.961
24.61037
25.00658
25.37869
24.55621
24.8807
25.1683
24.78296
25.61124
25.79557
24.67537
24.55401
25.15639
24.77273
25.2082
25.25372
24.41379
25.64162
25.61612
25.07128
24.65512
24.70156
25.07608
25.31259
25.37109
24.90038
24.54327
25.26138
24.78841
25.40879
25.50641
25.10467
24.88706
25.08709
24.88289
25.04115
24.84688
25.26327
24.72717
24.56228
24.90121
25.41869
24.98339
25.20703
24.86964
24.72116
24.91714
24.62412
24.94819
24.9256
24.72894
25.43879
25.33794
24.66776
24.22455
24.44555
24.98821
24.95179
24.95158
25.18165
25.24753
24.8641
24.84714
24.5076
24.98695
24.90744
25.09317
25.1535
25.15108
25.00014
24.25224
25.43022
24.81807
25.03814
24.24486
24.94673
25.7658
25.21963
25.04775
24.90113
24.16376
24.91924
25.23498
25.4292
24.96835
24.84177
24.62275
25.15817
25.2072
25.18717
24.67391
24.64235
24.42776
25.12385
25.42328
25.07201
24.51693
24.20083
24.74298
25.00146
24.45844
25.016
25.12631
24.40019
25.42244
25.18248
25.05218
25.13123
25.12287
24.69882
24.81892
25.1581
24.69124
25.09201
24.71229
25.00761
24.7541
25.64022
25.04169
24.25237
25.04005
24.71474
24.48251
25.34715
24.89957
25.29939
25.04367
25.09199
24.64535
25.02055
24.65946
24.3052
24.88559
24.72649
24.95882
24.93863
24.91809
25.23523
24.57538
24.94085
24.6444
25.0011
25.6384
24.76025
24.41314
24.99276
25.48501
24.92856
24.80112
24.24729
24.97455
24.57965
24.65083
25.23874
24.71507
24.93521
24.90136
25.00335
25.10621
24.63167
24.79592
24.73705
24.48149
24.46448
25.22829
25.06744
25.13654
24.90397
24.57886
24.55755
25.559
25.82792
25.04086
24.73789
24.60809
24.23926
24.59424
25.48956
25.08632
25.30801
24.93577
24.93134
24.89897
24.99808
24.27716
25.0186
24.82759
24.89885
25.15649
25.24793
24.60722
24.76188
24.88755
24.93754
24.75337
25.33784
24.54928
25.0768
25.42536
24.7457
25.02573
25.29387
24.77935
24.69016
24.52928
24.47821
25.3541
25.10766
25.29214
24.88576
25.20202
24.75526
25.12595
24.99879
24.88209
24.33273
24.65784
24.67355
24.33086
24.93923
24.75773
24.61234
25.08695
24.89623
24.88087
24.86483
24.43804
24.87866
25.03346
24.86711
25.45326
25.44758
25.0439
24.32212
24.52321
25.02202
24.82859
25.13529
25.39177
24.79305
24.58492
25.08969
24.04024
25.42633
25.77919
24.73318
24.216
25.20293
25.21787
25.49154
25.15052
24.6467
25.03946
25.0075
25.16299
24.59597
24.7338
25.02074
25.11295
24.80407
25.16928
25.13442
24.48841
25.30751
24.87733
24.64614
24.92542
24.6156
24.688
24.85287
24.48101
24.58438
24.78505
24.38502
24.96818
25.39296
25.08405
24.38258
24.88588
24.8761
25.08931
25.19383
25.29752
24.71399
25.05733
25.25235
25.35573
24.80666
24.27744
24.88549
24.38212
25.11269
25.5164
25.18587
24.84854
25.02662
25.17311
24.63159
24.95131
24.96048
25.24634
24.72855
25.68508
24.75039
25.02824
