55.26062
54.10281
57.63812
58.63695
54.63342
55.0943
58.1937
56.98844
52.09042
57.3149
58.78782
56.78158
55.80939
56.26861
57.5378
58.29874
54.23981
57.14349
59.60275
57.61161
56.19405
53.73313
58.22562
59.57708
57.33654
54.57101
56.79822
60.03368
57.85446
56.48046
55.61835
56.51107
58.4184
59.18019
56.78426
57.06813
55.18456
56.44167
57.84253
58.25753
56.57878
57.40583
58.49146
58.41904
56.63866
56.88691
57.24503
57.32093
57.10668
58.08017
57.24098
56.05704
56.11211
56.80466
58.48317
56.92139
57.14008
57.51807
56.91597
55.5693
56.95828
57.38874
56.00483
57.62421
57.3065
56.82415
58.3443
57.60798
56.93308
56.00725
58.655
58.16721
54.72758
56.39827
58.54634
58.21323
56.66242
55.63674
56.2523
58.52859
56.94437
55.47019
56.87205
59.29382
55.61576
56.24711
55.94588
59.18088
56.86309
55.32903
55.58814
56.84507
58.98638
57.09888
54.12957
56.06911
58.96798
57.52726
55.52806
55.82296
54.62645
57.82848
59.4863
55.97173
55.9852
57.87379
58.44427
56.96973
55.17635
56.52485
58.66265
57.83263
55.7621
54.71618
55.79697
60.57215
58.16008
55.94345
57.11499
55.49518
56.14141
57.20815
57.77879
57.36493
54.68833
56.37946
58.91919
56.21867
56.06155
58.55055
58.8261
55.90683
57.9946
57.62249
56.80072
57.48723
58.54585
57.56001
56.18274
55.45161
58.14627
59.10465
56.40297
55.47372
56.06907
56.95147
55.47036
57.77702
58.47799
55.02407
57.59592
58.42371
56.72542
56.36018
57.8738
56.08034
56.78252
58.79951
57.27158
55.16383
56.53016
58.16715
57.44613
57.17975
57.99706
57.23743
56.37079
56.42559
58.10419
56.91545
57.93076
57.78445
57.46402
57.44697
55.56083
56.03043
60.27752
58.64661
55.94219
55.69297
57.14605
58.37
56.62882
55.63038
58.08504
58.34702
54.8393
55.9864
59.44479
58.29187
56.26917
55.93365
57.02456
56.81198
57.35221
57.86999
56.8896
57.58245
57.22021
58.20722
57.7995
57.63752
56.56545
56.31387
57.64459
57.26995
58.46461
58.26027
56.31771
56.53797
58.74836
59.15043
54.81776
57.30289
59.569
58.18528
56.44973
54.75036
57.02067
57.82653
59.35695
56.59974
56.22971
55.41599
58.39332
58.70628
57.11294
55.92307
54.9908
57.5494
60.75979
58.49526
55.02723
54.52187
57.24139
60.65903
58.20709
54.83456
55.63865
58.06956
59.7527
56.82935
56.40841
58.47775
57.9972
57.99475
57.64572
56.79091
60.02156
55.88711
55.76795
59.35296
56.62561
54.5289
57.26227
59.40299
57.10457
56.7047
56.3273
57.05784
56.10822
58.64798
58.10682
56.80951
57.2412
54.36983
57.51944
59.97972
56.30259
57.15958
57.82189
57.06953
55.93793
56.36939
59.71931
57.73192
54.47562
57.38469
59.47513
58.10734
56.55126
57.83749
58.70278
57.82943
57.94429
58.82759
56.73625
56.91029
60.61577
57.37232
55.30072
57.51061
58.77362
58.15506
57.47095
55.22026
57.10704
59.19417
58.67131
56.76781
57.09434
58.18839
56.72408
57.99012
60.1007
55.96528
56.14212
56.97237
56.9345
58.27781
58.65054
57.09929
56.47788
57.56675
56.22458
57.16354
59.61085
58.27929
55.21815
56.80153
55.93645
58.58245
58.57501
56.15107
56.75344
58.20881
58.61499
55.59002
56.64339
56.33295
58.86349
57.23936
56.70366
58.07777
57.72462
57.52584
58.87101
56.38286
57.39975
59.87963
57.80911
54.46381
57.39741
59.39021
57.77739
55.85701
54.45999
57.35939
58.9693
56.98691
56.63742
59.33061
56.42928
57.40403
58.45743
56.55028
57.49519
59.61099
57.7094
57.16279
57.81502
57.51031
57.6679
58.39833
55.63078
56.02013
59.30795
57.86427
56.00422
54.92622
57.92784
60.71394
56.91954
57.35752
57.88668
57.4524
57.87618
58.22827
56.03636
57.31122
56.3722
57.79428
58.44154
57.19572
56.47494
57.92464
58.27835
57.52662
55.94009
56.70338
57.35237
57.68624
58.03549
57.30698
56.99885
57.60128
57.50792
56.05126
57.92968
59.43278
56.22026
54.07428
57.868
59.25836
56.56448
56.30242
57.29991
57.54514
60.00526
52.771
53.23338
57.42837
56.50978
55.3373
56.21645
57.02245
57.65635
56.92864
56.85406
58.05972
57.17791
57.91369
56.3012
56.75782
60.33575
57.44487
52.91164
55.309
57.6288
59.38596
56.82839
56.34332
58.6396
57.33816
57.25578
57.38801
57.26436
57.97505
57.97401
57.34944
58.67271
58.97405
57.15105
57.03244
57.73158
60.10319
58.97637
57.616
56.52171
56.46196
58.42294
56.32376
58.01261
59.17143
57.85098
56.78873
57.4605
57.77463
58.60077
59.55415
57.8611
57.78542
57.63722
58.53604
56.56081
55.52816
57.69531
58.91084
57.04029
57.22805
57.54994
57.69559
57.26573
59.5978
58.85584
57.03915
57.44766
57.96833
59.04078
56.56991
59.08643
57.67062
57.93145
57.44873
58.10094
58.03101
55.69672
57.71729
59.70943
57.2907
56.69701
57.79452
57.64134
56.77018
58.284
59.34975
57.56781
58.14323
58.41083
58.17055
54.71022
58.06652
60.38307
57.38766
56.91293
54.67139
55.81207
59.75598
57.9184
56.59146
58.01566
55.48378
54.61812
58.09548
59.19731
57.02665
56.05311
56.22171
57.84259
58.07483
58.72849
55.95281
57.77044
59.79797
58.32752
56.36476
58.30636
58.26568
57.92632
56.91813
58.15658
58.76058
59.46434
57.12868
58.17536
57.69395
58.09232
57.91162
57.44574
59.59637
57.63222
56.98626
57.81475
56.1388
56.96949
60.04182
57.58213
56.02937
57.25546
59.11581
56.92627
57.18319
56.64626
58.77654
57.44516
56.59959
57.8408
58.37957
59.04087
58.17742
54.6184
57.33739
60.42073
57.31811
55.79638
56.42346
56.80901
59.0328
57.96243
56.42757
57.58935
58.28495
57.54266
56.97245
58.51437
56.10081
56.98805
58.63063
56.38773
56.3906
57.64589
56.77724
57.56079
59.09347
57.27213
55.76989
55.2504
57.35052
60.25261
56.77155
57.22356
58.0479
58.07058
56.52107
57.32571
58.56649
58.68481
57.88164
57.9112
57.44505
55.69903
58.07274
60.48565
55.83099
54.47314
56.85369
56.0065
57.54526
59.39212
57.21813
55.89149
57.22815
57.49834
58.0173
58.32878
57.55934
57.42743
58.30946
58.38032
58.54519
56.46638
56.87367
57.72144
59.02278
58.06499
57.83658
57.49905
56.72462
57.09528
56.68393
56.67152
57.84999
57.84068
56.33582
56.33501
56.91767
58.56469
57.62504
58.70281
59.06201
57.58318
57.97169
56.60864
58.45255
59.00052
59.20415
58.23965
54.63832
58.24157
59.88823
57.54372
54.41277
56.90396
59.888
57.05829
54.71178
55.75865
58.00407
59.28529
57.30886
56.17743
57.8441
56.45512
57.64157
59.07938
58.52882
56.60357
56.91774
58.81041
57.64573
57.87938
59.66397
57.81189
56.59767
58.78435
59.02964
57.77054
58.38381
58.73101
57.91597
59.54008
58.63827
57.05283
58.42941
58.75877
58.21176
57.52884
59.35383
55.98092
56.70788
59.33314
58.95597
54.29562
55.61087
58.4345
59.37418
56.18093
56.97786
57.54169
58.17561
57.71016
57.86464
59.5052
57.49726
58.09411
59.20098
57.2542
57.50316
58.86896
57.93532
58.42799
57.51641
57.81105
57.79676
55.99479
56.23636
58.14481
58.79065
56.68882
55.78245
58.66037
58.76498
56.90737
58.50699
58.49077
57.49894
55.479
57.89769
59.49699
56.77742
55.15763
55.21717
58.48264
59.56341
57.01689
54.56548
56.69377
59.41926
57.59168
54.06647
56.90519
60.06336
57.20638
56.43613
55.30656
57.12996
60.59576
56.48372
55.64193
56.23955
59.30657
58.36175
55.18598
56.17138
58.96777
57.78456
58.14925
56.24228
55.50864
57.60992
58.60408
56.39726
56.13917
57.3383
58.66755
57.90104
56.8822
57.06433
57.37043
57.49032
58.1257
59.26665
57.03864
55.12458
55.6245
59.97931
58.3585
57.04262
56.9494
57.09748
59.37847
57.28368
57.15539
57.43333
55.9425
55.83516
58.04043
59.2286
54.42293
55.63762
59.78097
58.43849
55.10607
56.62973
59.23469
56.07504
55.58218
57.13229
58.70522
58.70752
57.40414
56.52238
58.65011
59.1865
55.63348
57.26256
58.03632
58.07969
59.08404
56.91026
56.9421
55.3541
57.96112
59.56427
57.16812
56.07045
57.46233
57.70468
56.9238
57.6108
57.32974
59.13311
56.65056
56.81916
59.69115
57.69733
55.15953
55.72277
58.31528
59.62132
57.30412
56.54136
57.02922
57.878
58.52697
58.46513
56.30329
57.21649
59.36997
58.45493
56.68425
56.95208
58.56657
58.92892
55.04582
54.74201
57.63146
58.55432
58.10321
55.50426
57.11851
57.41304
56.75895
57.47226
57.7315
55.02093
57.02467
59.08134
58.89766
56.90464
57.7981
57.36401
54.46799
58.10233
60.61437
56.61996
54.01982
56.83773
60.23425
57.86954
53.89786
55.93682
59.40828
57.11483
55.31089
59.02048
58.13548
56.94727
55.20426
57.79618
59.9804
57.14564
55.95376
58.30204
58.4557
56.9859
57.79778
58.92474
58.26838
55.97469
56.00306
58.11122
59.80053
56.17982
56.18415
58.85051
59.19085
55.40018
57.86433
59.44538
57.62682
57.50289
56.97066
57.63602
57.98579
57.39405
57.34759
55.89796
57.73691
59.07114
57.5583
56.11575
55.44966
56.85775
56.82878
56.66265
58.07425
56.04847
56.02807
57.53059
59.24228
57.23359
57.23582
57.49112
56.76526
58.8161
59.45196
56.6915
56.81967
56.99245
55.2928
56.5623
57.69045
58.66048
56.77275
55.29374
57.24287
60.34782
58.47211
57.74191
57.29233
58.96773
58.41275
58.29338
58.2207
57.78805
58.91848
57.95778
58.94308
57.39964
57.49764
59.34361
58.52965
58.26463
56.66204
57.26292
58.04923
59.08689
56.77433
56.79461
54.77108
56.76978
59.45027
57.49218
55.79479
56.47873
53.98283
56.3537
58.41261
57.10701
55.32667
57.06773
57.57586
58.46703
59.18215
58.34777
56.42061
57.5854
60.169
57.85163
57.18341
57.8634
57.31546
56.39656
58.33036
59.66679
55.35855
54.44918
57.84172
59.3154
56.5802
54.87898
56.5412
60.92835
58.02344
56.02365
57.45578
60.54128
57.52453
58.04018
