101.992
102.1103
103.2451
105.2109
104.8606
101.276
100.1781
100.9107
102.6935
104.0342
104.6576
104.8495
104.6696
104.466
104.1845
104.4665
102.4857
102.0591
104.0792
103.8542
104.5068
102.1638
102.2259
104.6579
105.3979
104.1873
104.9243
103.0847
102.4042
102.5533
105.0827
106.5942
105.847
104.0462
104.1214
105.107
105.6441
104.0719
100.999
102.1069
104.7402
106.2137
106.0848
105.0962
104.1384
104.6151
105.4262
105.3853
105.4993
103.3739
102.6002
102.452
100.1598
101.9084
104.0065
103.7459
102.5646
103.4912
105.2753
105.2371
105.1495
102.213
100.9579
103.9445
106.3101
104.4434
104.7489
105.0679
104.0039
103.9891
101.4991
101.401
103.972
106.4587
106.9576
103.7308
103.7992
104.894
103.0738
101.4928
102.5905
104.339
102.0374
100.9579
101.8033
101.111
101.5925
103.8605
105.994
105.0597
102.1292
102.2518
104.9155
107.9028
106.842
104.3664
102.8746
102.4208
104.2522
106.9822
106.9003
102.3914
102.4711
104.1571
105.0373
102.7837
101.7778
104.5717
103.9834
101.9771
101.5544
103.4913
104.9233
104.4797
103.9361
102.9981
102.1572
102.0736
103.1092
104.6346
105.4406
106.6675
105.4159
104.8986
105.2145
105.4515
102.2667
102.9251
105.8996
107.4016
106.3538
104.5156
103.7312
103.9069
103.0471
104.7759
104.6803
102.0239
101.0833
102.5231
105.3992
103.8243
101.6849
102.9092
101.936
101.2157
102.8429
105.1526
103.6474
102.5954
102.782
102.0436
102.5595
104.2976
104.9651
103.4459
103.1186
104.7015
105.063
103.9642
103.1201
105.0533
105.7154
105.1383
102.4263
102.4741
105.4706
104.9182
105.1499
101.1085
101.198
103.7363
106.913
105.0918
102.6663
102.5129
103.7368
105.2439
100.9197
101.5923
102.4707
104.5014
105.1681
104.0986
102.2159
102.269
105.386
106.5853
104.6319
101.5398
101.2484
104.4266
106.6811
105.248
103.4787
102.0285
102.9006
103.2268
104.817
105.8141
104.7721
103.8715
102.8305
102.5702
104.5968
105.3164
102.7047
100.7096
103.4089
105.0459
103.7976
101.7234
103.4049
106.6445
103.7528
103.4787
105.8437
105.5778
103.1307
102.7127
106.3497
107.5213
107.0987
102.9957
102.9359
103.8852
105.8436
106.1103
103.1713
104.4854
106.4182
105.707
102.9167
102.8572
105.0852
104.2993
101.8758
102.9665
106.5964
106.1761
104.6592
103.8849
105.0334
105.4377
104.0869
103.5946
104.295
105.2226
104.9315
105.5352
104.1447
104.2635
105.2669
105.425
102.9046
104.0214
106.7692
106.2643
104.4147
103.9838
105.6891
104.9174
103.6659
102.5756
104.1608
106.4898
104.944
103.0479
104.2668
104.4489
100.6523
101.2782
103.7418
106.2498
104.662
103.3831
104.3231
105.5446
105.3532
102.809
102.3051
103.1868
106.0683
104.5305
103.3676
102.9125
104.1388
105.6194
103.8093
101.9459
101.759
103.1604
106.2366
106.3059
104.8135
103.1267
102.7121
103.9972
103.6375
104.142
105.5317
104.0313
104.0845
105.4072
105.7937
106.3902
103.3742
103.4782
103.7209
105.4272
106.066
103.983
102.4705
103.1411
104.2403
105.9552
103.509
103.4981
105.965
106.7534
106.0086
105.8699
105.0671
106.1845
104.1579
101.9775
102.4202
102.3147
103.7027
104.8072
104.8796
106.3014
105.248
105.0476
104.4285
104.8125
104.893
103.7907
103.0173
103.5872
101.9406
103.1038
103.1348
105.1342
103.1126
102.1908
103.4706
107.1455
106.9497
107.2723
105.2018
103.168
103.4692
105.492
105.9829
104.9206
104.9863
106.5792
103.6872
104.4746
105.77
107.0476
105.2316
103.1244
100.2991
103.3727
104.3697
103.4918
101.5437
104.9138
106.4804
105.5049
103.5732
104.0228
104.7799
106.2018
105.0082
101.9635
103.7766
105.2481
105.9168
105.9297
103.3763
103.1812
104.212
102.388
101.8614
103.5904
106.1101
103.5966
102.4335
103.1577
103.1817
102.8996
104.1128
105.4171
105.4769
104.9414
101.7071
103.0512
102.8371
104.8014
104.1261
102.8058
102.2446
102.2976
104.0379
105.7648
101.3043
94.31641
96.31139
100.843
104.3835
102.5669
103.075
102.1592
102.1074
104.29
105.9212
104.988
101.9728
101.0412
102.7013
103.1449
105.1055
104.1646
102.3381
103.4165
105.0353
105.1584
106.3194
105.9093
106.0268
104.2749
102.573
102.2819
103.0135
101.692
103.0984
105.5545
104.7027
103.0159
103.2938
104.3457
105.6227
102.9626
103.9826
105.2902
106.0655
106.5765
103.7562
104.066
104.9385
106.2835
105.7733
103.0702
104.0454
104.5044
106.7839
104.6195
103.9854
104.4795
106.5457
106.9399
105.0946
103.2314
103.9078
106.1706
106.7389
107.0727
103.8554
104.061
105.2006
106.2733
106.2182
105.4742
105.9444
104.9938
105.2063
103.8837
104.8987
105.2625
104.1052
104.8395
104.7474
106.4566
105.2208
102.4097
103.591
104.1552
104.8539
104.9531
104.7811
103.4043
104.5755
104.7761
105.6375
103.995
102.5991
102.07
104.0384
106.3924
104.3651
101.6673
102.7488
104.8166
105.7957
105.7206
103.9733
103.7196
105.736
105.716
105.5287
104.6462
103.6794
103.6373
105.5999
106.1028
104.6829
102.9191
103.4691
103.6649
103.6443
102.7989
103.8999
105.0244
107.1099
104.2542
102.3639
100.7584
103.0919
106.2422
103.2462
102.591
103.6082
107.3137
105.4784
104.253
105.0599
105.3828
102.2534
102.5314
104.8058
107.457
106.3472
103.871
105.9405
105.6678
106.4262
105.1224
104.3582
102.4041
104.1057
106.7841
106.9183
105.1063
103.853
104.0113
105.0476
104.1029
104.7205
105.0789
105.4537
105.4514
105.0138
102.1423
102.4501
103.7259
106.15
106.5505
102.7868
103.2169
104.0857
104.6029
105.6186
105.6839
104.29
104.806
106.0727
105.598
104.8902
104.7159
104.9072
105.3129
104.7386
103.382
103.0403
103.8291
106.3331
105.9197
104.4092
105.3923
104.6429
105.7859
104.5631
103.2422
105.0045
104.377
102.8129
103.9751
105.0168
104.0021
100.5225
98.22678
99.25333
101.4366
103.6984
105.7899
104.6486
102.4034
102.2456
103.988
104.891
105.1041
103.89
105.8916
105.0572
105.3205
102.4581
101.9584
104.3931
106.9213
104.4556
102.9915
104.3072
106.5464
104.8074
101.1256
102.3364
104.5127
106.583
103.2144
100.6494
103.2809
105.4581
104.0875
104.3721
104.7086
105.3064
105.6723
103.2565
103.1749
103.8301
104.1205
105.3816
105.4881
106.7012
105.1237
103.8718
103.284
103.4273
104.2673
105.5141
104.8144
103.6309
102.7877
104.3258
105.5065
106.0551
106.9931
104.557
104.4093
103.7754
104.026
105.4858
106.8651
105.1902
102.1811
102.7067
104.2719
106.6762
103.9473
102.8903
104.4801
106.6761
107.6446
104.0186
102.8373
105.135
106.865
108.0373
105.5218
103.7012
103.6477
103.8468
105.1614
105.7348
105.1969
107.2641
106.9381
106.2039
107.2973
105.2839
104.7616
103.5292
104.3513
105.2889
107.5902
105.8001
103.7466
103.296
104.2575
105.5009
105.2995
105.7601
105.1613
103.7834
103.0997
104.1088
106.8009
105.945
102.5436
102.3623
103.8859
105.0701
104.5383
104.8842
106.2796
104.3345
104.668
103.8338
103.3246
105.4135
108.7647
107.4794
103.8414
104.5335
106.5682
108.6244
107.3381
105.603
104.6251
106.219
106.4416
105.0044
103.8209
105.2875
103.7275
101.1875
103.8266
105.5247
107.6571
105.4695
103.1361
104.8989
105.1722
102.4556
101.9782
102.1262
103.8099
103.6936
99.87015
100.3244
102.6897
105.197
103.4579
103.0487
104.8755
105.3332
103.0463
103.2681
104.9132
104.2855
103.631
102.545
102.3054
101.2323
101.6146
104.1611
105.2881
103.6304
102.2133
102.7952
104.3142
103.3757
103.1742
104.1958
105.3677
102.7454
101.8725
103.1625
106.2392
102.5429
100.8091
103.4668
105.0257
105.71
103.967
104.1305
103.1782
102.5218
100.9978
101.3499
100.8631
102.6739
105.7612
105.923
104.8521
101.0443
100.8492
103.5195
106.1212
102.9599
102.4496
103.6939
106.2093
104.7129
101.4622
103.3564
106.1323
104.1568
104.4495
105.5607
104.3643
103.7199
102.9112
103.816
104.4546
103.8443
102.3646
102.8161
104.0688
104.4894
104.3829
104.6011
101.6431
101.3094
103.3504
104.0623
104.9433
104.8119
103.4612
102.4944
103.6971
103.1665
103.4092
104.4471
106.2291
105.4436
104.5669
103.8236
104.5315
105.3905
102.5729
100.4264
101.1077
103.7629
106.4619
105.7395
105.697
104.1978
103.5471
103.812
100.8093
101.2758
103.3662
104.6536
104.4596
104.2947
103.8469
105.2819
104.9522
103.0721
103.9
103.9461
103.745
102.2631
102.3178
103.9275
104.5524
102.4635
102.3763
104.1408
105.3713
102.772
103.2888
105.6894
103.9883
102.8908
103.6051
104.9095
105.2934
104.8272
105.0458
104.4992
102.6231
101.2478
103.47
104.3594
105.4516
103.8329
102.9287
104.441
105.2007
102.4705
102.9361
103.7185
106.2828
104.3164
104.0046
105.7063
105.3394
103.8631
104.6366
105.3177
105.4929
104.8307
102.6973
104.9112
106.3137
106.2286
103.8898
99.0068
101.1878
103.8171
103.4622
104.1238
104.4964
104.9898
102.272
101.7239
102.7434
103.238
104.6212
104.6971
104.9303
103.6642
104.6304
105.0727
103.9443
102.841
105.4048
106.7306
103.7147
103.3193
104.1603
104.7395
107.1582
106.5099
104.9644
102.5976
103.1939
104.375
104.6386
104.0459
104.8649
105.0806
101.1088
103.69
105.806
107.1662
107.1488
104.3706
103.8371
104.3462
104.2866
105.9252
105.4325
105.0649
103.4522
100.1019
101.5387
104.3314
107.0663
103.6938
98.85966
97.10043
101.0343
101.9412
103.7079
103.4496
103.3749
103.5928
105.4097
105.2732
104.07
102.3683
103.5399
104.4185
104.3595
105.6328
106.8311
102.318
102.4583
103.58
104.0138
102.3219
102.8709
104.147
101.0916
101.5704
103.1748
106.2646
105.8727
102.7575
102.9943
104.6209
104.7778
105.0502
105.326
