24.65791
24.58888
24.7838
24.61192
24.8072
24.54941
24.56388
24.55918
24.59627
24.62032
24.44085
24.57406
24.69181
24.47938
24.82789
24.73547
24.73965
24.30811
24.0904
24.87253
24.73246
23.98249
25.11058
24.97556
24.57526
24.42616
24.21621
24.52349
24.3945
24.10207
25.40298
24.7143
24.26091
24.82905
25.21802
24.73345
24.16702
24.80452
24.71438
24.23474
24.71605
24.55259
24.3752
24.90338
24.6069
23.98948
24.39006
24.34469
24.69284
24.79712
24.86393
24.05232
24.23921
24.48978
24.68423
24.48682
24.98922
23.90275
24.68237
24.4021
25.05954
25.56336
24.538
24.56949
24.8027
25.01403
24.24718
24.63313
24.71902
24.40995
24.66126
25.28768
24.90678
24.32749
24.34418
24.73038
24.6825
24.68808
24.52526
24.85435
24.64247
24.81002
24.44954
24.83623
25.09934
24.63717
24.80906
24.57768
24.84781
25.18123
23.94373
24.68234
25.0811
24.68697
24.84248
24.55547
24.80525
25.19951
24.78907
24.43167
24.7575
24.49965
24.67989
24.70754
25.08277
24.57793
24.5814
25.00033
24.42212
25.46029
24.97873
24.39772
24.71226
24.29226
24.8934
24.85669
24.71564
24.48927
24.94706
24.73747
23.99745
25.05106
24.46552
24.85982
25.46789
24.7404
24.07872
24.40208
25.45136
24.64488
25.24345
24.43704
24.75564
24.87161
24.8809
24.37289
25.16725
24.77681
24.68801
24.0329
24.91526
24.39202
25.23458
24.52372
24.62331
25.13395
25.01577
24.37102
24.86834
24.75922
24.36195
24.49803
24.87749
24.75293
24.78968
24.77243
24.91295
24.52535
24.74842
24.4348
25.0044
24.24411
24.6127
25.39233
24.94168
24.64202
24.52172
25.17649
24.85617
24.59951
24.52153
24.83023
24.49236
24.93486
24.82365
24.70475
24.91625
24.60252
24.82654
24.58288
24.59678
24.75865
24.69924
25.50063
25.09532
24.3632
25.35289
24.97307
24.69647
24.63312
25.11142
24.56667
25.03695
24.51039
24.99502
24.59248
24.72952
25.18271
24.37782
24.954
24.72025
24.4768
25.07418
24.94099
24.60069
25.28478
24.67028
24.71695
24.66458
25.02426
24.95867
24.71177
24.61354
24.99741
25.05234
24.77535
24.67
25.16311
24.86308
24.8586
25.06604
25.08598
24.45367
25.14728
24.22946
24.94315
25.56591
24.46802
24.71594
24.88856
24.95285
24.37198
24.79252
25.44717
25.15333
24.59158
24.7944
24.96978
24.94818
24.75675
24.98323
25.37717
24.83279
24.343
25.28819
25.34814
25.26132
24.98505
24.36414
25.14296
24.66697
24.82215
24.94715
24.81998
25.00376
24.736
24.79902
24.82422
24.48485
24.76245
24.6548
25.32404
25.12981
24.92391
24.44431
24.2613
25.2397
24.74274
25.22394
25.36046
24.98985
24.61865
24.61923
25.25892
24.81361
24.89625
24.22923
25.45159
24.95836
24.61325
24.52483
25.17945
25.60084
24.93326
24.93702
24.49895
24.46522
25.05085
25.38851
24.52772
25.31035
25.38306
25.33098
24.56374
24.3832
24.83066
25.02459
24.72881
24.97669
25.28015
24.89129
24.43714
24.86981
24.58439
24.26732
25.41646
25.14843
24.93828
24.65945
24.25611
25.26272
25.00846
25.04535
25.14981
25.13966
25.14775
24.39781
24.8167
24.59011
24.89569
25.22966
25.6517
24.9642
24.74305
24.25317
24.6564
25.38956
24.69527
24.61543
25.03727
25.2115
25.87833
24.68182
24.97981
24.82943
24.67366
25.06834
24.69934
25.70267
25.12152
24.31726
24.56321
25.15058
24.33622
24.92742
24.7965
25.66173
25.22381
24.46628
24.42418
24.79974
24.65238
25.22833
25.3926
24.16074
25.36909
25.55249
24.48138
24.5912
24.80964
24.67927
24.9517
24.97077
24.44592
24.77077
24.8693
24.60209
25.13391
25.47372
24.97286
24.43138
25.06667
25.46126
24.84353
24.55108
24.94475
25.06174
24.84633
24.7598
24.49923
24.2316
25.2793
24.56661
24.68023
25.90627
25.24717
24.1865
24.45432
24.90519
24.7099
24.95879
25.58576
25.0949
24.57001
24.69187
24.75469
25.29276
24.6438
24.55744
24.76278
25.59236
25.70879
24.87107
24.61926
24.71178
24.99798
24.87807
25.39218
23.76979
23.34112
24.34754
25.00807
24.54528
24.89915
24.9038
24.8334
25.0289
24.35806
24.6302
24.84356
25.20182
24.86223
24.69051
25.28303
24.97191
23.74137
25.05516
25.07515
24.97442
24.24645
24.83742
24.65162
24.99286
25.44665
24.12429
24.43666
24.6304
25.0873
24.83406
24.36657
25.52239
25.06997
24.67035
25.23387
25.28508
24.27721
24.46799
24.79053
25.41919
24.93923
24.87716
24.58954
24.9129
25.12472
24.89383
25.0052
24.01658
25.13391
25.17754
25.43312
24.86428
24.77183
24.94737
25.10905
24.92661
24.85503
24.29568
25.54227
24.75226
25.24589
25.1057
24.39997
25.0049
24.41961
25.38492
25.10442
24.97915
25.1659
24.40743
25.10054
25.01085
24.57471
24.68126
25.20762
25.02471
25.22799
24.75668
24.62009
24.93523
24.75281
24.8738
25.06345
25.12217
24.97931
24.52942
25.34864
24.68803
24.5516
24.84092
24.9633
24.95134
24.81493
25.28531
24.98026
25.06905
25.12693
24.50266
24.85055
24.93126
24.82465
25.22525
25.47869
24.85274
24.35922
25.12405
24.32838
24.93532
25.82321
25.21958
24.99835
24.73689
24.84888
25.37367
24.85607
24.60554
25.39216
25.80987
24.73999
24.74889
24.69201
24.61102
25.17747
24.73889
24.94766
25.15659
24.86516
24.73079
25.05655
25.20445
24.99488
24.7561
24.89186
25.17933
25.01528
25.35168
24.38791
24.71975
25.10362
24.67513
25.19185
24.381
24.86322
24.78379
25.3425
25.03469
24.8197
24.83761
25.00726
24.8683
24.90072
25.3307
24.34293
25.04725
24.81333
24.72941
25.53694
24.58073
24.62031
25.12822
24.90013
25.0454
24.79037
25.02563
25.32618
24.58727
24.26818
24.89672
24.89471
25.00838
25.25331
24.52483
25.15104
25.69283
24.81094
25.11646
24.61989
25.22752
24.86716
24.55367
25.24026
25.08895
24.78597
25.28478
25.20701
24.51422
24.76228
24.9632
24.98391
24.84442
25.20027
24.99791
24.42935
24.08083
24.62438
24.53232
25.03106
25.16173
25.28331
25.14624
24.90576
25.02722
24.68381
24.99582
24.13816
25.58097
25.40705
24.87109
24.78419
24.84789
24.8829
25.44108
25.40252
25.24904
24.66494
25.29247
24.79585
25.09742
25.15234
24.6379
24.77973
25.07397
24.87652
24.90603
24.55047
25.02114
24.59282
25.10954
25.7716
25.39211
23.95941
24.685
25.46135
24.78995
25.23855
25.87921
24.71411
24.59541
25.16694
25.09968
24.89189
24.9173
25.36376
24.97619
24.97849
25.04298
25.40854
24.50554
24.96346
24.73729
24.94285
24.73109
24.99728
24.61431
25.89552
25.56893
25.29427
24.58201
25.15367
25.16458
25.33088
24.44074
25.00399
25.39785
25.0726
24.89563
24.83339
25.25923
24.58821
25.05558
25.05926
24.20194
25.18325
24.85485
25.44926
25.83072
24.91162
24.68554
25.13409
25.04703
25.86082
25.12302
25.02852
24.60313
24.63232
25.53697
24.7865
25.00185
25.20197
25.64899
24.78549
24.64876
24.7559
25.08673
25.42079
24.50911
24.898
25.06811
24.93681
25.03374
25.04966
25.01534
25.30533
24.51595
24.74763
25.03831
25.22789
26.09912
24.95425
24.5296
25.02628
25.71771
24.39962
25.43204
25.24719
24.56934
24.74808
24.76513
24.84534
25.0404
24.8449
25.08563
24.21409
24.83107
24.87265
24.93623
25.34961
24.92067
24.67856
24.85477
24.90627
25.45748
23.99717
25.50138
25.52398
24.80472
24.23321
24.61775
25.47904
25.14923
25.30051
24.12692
24.86357
24.52161
24.94578
25.05384
24.89093
24.50998
24.90676
25.54984
24.20577
24.2668
24.99756
24.83261
24.95321
25.26941
25.01267
24.58216
25.24985
24.44836
24.5224
25.03844
25.35318
24.12576
25.12456
24.63461
25.14587
24.80676
24.66357
24.97573
25.15192
25.00689
24.17693
24.8336
24.93469
24.74164
25.26824
24.76359
24.57775
24.64817
24.33324
24.76023
24.01752
25.19712
25.51659
24.68825
24.80679
25.0644
24.76937
24.69106
24.93902
24.48554
25.34942
24.89712
24.74435
24.8687
24.40818
24.76539
25.15672
24.93032
25.35384
25.4527
25.07574
25.02251
24.17939
24.73227
24.80517
25.29605
25.32078
24.98351
25.02153
24.93909
25.13201
24.99147
24.20629
24.93615
25.09127
24.52935
25.47937
25.16353
24.28937
24.83105
25.16338
24.49534
24.91936
25.25586
24.37229
25.08978
25.56992
24.62162
24.94742
24.75625
24.72585
25.1911
25.13738
24.1184
24.43426
25.5469
24.75464
24.96405
24.06013
25.10218
24.36038
25.33273
25.94056
25.07663
24.11883
24.82928
25.1482
25.09518
25.67483
25.02737
25.24812
24.93263
25.418
24.04998
25.01894
25.55783
24.55405
24.8977
24.58951
24.56658
24.90344
24.7959
25.76497
24.69964
24.45965
25.07604
25.61239
25.63168
24.47602
24.80244
24.40448
24.41318
25.84076
24.99288
24.83373
24.84122
24.31685
24.81351
25.37164
24.54743
25.29656
25.65054
24.58756
24.76584
25.00241
24.77221
24.85158
25.29003
25.19047
24.34377
24.97621
25.11725
25.0156
24.86308
24.89795
24.20473
24.85954
24.73717
25.14022
25.71505
24.41269
24.25733
24.67715
24.53495
24.91039
24.87733
25.22287
24.61073
24.96243
24.89187
24.45311
24.96415
24.67329
24.58622
24.67608
24.77092
24.83322
25.14243
25.16453
25.33492
25.31751
24.81147
24.88737
24.81265
25.10024
24.71454
25.32681
24.9081
24.74068
24.84138
24.74549
24.82677
25.23922
24.48078
25.09468
24.9623
25.18009
25.03685
25.09194
25.02125
24.67072
24.82288
24.91343
25.04575
24.89783
24.99308
25.0896
24.96733
24.59249
24.74083
25.17062
25.25398
24.76021
24.71568
24.334
24.35526
24.70411
24.75638
25.17565
25.71218
24.63575
24.80728
24.61798
25.16074
25.56795
24.8165
25.41138
24.90744
24.85702
24.93994
25.33274
25.04847
24.77037
25.26305
24.98415
24.82269
24.1857
24.83661
24.49377
25.4737
25.58975
24.86753
24.84502
24.89859
24.68629
25.10275
24.38398
25.34809
25.79116
