-1.635075
-2.742311
-0.06203082
2.478298
-2.279456
-2.015084
2.044924
1.384835
-5.753626
-0.008797549
2.414509
-0.1205339
-1.239794
-1.081518
1.081276
2.181585
-2.781935
-0.7654061
2.955749
1.132555
-0.7282081
-3.165418
0.5977629
3.14261
0.8024539
-2.937753
-0.2919109
3.902435
1.11103
-0.3606867
-1.254015
-0.6007156
1.450207
2.201172
-0.09782243
0.3448187
-1.392101
-0.2354806
0.8228385
1.450972
-0.4624657
-0.3897088
1.581992
2.014444
-0.4179046
0.01378235
1.099669
0.9561611
-0.1693324
1.084808
0.9574049
-0.8596864
-0.03299048
0.3569793
2.042944
-0.02447271
-0.401922
1.129354
0.1910692
-1.405595
0.3271306
0.09481848
-1.157254
0.9320775
0.387558
-0.2703897
1.650821
1.194555
0.1182707
-1.580966
2.467199
1.799608
-2.649396
-1.140439
1.392428
1.526126
-0.3256005
-1.500636
-1.168094
2.305163
0.709413
-1.930266
-0.03676798
3.767427
-1.374607
0.4274566
-1.365908
3.71919
0.5550005
-2.278546
-1.165407
0.1309818
1.878826
0.1615703
-3.239489
-0.9974474
1.917656
1.179408
-2.820895
-0.5300338
-2.118308
0.4779959
3.010438
-0.955421
-1.726887
0.977695
2.008105
0.1498589
-2.108383
0.09206457
1.275626
0.9994107
-1.392524
-2.529772
-2.13362
4.129951
1.506193
-1.69463
0.09213108
-0.8974795
-0.9398625
0.4301026
0.4700924
0.5220795
-3.525546
-1.39304
2.439589
-0.4197628
-1.590079
1.647977
2.601138
-2.048725
1.039428
0.9493626
-0.1048721
0.5702709
2.372838
0.6966943
-1.213954
-1.754015
0.8518366
2.979948
-0.9251697
-2.707929
-0.2211939
0.4556497
-1.389273
-0.1544319
1.848083
-3.031596
0.2806069
2.453231
-0.3818483
-0.6617637
1.423136
-0.6512902
-0.6874684
1.905713
1.139012
-2.148068
-0.8236919
1.649141
0.6612131
-0.1713592
0.813834
0.4103935
-0.7842171
-0.8952382
0.6064053
-0.3877006
1.090149
0.8461996
0.2425486
0.6758068
-1.009809
-1.415101
2.841473
2.633899
-1.370446
-2.30355
0.2851817
1.911269
-0.2758219
-1.834724
0.1824532
1.852515
-2.095547
-1.672042
1.890239
1.598148
-1.432097
-1.220305
0.5798777
0.2740562
-0.4830215
0.8566417
-0.3761179
0.9127211
-0.2230156
1.268869
1.052318
0.5825567
-0.2603263
-1.049665
0.4664338
-0.3403627
0.7956247
1.328661
-1.011863
-1.388262
1.295265
3.289401
-3.418211
-0.4517707
2.547724
1.433764
-0.9837691
-2.840208
-0.3574959
0.0465469
2.238702
-0.5433028
-0.942515
-2.307233
0.7471998
2.395071
-0.1449413
-2.450688
-2.574038
-0.4406207
3.677961
1.601929
-2.523495
-3.216227
-0.9039965
3.336859
0.9407399
-2.966194
-2.03833
0.4146322
2.824612
-0.893648
-1.620787
1.199212
0.819933
1.087756
0.3896661
-1.11507
3.289872
-0.4462284
-2.992059
2.562526
0.25307
-3.876975
-1.539485
2.513837
-0.05471135
-0.8768504
-1.114035
-0.1984391
-1.042097
1.905462
1.46603
-0.7729777
-0.03505348
-2.639231
-0.3994448
3.447213
-1.221285
-0.5042179
1.089429
0.5639125
-1.505703
-1.599216
2.115664
0.8133669
-4.034607
-0.7236942
2.261622
1.451787
-1.324481
0.305229
1.683689
1.012902
0.4134746
1.9155
-0.06301011
-1.269607
3.829131
0.335378
-3.084018
0.03779274
1.654601
1.052761
0.3958678
-2.130497
-0.7754676
1.596805
1.672938
-0.5350132
-1.039989
1.035545
-0.3116527
0.5307729
3.287575
-1.236652
-1.832685
-0.3075734
0.08599994
1.065534
1.692994
-0.5361986
-1.082405
0.7453275
-0.767152
-0.8861642
2.000813
1.150283
-2.597109
-1.268243
-1.107727
0.8389074
1.336833
-1.608986
-0.5106071
1.264003
2.298487
-1.65498
-0.3407313
-1.051206
2.023314
0.5774283
-1.246117
0.9009193
0.6576816
0.1346713
2.229393
-1.464325
-0.1921802
2.109268
1.151121
-3.407785
-0.993937
2.956784
0.2100066
-1.928724
-3.242039
0.0002920083
1.870129
-0.283372
-1.672184
3.13363
-1.168165
-0.8208501
1.193917
-0.1252528
-0.4953924
2.232858
0.2346408
-0.7113602
0.5824429
0.3485281
0.54581
1.456443
-0.9738564
-1.765119
2.088968
1.107048
-1.825704
-2.641566
0.3136934
3.583576
-1.049392
-0.7834203
0.7048174
0.3478935
0.4422807
1.661877
-1.733245
-0.0927107
-1.090385
0.389882
1.489503
0.04498469
-2.080176
0.3997905
1.148413
0.6807388
-1.691423
-0.3151366
-0.3781334
0.3670966
0.7899764
-0.1668776
-0.40276
-0.1761984
0.9374143
-1.742651
0.2583613
2.265061
-1.158641
-4.012956
-0.2166336
2.435536
-1.681838
-1.963233
0.0668935
-0.5935409
6.13006
-1.397211
-4.228676
0.9136068
-0.6465128
-1.745055
-1.472139
-0.3354243
0.2387633
-0.282142
0.07097366
0.7749959
-0.3796742
0.4463056
-0.3700246
-1.600718
3.450749
2.084343
-4.64527
-2.139269
-0.5294715
2.766004
-0.3099028
-1.462872
0.9514704
0.7185448
0.5749882
1.409626
0.08807825
1.18414
1.23276
-0.3685157
1.520445
2.154437
-0.4588584
0.02966163
-0.1543719
3.122127
1.751055
-0.1503293
-1.147639
-0.7769422
0.6086559
-2.225228
-0.08384342
1.664072
0.6186014
-1.055236
-0.4550899
0.4311228
0.9569005
2.723708
0.09116644
-0.1965281
0.3236754
1.54367
-1.049874
-2.41793
-1.027897
1.891039
-0.7437507
-0.737892
0.3010079
0.09630845
-0.6474012
2.243917
1.785228
-0.2552903
-0.2058303
0.3684808
2.920399
-1.518836
2.64895
0.06603432
0.5516374
0.2493786
0.7351843
0.6386009
-2.225389
-1.000361
1.779693
-0.1793081
-1.43772
0.8773569
1.182843
-0.5584044
0.5398697
2.339522
-0.5987754
0.4955366
0.9873559
0.6819413
-3.179087
-0.3009653
3.544754
-0.136929
-1.067428
-2.775722
-2.543791
1.873973
0.5737703
-1.615222
0.8100582
-2.590106
-3.154933
0.2794905
1.683678
-0.7296217
-2.46878
-1.779431
0.001880843
0.6577895
1.544024
-2.030427
-0.7324675
2.831146
1.171014
-1.955102
0.4907473
1.212539
0.5615964
-0.5830302
1.114386
1.336473
2.711214
-0.4921912
0.4581602
0.3699663
1.011711
0.4343124
-0.5955036
2.244247
0.04026813
-1.31835
0.6033472
-1.33249
-1.251768
2.852769
0.1978434
-2.344452
-0.7707044
1.71283
-0.9694219
0.01290359
-0.9168114
1.100175
0.04595663
-1.665288
0.8398901
0.4629677
2.110735
0.5221234
-3.186264
-0.8390886
3.4079
-0.6718439
-2.539391
-0.4041498
-0.6938254
1.80486
0.4822678
-1.421198
-0.4911592
0.9607491
0.3048984
-0.607946
1.738009
-1.410073
-1.593477
1.433154
-0.9099991
-1.756752
-0.370662
-0.7951797
-0.2696616
1.623935
-0.440991
-2.188536
-2.125028
-0.4550908
2.795571
-1.191438
-0.6496295
0.3499417
0.5793082
-1.078783
-0.4232342
0.7069011
0.6399161
0.1517952
-0.2123373
0.1462654
-1.633069
-0.6791419
4.99979
0.2891541
-3.650803
-0.8473583
-0.8266065
-0.3022446
2.862156
-0.03534629
-1.912465
-0.1647756
0.5510768
0.1958784
1.033057
-0.1562032
-0.5823662
1.590089
0.4958895
1.179951
-1.29357
-0.4576282
0.06513107
1.067317
0.8907015
0.3875252
0.478175
-0.4884637
0.3803726
-1.217133
-0.9084614
0.2812049
0.5395873
-1.610765
-1.427088
-0.8230744
1.096236
-0.3612654
1.312232
1.958691
-0.02340533
0.8215173
-0.7631393
1.276555
1.770224
1.340403
1.157916
-3.446773
-0.04172327
0.02325069
-0.4855654
-4.216841
-1.595376
2.666303
-0.2130396
-3.98584
-1.985267
-1.108436
1.347278
0.2691018
-2.498087
0.01864064
-1.150032
-0.5295991
1.021009
1.111685
-1.813306
-0.7021497
1.009856
-0.3949744
-0.6598791
2.554179
0.3498086
-1.347019
0.6603871
1.898072
-0.1819869
0.8399719
1.424325
-0.05529096
1.640211
1.505
-1.286714
0.4994911
1.790286
0.3912512
0.03315065
2.169719
-1.982733
-1.620642
0.7559412
1.388909
-3.359031
-2.284886
0.3349782
1.760976
-2.255659
-1.582573
0.09336694
0.6248314
-0.04438803
0.4632039
2.012332
-0.1512085
-0.4255796
2.493755
-0.3314464
-0.898428
1.502433
-0.1440593
0.6014956
-0.520813
0.3254779
0.4682856
-1.802114
-1.625393
-0.5885574
0.9916705
-1.094967
-2.390874
0.8629742
1.518651
-1.429812
0.8668606
1.29447
-0.3043059
-2.354858
0.7253863
1.855062
-0.892097
-3.094373
-2.97177
0.5470666
2.381192
-0.005942222
-3.066514
-1.316874
2.417062
0.5179403
-3.694305
-1.801129
3.490217
-0.4246157
-1.429379
-2.11495
-1.173839
3.816375
-1.700869
-2.417587
-1.729299
2.79927
2.855125
-1.023318
-2.246528
1.837956
0.4448
1.282438
-1.287
-1.780018
0.3357572
1.644817
-0.7104693
-1.112621
-0.457005
1.354142
0.8921894
-0.8048956
0.02860422
-0.4831012
0.2780713
0.5385559
2.243909
-0.2514118
-1.940649
-2.685791
2.597239
0.8222116
-0.7824929
-0.1422669
-0.3697612
2.165857
-0.06422552
-0.4467715
0.2452947
-1.220128
-2.242041
0.2656387
2.114285
-3.600858
-1.870229
2.263403
2.401509
-1.993247
-0.7211719
2.762075
-1.191913
-2.157016
-0.8692864
1.042992
1.547973
0.1906033
-1.794158
1.447698
2.12586
-1.547987
-0.1919543
1.299881
0.2453536
2.039038
-1.009829
-0.3058968
-2.019259
-0.416297
2.461493
-0.383007
-2.214406
-0.5038141
0.4799463
-0.9202999
0.1000779
-0.1310727
2.020342
-1.078971
-1.134807
2.549515
0.4464209
-2.446108
-2.715679
0.8440589
1.529677
-0.4734449
-0.9691719
-0.7583499
0.7657869
1.145855
1.115205
-1.516393
-0.7055471
2.394231
1.708732
-0.9350778
-0.5294924
1.075081
2.943712
-2.239155
-3.915161
0.02342318
0.59093
1.091842
-2.831993
-0.5560305
0.4532634
-0.4347337
-0.4757406
0.5964584
-2.361375
-0.9153612
1.296091
1.817006
-1.01699
0.2173629
0.8186219
-3.256265
0.4024662
3.920902
-1.329257
-3.820378
-1.364013
3.654761
1.134227
-3.556412
-2.193276
2.541768
0.173654
-3.564619
2.296833
1.423115
-0.4957738
-2.852876
0.2114437
2.784242
-0.05771592
-2.374635
0.8802083
0.8561065
-0.06195615
-0.0116492
1.437357
1.631935
-0.9714402
-2.266768
0.2931819
2.369755
-1.099988
-2.34512
0.8322872
2.81076
-2.272929
-0.5688722
2.478337
0.3847767
-0.3966495
-0.8021401
0.9342084
0.7108769
0.06788357
0.3411335
-2.106906
-0.3898411
1.670462
-0.1588155
-1.359944
-1.151795
-0.1853198
-0.4081272
-1.115058
0.8249852
-0.9204683
-1.621632
-0.3826079
2.167223
-0.6614966
-0.3809707
0.4368535
-1.365586
1.76269
1.942312
-1.183596
-0.8920999
0.3134451
-2.986943
-1.61953
-0.1536511
0.8798038
-0.6848645
-2.54136
-1.639697
3.073587
0.5531931
-0.4480937
-0.5080313
1.396976
1.332071
0.5575312
0.9804543
-0.2009122
1.668687
0.08791944
2.059025
0.2745878
-0.8307757
1.745608
0.5127418
0.3737251
-0.9939952
-0.2419347
-0.8396662
1.776128
-1.17081
-0.5500937
-2.54386
-1.283519
2.063358
-0.4089687
-2.561149
0.5335469
-2.174834
-1.376009
1.849284
-0.5961458
-3.31032
-1.800983
0.3749078
0.2070289
1.863837
0.2867987
-1.197605
-0.9937039
2.118298
0.004896251
-1.373366
0.1085613
-0.4055475
-0.9157166
0.2586995
2.736466
-2.151695
-3.778829
-0.8293133
2.737358
-1.475546
-2.863937
-2.783883
3.27449
-0.2351139
-2.521179
-1.195745
3.582272
-0.6556212
-1.033767
