54.3788
52.99292
52.69805
53.7606
52.94516
53.65669
54.74892
53.66003
53.44268
53.12403
52.97629
54.48557
53.57589
54.20719
54.33403
53.3151
52.91695
53.4333
53.63134
54.33437
52.22015
52.70214
53.43262
53.30932
51.89281
54.25854
53.5672
53.52582
54.14056
53.72053
53.26704
52.59034
53.68782
53.8568
54.24328
52.63273
53.36947
53.90874
54.29649
54.90094
53.18108
53.26048
53.66893
53.71596
53.93029
53.29434
53.74072
53.48112
53.44133
53.8931
53.41571
53.09892
53.27065
53.66191
54.1801
54.28365
53.82686
53.47015
53.77549
53.28415
54.1428
53.4646
53.94151
54.21572
53.84095
53.62712
54.27751
53.75306
53.67862
53.16242
54.33066
54.33045
53.80433
53.58324
54.54607
53.62001
53.74993
54.08501
52.65498
53.66867
53.33639
54.08335
54.77198
53.69295
53.3199
52.98094
53.56079
53.9568
53.62922
54.31718
54.38766
53.77726
53.28518
54.49744
53.50625
52.08018
53.94592
54.56657
54.00004
53.40368
54.02321
53.92093
53.49627
53.32914
53.72173
53.20308
53.75912
54.18721
53.75395
53.97364
53.78147
53.21453
53.58725
53.39008
53.43532
54.03242
54.18127
54.11242
54.87766
54.15718
53.74542
54.24331
53.98431
53.06162
52.47168
54.69585
53.54704
54.64244
54.42659
54.80315
53.77851
54.41156
53.61584
54.11287
52.86649
53.10645
54.1616
53.46137
54.55441
54.68675
53.79382
52.91268
53.92765
53.92852
54.15279
54.25
54.46073
54.14376
53.59753
53.35149
54.5532
52.28212
52.43902
54.51332
54.02155
54.36745
54.06717
53.77907
53.63399
54.29697
54.08072
54.23362
53.86674
53.45698
54.06955
53.62152
53.4812
54.00463
53.62807
52.474
54.22663
54.32861
53.46719
54.84052
52.64
54.08996
53.56416
54.17552
55.15531
54.25604
53.65974
53.12098
53.06854
55.15262
54.33895
54.08281
53.55728
54.63263
53.7755
54.28585
54.40546
53.06381
54.30577
54.23018
54.15358
55.02258
54.7765
54.14879
53.96688
54.18301
53.13065
54.53154
54.1978
53.8348
53.5066
53.31504
53.77924
54.67429
54.67648
54.55124
53.97997
53.83749
53.9191
54.19907
54.34671
53.18299
54.44602
53.96758
53.82495
52.70437
54.31472
54.47797
53.40538
54.18275
54.4668
54.0915
54.00742
54.05048
54.65301
54.52682
52.95475
52.43192
54.4116
54.37457
54.64031
55.02604
54.19057
54.3973
54.13475
53.48747
53.65174
53.50968
54.28253
53.97594
54.50959
54.45164
53.94609
53.77542
54.767
54.76551
53.70147
52.87057
53.69529
54.61661
54.21705
54.77953
54.9952
55.04137
53.06367
54.28684
53.39979
53.79316
54.19236
54.02755
54.74001
54.58273
54.13584
54.06804
54.25428
52.77093
54.35548
53.95033
54.32777
55.86058
55.0958
53.99897
53.51607
53.75243
54.41131
53.94686
53.94349
52.8494
54.69837
54.50461
54.83494
55.26225
55.11598
53.47869
53.76297
54.37984
54.0365
55.32851
54.55461
53.75495
54.75833
55.12521
53.87817
55.14549
54.533
54.6347
54.13437
53.34857
54.76111
53.78308
54.75809
53.95699
55.08772
54.83395
53.39569
54.51467
53.85241
54.65754
54.35162
54.25347
53.90901
53.9909
54.59804
54.58497
54.30507
54.80877
54.55951
54.21724
54.42008
54.24433
54.437
53.524
52.99751
54.30163
54.24016
54.25557
55.41728
54.91337
53.91752
54.67366
53.93924
53.91666
54.80878
54.69042
53.05143
55.10344
53.22244
54.13274
54.65157
54.88139
54.58394
53.76147
54.54003
54.03077
53.6329
53.05716
54.41644
54.45519
54.56322
55.28976
53.44567
54.89163
54.06688
54.55623
55.11173
53.94995
54.57578
54.29786
53.84791
52.96154
52.95124
53.99239
54.04329
54.51306
54.49932
54.02027
54.1907
53.87735
54.32857
53.86753
53.15408
54.12754
53.6517
54.13328
54.72306
54.6909
54.56391
54.98653
53.39127
53.11918
54.93836
54.09377
54.44088
55.59842
54.40693
54.42506
54.83301
54.63827
53.97544
53.83362
53.93979
54.69779
53.78684
55.57091
54.94375
54.61192
53.3633
54.093
53.1312
52.70046
54.93809
54.23196
54.99015
54.83184
51.61961
51.01204
52.4432
54.96326
53.2417
54.00062
55.26654
54.53875
53.66225
54.00456
53.33885
52.38691
54.19197
54.21351
55.14725
55.15137
54.80507
53.16592
53.16238
54.57442
54.21328
54.74712
54.60445
54.68202
54.102
53.97522
52.86192
53.84703
54.32664
53.32741
53.91146
54.1768
55.01289
54.73467
54.97346
54.16435
54.3916
54.11353
53.48193
54.99231
53.95348
54.40621
55.72407
54.05043
54.19145
54.3409
54.02237
54.16279
52.3478
54.50854
54.03218
54.71822
56.0395
54.68758
54.13839
53.51355
53.65612
52.79421
54.02608
54.65328
55.57668
55.29304
54.22394
53.03374
53.96835
54.01543
54.56171
54.82242
54.93961
52.74646
53.90765
54.71469
54.3216
55.03588
54.19611
53.51926
54.48438
54.81728
54.48259
54.53769
54.05227
54.17718
53.82909
53.0709
53.80233
54.03752
54.97292
54.45808
53.72486
54.55574
54.65895
54.86789
54.47709
54.95045
54.08882
52.82961
54.78952
54.1619
54.27111
55.2135
55.3608
53.22176
53.23183
54.83955
54.876
55.50434
54.32303
54.77896
55.07197
53.87393
54.593
54.89977
53.80386
53.22301
54.40136
54.50323
54.99415
55.2584
54.25408
52.90907
54.07359
54.3948
55.19658
54.15579
55.12624
54.73716
54.55642
54.54251
54.53608
55.3182
53.95523
54.23243
54.59441
54.96204
54.75004
54.53094
54.46701
54.78913
54.34548
55.63543
54.64294
54.56615
54.49344
53.28826
54.66941
54.53148
54.67471
55.37151
54.58215
54.08777
54.7986
54.6686
54.5116
53.30243
54.91308
54.49075
54.798
53.64099
54.86188
54.20512
54.55247
55.44048
55.26464
54.3463
54.65594
54.80287
53.81941
52.99496
54.65229
54.33311
54.21373
54.88608
55.61629
52.74759
54.41936
53.88046
53.92367
53.72847
55.19849
54.20957
53.90685
54.84984
54.03811
55.34364
54.12841
54.04128
54.43783
54.48593
55.06004
55.01301
54.4936
53.98796
53.89402
54.62599
51.92064
52.48114
53.83149
54.36618
54.10958
54.53175
54.56501
54.03843
54.07148
52.73143
54.53117
54.30783
54.51767
55.24072
54.73896
52.78614
54.91303
55.45649
54.7059
54.6529
55.49758
54.17255
54.52061
54.79979
54.5199
53.06569
53.79919
54.14571
54.69466
54.62551
54.38049
54.18662
54.51418
54.61787
55.05916
53.61284
54.5054
54.35746
54.5462
55.19701
55.45013
54.00623
54.11691
55.26523
54.49539
54.30956
54.3545
54.47673
54.43495
54.63819
54.52718
54.32167
54.70037
54.68947
54.66599
53.86053
54.14748
54.86912
54.52916
54.03006
54.61601
55.06868
54.39674
54.48002
55.70032
54.46395
54.75586
55.46305
54.56484
54.21016
54.49364
55.36812
55.26749
53.82943
53.39582
55.05522
54.382
55.4939
54.02427
54.58153
55.2195
55.08577
54.29279
54.58546
53.98344
54.70119
55.11077
55.00236
55.44427
54.72263
54.71854
54.48162
54.64
55.31761
54.80974
54.97931
54.20774
54.29965
55.09691
54.36862
55.10545
55.97784
54.47601
52.70499
54.96864
55.26101
54.16399
55.43445
55.35548
54.88277
54.7431
54.70269
54.91273
53.7429
54.07888
54.09841
54.58426
54.52052
54.88673
54.83736
54.192
55.14071
54.50037
55.26363
55.30942
53.60048
54.31701
54.77632
54.94396
55.44635
54.72495
54.95354
54.42549
54.33281
54.06548
53.68878
54.47572
54.81424
53.85426
54.63404
54.69396
54.08554
54.51132
54.0966
54.73275
55.00614
53.83207
54.41976
53.15063
53.13643
54.52245
53.67076
54.3201
55.31653
54.90941
54.15812
54.5462
53.75031
54.20274
54.14705
54.76494
53.52003
54.49957
54.64181
54.76373
54.8835
54.93915
54.37275
54.22877
53.92979
54.18425
54.31792
54.22684
55.15203
53.94488
53.24053
55.21225
53.58681
53.34399
54.40522
54.17173
54.6909
54.8486
52.86145
53.95104
55.02882
54.55595
54.83315
53.18491
51.98297
54.58224
53.19904
54.48266
55.77457
54.89638
54.36475
53.33198
54.81275
54.19531
54.78853
53.6391
55.02287
54.618
54.98822
55.49714
54.44928
54.32333
54.02601
54.61168
53.83174
54.54474
54.86886
53.9105
54.34374
53.94052
53.42834
54.9368
54.54534
54.9514
54.41098
53.86698
53.33821
52.53595
54.34481
54.14109
55.02502
55.96563
53.95142
54.3745
54.38054
54.11294
52.74855
54.75612
55.05699
54.59066
54.90479
55.84143
54.43501
53.72189
54.89438
54.50684
53.05552
53.21782
54.07417
54.56141
54.03721
54.9921
54.49382
53.53848
54.98717
53.48796
54.05137
54.6637
54.03938
53.82895
54.64196
54.9987
53.81313
54.10743
54.64901
54.65358
54.30931
55.44116
53.98391
54.8267
54.24939
53.36922
53.51083
53.36864
54.48333
54.31791
54.88092
55.0989
53.68641
54.37465
54.13019
54.38562
55.19238
54.35266
54.52664
54.32235
55.14563
53.78321
53.86498
54.39353
54.72834
54.86834
55.0687
54.34047
54.68027
53.71199
54.60254
53.8459
55.15483
53.54475
55.44991
55.13502
54.99922
54.9546
55.42397
54.22293
53.69212
54.84504
54.93497
54.04726
55.08117
54.50156
54.72154
53.90187
55.05969
51.39684
53.79382
53.59413
53.57594
54.67342
54.40053
53.98123
52.97825
54.71005
54.39861
54.68274
55.36776
54.7815
53.83729
54.12774
54.67427
55.02557
54.76997
54.6274
54.37278
54.40885
53.38486
54.25674
54.5434
54.55008
55.16958
54.89718
53.21695
53.56071
54.37124
55.06099
54.66503
54.75393
54.22578
54.53892
53.95161
54.47345
54.57031
53.17332
55.41696
54.01721
54.3466
56.02662
55.0055
53.81383
54.82205
54.21981
54.31496
53.77267
54.1599
54.8175
54.17066
53.95977
53.06456
52.89977
54.01744
53.51173
53.52045
54.62864
54.17826
55.42336
55.03946
55.01349
55.10489
53.98331
54.53176
53.53038
54.63698
54.18964
53.82364
55.4438
54.63717
54.36822
54.13404
54.60021
54.56331
54.06781
54.6583
54.58077
54.491
53.97778
54.92744
54.77187
54.12077
54.78646
54.85166
54.88084
54.97668
