28.74151
28.32504
29.53918
29.21226
28.39094
28.8242
29.1832
28.54993
28.12431
29.57725
29.00776
29.12929
29.16073
29.26266
29.09277
28.91618
28.10565
29.47146
29.20322
29.13881
28.94576
28.20399
29.72964
29.31168
29.15333
28.59738
29.16184
29.17083
29.23787
28.98698
28.6952
28.96826
29.24253
29.44839
29.09048
29.10644
28.27732
28.66538
29.09659
29.31508
29.1893
29.79781
29.46081
29.08718
28.89744
28.87337
28.509
28.67266
29.10838
29.3975
28.97099
28.78179
28.40631
28.87927
29.2194
29.20847
29.58145
29.13331
28.71541
28.65426
28.7774
29.24091
28.91279
29.19988
29.31213
29.15068
29.27785
29.08276
29.12308
28.99614
29.06461
29.12664
28.44639
29.19684
29.49122
29.23113
29.24667
28.79016
29.07027
28.98612
28.7459
28.89952
29.09301
28.92247
28.86341
28.58655
29.1623
28.81882
28.93026
29.00902
28.67469
29.01221
29.48471
29.26719
28.46553
29.02793
29.63368
28.967
29.52992
28.60184
28.22497
29.40093
29.34396
29.13084
29.51938
29.35568
29.27356
28.94908
28.56384
28.52896
29.51439
29.03826
29.10014
28.56506
29.31216
29.56575
29.38298
29.46587
29.28294
28.33396
28.58835
28.74012
29.34266
29.23505
28.99682
29.40572
29.33772
28.9566
29.19593
29.44314
29.20686
29.29397
29.37618
29.00537
28.95731
29.16248
29.15856
29.16513
29.12985
28.52367
29.35992
28.88085
29.2594
29.58445
28.63276
28.7472
28.50636
29.67535
29.34415
29.29594
29.47748
28.82561
29.11739
29.03708
29.07444
28.51917
29.39127
29.24383
28.99978
28.93639
29.3295
29.26242
29.06455
29.21394
29.34254
29.00891
28.77725
28.89182
29.42366
29.12203
29.38572
29.28905
29.34665
29.19677
28.3185
28.95776
29.92877
29.07647
29.23663
29.20119
29.073
29.13558
28.71961
28.84681
29.79369
29.2649
28.399
29.22154
29.86183
29.31828
29.4199
28.89485
28.83411
28.79773
29.42261
29.38931
29.26991
29.13499
29.32372
29.36133
29.19062
29.28205
28.64741
28.978
29.07985
29.30514
29.75948
29.46278
29.0988
29.35489
29.58056
29.02715
28.85281
29.55709
29.51597
29.30321
29.262
28.47583
29.34643
29.36931
29.56261
29.39033
29.13293
28.83433
29.58444
28.82931
29.49318
29.63393
28.82095
29.69923
29.79659
29.33513
29.04625
28.54002
29.59448
29.97016
29.57825
28.84536
28.93238
29.56539
29.57956
29.56957
29.50557
29.52401
29.22811
29.17058
29.17786
29.26688
29.35861
28.24611
29.53963
29.47556
28.74649
29.08424
29.94047
29.42064
29.36361
29.53471
29.2079
29.0508
28.66445
29.34807
29.12097
29.45415
29.48277
28.11361
29.60356
29.3729
29.20481
29.66994
29.08202
29.07342
28.93268
29.31724
29.75667
29.16696
28.90272
29.70913
29.51634
29.20173
29.60429
29.62137
29.50246
29.09365
29.40715
29.30073
28.63446
29.51363
29.6163
29.18879
29.30142
29.42626
29.43424
29.32739
29.18859
28.46125
29.45958
29.74843
29.59524
29.45033
29.57339
29.35529
28.7079
29.3805
29.52665
29.06584
29.52622
29.26811
28.74442
29.49595
29.37048
29.57449
29.28003
29.19114
28.47999
29.56434
29.7665
29.47507
29.11362
29.54765
28.57693
29.6775
29.40407
29.37922
29.22598
29.28316
28.95772
28.65927
28.98302
28.94878
29.51333
29.15111
29.48779
29.54012
29.31356
29.34277
29.32776
28.97457
29.3962
29.92774
29.22731
28.59239
29.97242
29.20967
29.65235
29.40436
28.69418
29.42439
29.39032
29.30376
29.71032
29.37223
29.26658
29.78549
29.47106
28.49033
29.59305
29.74297
29.59849
29.65092
29.36194
29.07163
29.18495
28.98729
28.55005
29.23958
29.71898
29.3826
29.34067
28.56122
29.57773
29.76451
29.69668
29.94017
29.48383
29.07077
29.43857
29.02071
28.9951
29.28098
28.82315
29.44743
29.37736
29.40999
29.7771
29.459
29.44079
28.91799
29.13715
28.76089
29.50971
29.44183
29.50109
29.40224
29.37543
29.51329
28.96967
28.82269
29.59085
29.65825
29.05242
28.74097
29.76503
29.30474
29.74968
29.73797
29.27645
29.65071
27.77228
26.67246
28.71432
29.01715
29.27136
29.3027
29.48806
29.40486
29.44151
28.91436
28.74792
29.37284
29.33027
29.59381
28.67819
29.60098
29.6191
28.10983
28.09541
29.05391
29.60203
29.49204
29.42714
29.52844
29.81691
28.87228
28.60769
28.59858
29.2684
29.28995
29.35673
29.53583
29.49582
29.48037
29.32768
28.88836
29.51839
29.65722
29.59799
29.59456
29.19771
28.92542
29.54105
29.02053
29.68641
29.72544
29.54527
29.64014
29.65153
29.33022
29.57685
29.57656
29.54346
29.72849
29.26529
29.24616
28.90302
28.68538
29.8142
29.42818
29.67527
29.75856
29.41636
29.46228
29.51889
29.71412
29.41305
29.09791
29.49639
29.40608
28.94884
29.44137
29.2333
29.50809
29.59551
29.26255
29.46328
29.37561
28.8229
30.03041
29.82293
29.48607
29.56869
29.08916
29.02766
29.2566
29.84958
29.67079
29.66717
29.65239
29.43987
29.54806
28.45592
29.91611
29.58813
29.49546
29.77988
28.61149
29.32852
30.0161
29.31857
29.75491
29.53928
29.07758
28.5237
29.6304
29.74509
29.58892
29.86581
29.51175
29.62343
29.43021
29.3906
29.0137
30.05986
29.59273
29.5386
29.62512
29.76166
29.24651
29.30306
29.19263
29.28753
29.58824
29.54461
29.51082
29.741
29.33868
29.252
29.22999
29.51035
29.69422
29.4858
29.81071
29.3019
28.78193
29.45861
29.71255
29.55606
29.54652
29.69178
29.73609
29.30384
29.11519
28.96574
29.76165
29.29316
29.592
29.42702
29.7242
29.43901
29.73722
28.65031
29.64825
29.62099
29.72993
29.55182
28.68718
29.29261
29.48399
29.56658
29.52554
29.79618
29.52687
29.19372
29.3218
29.2284
28.85629
29.77569
29.51067
29.0011
29.45177
29.73692
29.0365
29.63434
29.76764
29.61304
29.29794
28.51263
29.49421
29.86735
29.63835
29.82714
29.74281
29.53422
29.06973
29.07707
29.76321
29.76946
29.70067
29.84341
29.26122
28.53895
30.02612
28.51491
28.1812
29.46277
29.64039
28.86842
29.5502
29.3427
29.09961
29.13447
29.39573
29.17104
29.66471
29.53002
29.45937
29.57154
29.16122
29.66228
29.52057
29.23818
29.0299
29.46282
29.83045
29.35073
29.48817
29.15789
29.04136
28.94251
29.27175
28.97719
29.50045
29.5856
29.38719
29.18386
29.33948
29.69449
29.66179
29.72275
29.72023
29.61388
29.40659
29.13275
29.42629
29.45328
29.8596
29.44149
28.62268
29.82003
29.49434
29.81654
29.15537
29.92678
29.63138
29.24786
29.09855
28.90465
30.21384
29.7826
29.44701
29.8655
29.7974
28.76414
29.67081
29.84714
29.69133
29.43967
29.25692
29.68114
29.51147
29.78987
29.74848
29.38403
29.41978
29.85578
29.45996
29.4543
29.60837
29.49353
29.64361
29.93528
29.45416
29.61798
29.70319
29.27757
29.56339
29.36403
29.71405
28.98067
29.50466
30.02649
29.67091
28.55933
28.96337
29.97091
29.67815
29.86269
30.01311
29.47472
29.59596
29.39715
29.44089
29.85648
29.35423
29.91232
29.38604
29.2767
29.76132
29.61256
29.58172
29.6898
29.54339
29.38994
29.14777
28.85018
29.06345
30.01814
29.90759
29.40927
29.31779
29.84804
29.59235
29.61203
29.79504
29.53397
29.41652
28.68443
29.25642
29.7349
29.40363
29.15113
29.06858
29.7628
29.68074
29.18071
28.63805
29.57397
29.71994
29.41673
28.64574
29.95809
29.43749
29.51848
29.13215
28.84854
29.75216
29.66143
29.57863
29.24058
29.23523
28.98851
28.7739
28.56205
29.77467
29.71418
29.46635
29.42615
29.00108
28.84467
29.32996
29.27579
29.09413
29.03761
29.63934
29.59618
29.35815
29.52178
29.13436
29.52692
29.15062
29.61574
29.47884
29.42646
28.49094
29.28325
29.86325
29.57668
29.52958
29.25337
29.37697
29.73446
29.39007
29.37052
29.22884
28.69043
29.0686
29.60233
29.67233
28.67936
28.94254
29.95952
28.94704
28.95893
29.4137
29.36014
29.00342
29.02506
29.55078
29.64967
29.60588
29.39701
29.55278
29.55211
29.38144
28.76688
29.32693
29.29724
29.74174
29.47653
29.61215
29.18871
28.46592
29.85683
29.38545
29.40165
29.75626
29.86239
29.31077
29.42365
29.31038
29.13938
29.60509
29.10913
29.34088
29.70963
29.53211
28.98396
29.17155
29.45833
29.82804
29.5642
29.33743
29.26931
29.14879
29.49192
29.63238
29.35394
29.70278
29.60337
29.25699
29.20661
29.21649
29.56871
28.95587
28.37829
29.27651
29.40098
29.75519
29.63155
29.42547
29.54864
29.00573
29.06561
29.57852
29.26646
28.70208
29.45324
29.90757
29.65548
29.66596
29.54183
28.95778
28.42301
29.69692
29.53692
29.59123
28.78743
29.72696
29.46324
29.12225
28.54662
29.35564
29.50255
29.18088
29.61451
29.64841
29.17962
29.27721
28.85131
29.49834
29.47592
29.22132
29.56367
29.69993
29.69687
29.03685
29.54153
29.56094
29.10986
28.598
29.35802
29.65957
29.74503
29.14628
29.63369
30.01921
29.28241
28.58894
30.03238
29.34802
29.48334
29.75208
29.49235
29.06125
29.40717
29.32309
28.99932
28.93158
29.72141
29.56617
29.73558
28.83324
28.52689
29.14373
29.26825
29.47106
29.59503
28.9129
28.95412
29.614
29.55906
29.56657
29.46648
29.17486
29.40928
29.55663
29.81568
29.40939
29.1589
28.66619
28.9684
29.23746
29.60915
29.88072
29.41419
28.89739
29.98403
29.84548
29.8819
29.96134
29.5359
29.69584
29.27865
29.60082
29.35856
29.61036
29.44972
29.55797
29.44005
29.17887
29.82991
29.79875
29.76053
29.58213
28.90422
29.1551
29.96798
29.6081
29.39683
28.8623
28.3347
29.57532
29.77938
29.76795
29.58005
28.14829
27.52479
29.29302
29.2437
29.9088
29.66066
30.01046
29.18621
29.858
29.6268
29.8309
28.93455
29.8688
29.95362
29.65253
29.90491
29.48279
29.30169
28.50673
29.73674
29.24291
29.0993
28.89217
30.07526
29.24887
29.52822
28.67853
30.12508
30.05956
29.94096
29.58056
29.79377
29.77808
29.42944
30.13943
