24.56725
24.79223
24.10399
24.60202
24.62031
24.65063
24.31674
24.89032
24.50105
24.3984
24.51799
24.20983
24.73914
24.72303
24.5493
24.49637
24.3214
24.98907
24.33672
24.6606
24.76025
24.08249
25.02188
25.11263
24.23857
24.69722
24.3257
24.26695
24.86133
24.78674
24.59123
24.50661
24.725
24.80032
24.07181
24.32601
25.113
24.54377
24.44513
24.60312
24.33037
24.83742
24.6184
24.90263
24.56534
24.66499
24.52052
24.34297
25.32619
24.03125
24.70921
24.77172
24.41297
24.68907
24.55731
25.30981
24.47113
24.57985
24.73867
23.93589
25.18168
24.8039
24.81597
24.37479
24.6792
25.10196
24.96426
24.68023
24.35659
24.75291
24.59625
24.62232
24.34689
25.02887
25.64276
24.9932
25.04079
24.46421
24.35332
24.60156
24.38552
25.10711
25.01669
24.64243
24.36537
24.11247
24.73774
24.43283
24.44167
25.2021
24.5564
24.24095
24.69332
25.13194
24.99735
24.91308
24.62465
24.71048
24.62815
24.63321
24.70103
24.63203
24.39665
25.04084
24.09773
25.20822
25.31794
24.65112
24.00709
24.42717
24.42305
24.2702
25.19527
24.24957
24.20102
24.84424
25.1245
24.88232
24.53938
25.00398
24.37245
24.62212
24.35185
24.70307
25.61352
25.01746
24.4856
24.41222
25.33533
24.94194
24.40523
24.53855
24.73662
24.95897
24.78666
24.70594
24.57898
24.27022
24.6825
25.05059
24.62349
24.63536
24.54743
24.68837
24.5511
24.58695
24.75417
23.93218
24.83413
24.77146
24.83152
24.29416
24.94413
24.92755
24.51763
24.58801
24.41836
24.30868
24.62494
25.02492
24.48701
24.84018
25.87185
24.34078
24.72846
24.77413
24.90652
24.18386
24.96965
24.77801
24.36914
24.88283
24.85865
24.65475
25.45179
24.50249
24.83652
25.63847
25.06929
24.71763
24.67023
24.84618
24.5933
24.77568
25.22004
25.21694
24.57951
24.40855
24.53839
24.89532
25.32495
25.04221
24.37811
24.82209
24.54565
25.13085
24.43222
24.98467
24.72284
24.85319
24.95491
24.75836
25.02827
24.20655
25.01211
24.49744
25.16375
25.57453
24.78201
24.703
24.62153
24.91349
24.52621
24.59155
25.34184
24.61014
24.82521
24.39783
24.57197
24.74228
24.82997
25.35795
24.76197
24.15107
24.73351
24.23893
25.18456
25.43772
24.75568
24.80733
24.81728
24.72382
24.59927
24.46305
24.7753
25.15768
24.57827
24.75276
24.96121
24.97762
25.0104
24.50811
24.73596
24.66146
24.78872
24.68965
25.08017
24.36518
24.92354
25.04398
24.2565
25.05471
25.40633
24.27062
24.71177
24.50507
25.03107
25.26591
25.02521
24.43265
25.06812
25.21652
24.81227
24.56735
24.14757
24.93921
24.7311
24.16794
25.51468
25.39421
24.80014
24.80514
24.56777
24.63839
24.51262
24.46487
24.68328
25.09475
24.89721
25.07056
25.17465
24.28544
25.16701
24.41504
25.22949
25.73178
24.33164
24.82649
25.20264
24.91565
24.55387
25.02912
24.79214
24.11685
25.24444
25.50416
24.77136
24.67354
24.46795
24.9809
25.25067
25.14217
24.01117
25.00679
24.63833
25.16037
25.36407
24.94904
24.14752
24.35728
24.4606
25.59569
24.93425
25.06964
24.56824
24.88885
25.29333
24.66287
24.28505
24.78051
25.17132
25.01809
24.28454
24.51498
25.21759
25.53085
24.59117
24.28107
24.91054
24.50919
25.05957
24.77123
24.6682
24.73617
24.74041
24.46869
24.5007
24.90109
25.69187
25.18992
23.97134
24.23739
25.42436
25.39576
24.99299
24.97487
24.74942
24.73621
25.07975
24.80757
25.08169
24.59919
25.24536
24.42771
24.97014
24.85822
24.63178
24.17863
24.82899
24.65818
25.33828
25.54825
25.21483
23.82096
24.91073
24.51718
24.88087
25.15661
25.17914
25.24086
24.54446
25.11005
25.33041
24.71305
24.68656
24.63998
25.53796
24.95436
24.75924
24.66534
25.06985
25.13844
24.27448
24.80394
24.72129
24.77937
24.70109
25.18313
25.55014
25.06724
24.49262
24.61776
25.14411
24.95238
24.68094
24.86131
24.76408
24.85793
25.40522
25.439
25.03626
24.39626
24.46763
25.42893
24.60958
24.17951
25.18838
24.57763
23.71331
24.22543
24.60392
24.43036
24.87151
25.23095
24.83208
24.67291
25.1299
24.21541
24.62957
25.11221
24.56431
24.60668
24.81513
24.98665
24.99833
24.49296
24.26407
25.30732
25.52448
24.02561
24.75586
25.19078
24.71015
24.72162
24.18289
24.68024
24.85545
24.88011
24.72053
24.97898
24.95861
24.50699
24.87194
24.45612
24.51372
24.38404
25.50773
25.1871
25.42254
24.93994
24.90719
25.08316
24.98309
24.62709
24.87568
24.96498
25.22082
24.74537
24.47456
24.69965
24.9352
24.36739
25.25245
25.56423
24.85328
25.28904
24.61462
24.84624
25.32458
24.86287
24.5151
25.48918
25.51118
24.96921
24.44971
25.24893
25.16461
24.59567
24.6757
24.95923
24.62368
25.05129
24.71037
24.99195
24.91162
24.89433
25.00665
24.84889
24.96896
24.79004
24.98873
24.39225
24.76308
24.54102
24.93693
24.60551
24.98718
25.48451
25.2845
24.92036
24.46733
25.04305
25.37773
24.53175
25.08856
24.61723
25.2711
25.80668
24.75487
24.7079
24.9094
24.80374
24.75082
25.11437
24.33106
25.46392
25.61588
25.03172
24.64494
24.78729
24.87938
24.53648
25.71545
25.59958
24.6161
24.99241
24.60722
24.98276
24.54332
24.98252
25.74543
24.85003
24.4771
24.78557
24.75918
25.10163
25.75611
25.34674
24.6254
24.862
24.71409
25.26789
24.70987
24.76995
24.93326
25.04903
24.50337
25.38151
25.58702
24.93603
24.94707
24.9585
24.86657
24.90756
24.81349
25.18226
24.31402
25.18044
25.32761
24.70481
24.27321
25.23203
24.79545
24.91013
24.97966
24.89566
25.34565
24.77941
24.83884
24.46987
25.46331
24.56275
25.27444
25.2263
24.77634
24.73888
24.99309
24.95916
24.70233
25.1611
25.14096
24.92786
24.55729
24.77239
25.25045
24.85942
25.14624
25.19097
24.25853
25.04357
25.7577
24.39944
24.73243
25.16726
25.09038
24.87989
25.01113
25.02588
24.99286
24.90057
24.51795
25.20158
24.55301
24.76483
24.76837
24.36692
25.33595
25.12691
24.32996
25.01581
25.09206
24.52777
24.72079
24.91351
25.08469
25.15423
25.05241
24.93596
24.85937
25.16451
25.19111
24.58701
25.13455
24.93888
25.0139
24.68422
24.44747
25.63993
25.33092
25.16688
23.94518
25.22504
25.59591
24.4487
24.58887
25.07346
24.6662
25.5062
24.99892
24.83024
25.02082
25.37201
24.90541
25.25639
24.67528
25.18542
24.91137
24.67381
24.62613
24.99738
25.00827
25.84478
24.71709
24.65284
24.6637
25.61907
25.20757
25.13866
24.6815
24.86963
24.83967
24.7404
25.37681
24.82844
24.85608
25.16632
25.20313
25.20194
24.75605
24.60467
25.35258
24.47025
25.4098
25.24204
25.11591
24.92044
24.75505
24.97321
24.72645
25.06501
24.77721
24.56891
25.26927
25.32159
24.78023
25.16345
25.42462
25.00681
24.92509
25.24704
24.79791
25.00342
24.92499
25.25595
24.85953
24.93441
25.24676
24.88128
24.55105
25.49957
24.88678
24.83815
24.71233
25.06211
26.14942
25.26348
24.66486
24.62325
24.94177
25.26991
25.8051
24.96038
25.30433
24.64486
25.3232
24.77286
24.55267
25.24095
25.13977
24.93317
25.52622
25.22489
24.88537
24.71275
25.09464
25.22364
25.45834
24.53791
25.30407
25.39716
24.42416
25.40648
25.27165
24.94801
24.80563
24.49393
25.14332
24.74532
25.09161
24.28631
25.57349
25.53337
24.95335
24.67731
25.35419
25.02442
24.13285
24.66579
25.15501
25.48085
24.78609
24.3733
24.80415
24.87955
24.77675
25.59319
25.66919
24.75028
24.46586
25.21951
24.56274
25.01534
24.77216
24.88657
24.58932
25.07086
24.54249
25.58932
25.45572
24.67061
24.33426
24.83771
25.14246
24.47286
24.67509
25.00804
24.62837
25.18264
25.5504
25.32422
25.06293
24.6921
24.88134
24.79317
25.01329
24.86253
24.72769
24.83941
25.06661
24.76686
24.63797
25.00213
25.23088
24.64401
24.38824
25.01453
25.00871
25.0015
24.85331
24.7871
24.75716
25.42461
25.4076
25.06876
24.71664
25.21967
24.79011
24.85497
24.82277
24.35356
24.95601
25.59906
25.02565
25.30214
24.7255
24.64968
25.11945
25.31381
25.08499
24.951
25.21329
24.54565
24.78238
25.12372
24.29818
25.11353
24.58038
25.40986
25.61753
24.75172
24.94441
24.95861
24.35893
24.99823
24.78641
25.19121
24.97735
24.97481
24.8075
24.70314
24.54655
24.87707
25.87453
24.7173
24.04201
24.4251
24.93538
25.12087
25.78098
25.35699
24.85468
24.86778
24.80297
24.86846
24.80002
24.71004
25.1742
24.94399
25.08327
24.70323
24.49749
24.79282
25.06246
24.67808
25.12701
24.85786
24.50783
24.96973
25.08118
24.55942
25.31267
25.09571
24.73093
24.72764
24.81832
24.86163
24.67061
25.12218
24.86226
25.08964
25.57084
24.83048
24.79596
25.03107
25.3046
25.56554
24.6133
24.80809
24.81476
25.09474
25.81941
25.40005
24.72589
24.94193
24.84176
25.02089
24.93087
24.53924
25.12943
24.80167
24.97836
25.85898
24.23495
24.82221
24.8661
25.40994
25.5807
25.03287
25.03388
25.06431
25.26006
24.73703
24.12574
24.23965
24.29182
24.93203
25.36791
25.41911
24.79553
24.47736
24.89845
24.79368
25.2666
25.169
25.18661
25.0206
24.69282
25.20607
25.08871
24.82916
25.0771
24.96564
24.86669
25.14963
24.82496
25.22181
24.47177
25.22285
24.73746
24.41796
25.22376
25.61686
24.90132
25.21921
24.70901
24.39888
25.46087
25.42973
24.64958
24.66639
24.7547
24.8629
25.7885
24.76343
25.25283
24.82888
25.14426
24.95645
24.7896
23.52768
25.00329
24.46608
24.9961
25.70597
24.53544
24.42958
23.99928
25.27901
25.3832
24.83223
24.66667
25.27513
24.66802
25.01743
24.86239
24.51352
24.78178
25.2147
24.73862
25.32375
25.1422
24.8191
24.57897
25.05646
24.90189
25.11722
25.19449
24.89243
24.53156
24.90719
24.73274
25.34259
25.05892
24.8367
24.82717
24.98973
24.98304
25.68508
25.53313
24.74667
