101.2746
100.7208
102.4143
102.236
103.2932
103.7515
104.488
104.7102
104.0647
104.2028
103.5149
104.0411
106.3664
105.9106
106.8071
106.2452
105.7002
102.1722
102.1244
104.894
106.4969
104.2589
102.2844
102.7276
103.6178
102.9919
102.3952
102.7816
105.8503
106.0424
103.3732
101.6071
102.9333
105.391
106.6932
105.7463
103.6027
104.6314
104.2188
104.1723
104.6934
105.5853
104.9286
104.6501
104.8094
105.5912
103.223
103.0631
105.0903
104.9147
103.2235
101.6901
102.8272
102.5864
103.8061
104.1431
103.5937
103.9458
102.11
103.7108
103.9535
104.0882
103.8123
104.0286
104.8315
105.2742
105.8518
102.172
101.0393
102.9918
106.1254
105.9656
105.3321
106.2009
104.5379
104.5814
105.3792
103.9216
101.8924
103.732
104.0528
102.4466
102.2341
103.3147
102.906
101.636
101.0603
102.6525
104.8049
101.6712
100.3668
102.1954
104.0054
104.9816
104.8058
103.4621
101.8976
103.0564
104.2551
105.2061
106.1795
104.7818
104.7192
103.8629
102.9802
104.1756
105.5464
105.9001
104.641
102.6191
103.156
104.263
107.0606
106.2941
104.5145
103.0539
102.4707
101.5472
101.3045
102.7715
103.4477
104.358
103.654
104.1936
104.4122
104.2514
104.23
104.9865
102.4376
101.6954
103.849
106.5508
106.6788
104.3445
105.3397
103.7727
102.9717
103.1128
103.5918
103.9075
101.6095
103.2301
105.5912
104.4225
103.9325
102.7723
104.0323
104.5465
106.7545
103.6414
103.006
104.1613
105.6186
105.6243
101.4945
101.8462
102.9832
104.7858
106.6706
103.7628
101.3367
103.0068
104.8228
105.8729
102.8233
102.7442
104.0541
103.8354
105.8067
106.0167
105.2308
101.5188
101.4659
103.9463
105.1343
105.5053
103.8414
101.551
102.2056
104.1998
105.6249
104.1905
103.3088
104.5377
105.7193
103.4268
100.3788
102.4066
104.2268
103.4418
103.7468
103.6298
102.6025
103.0354
102.5098
101.9626
102.8149
105.349
104.6225
102.3598
102.0085
104.1667
105.2507
105.0158
102.7586
102.6044
104.4153
105.7514
104.5049
104.5595
106.6891
107.1203
103.318
102.1562
104.3484
106.6961
106.2692
104.7144
104.0662
105.1171
105.1349
103.6802
103.7842
106.2985
105.921
104.4805
105.1927
105.1984
103.3313
103.8856
105.6897
105.2801
105.038
106.0403
106.8849
106.0078
105.0414
102.4455
103.037
103.8671
106.0099
104.9218
102.0883
101.4715
103.0171
106.1533
106.0938
102.3646
103.6218
105.5224
106.1402
103.5582
103.6748
104.6458
103.5048
103.6683
105.5696
106.7552
105.7753
105.3692
104.0704
102.1455
102.2061
103.6992
106.3615
105.9254
103.404
103.2978
104.6422
102.2429
104.6283
105.0243
106.4444
105.9833
102.8443
102.795
104.6274
105.5661
105.0819
103.762
104.1774
105.7436
106.4599
103.5642
104.2876
104.8603
107.2614
106.4607
102.8848
102.5634
104.199
106.5874
103.4775
102.9825
105.5593
107.3678
106.335
104.5716
105.7851
105.0169
103.7713
104.3466
104.2282
104.3073
107.1524
106.691
105.7875
104.5406
103.4567
102.5678
102.6273
104.3434
103.9653
102.8918
103.4923
105.8326
108.1576
105.3354
103.5756
102.6967
103.4443
105.408
102.8231
103.3719
105.265
106.2309
103.7083
100.5903
103.318
104.5395
104.1913
104.6382
101.7276
102.8464
103.2325
103.2166
104.1801
104.2173
105.9272
105.7305
105.6683
105.8897
105.2801
104.3814
104.091
105.1257
105.5563
104.9481
102.2403
103.0884
105.1805
107.4673
106.265
103.6968
105.2947
105.4452
104.3074
105.3592
107.1471
105.204
105.4821
105.3457
104.4786
104.544
100.4752
102.1212
103.4745
105.8854
104.6577
101.8235
100.8633
102.7403
103.3557
104.8988
104.5929
105.3013
106.4558
106.5192
106.7061
106.0896
105.4363
104.4981
104.6878
103.8429
102.7734
104.0251
105.677
107.5243
105.3734
102.5956
104.8155
105.0793
106.2741
106.2243
104.5002
105.0687
104.5731
102.9717
104.8348
107.534
106.7374
105.63
106.0526
106.5009
105.5751
103.8389
103.7408
104.6192
102.7253
96.33308
97.9609
100.1193
102.768
103.8188
102.7174
101.3844
103.3529
103.965
104.2384
104.331
103.1993
104.543
105.058
105.8103
104.6042
100.884
100.6577
103.1981
103.8128
104.5583
103.8587
104.0748
105.5642
103.383
99.8646
100.2193
101.9463
103.9331
103.2446
99.9462
102.4128
104.251
105.6268
105.3325
104.2389
103.3265
102.8972
103.2686
104.3524
104.3897
104.1734
105.133
104.6959
105.0537
105.8683
106.3076
106.6535
105.0931
105.1303
104.4138
104.0904
106.4985
106.5733
105.744
103.2119
105.2043
106.453
106.1691
104.255
104.0876
103.1708
104.3978
103.8217
102.1282
102.1659
103.3282
106.0219
104.5058
103.7855
102.2689
101.6214
103.3695
102.8919
103.6228
101.8956
102.4591
102.5444
104.4417
104.8846
105.428
105.1595
101.8201
101.2424
103.7909
106.7613
107.4289
100.9414
101.5955
104.7417
105.8088
103.9868
103.4015
104.5757
106.2851
105.6487
104.1195
105.2035
104.8835
104.789
104.7316
105.2979
103.6159
103.6839
104.4554
105.126
105.6432
105.1447
103.5056
104.2023
104.9146
106.1966
105.4061
104.7933
102.5182
104.1205
105.6532
106.8003
105.4345
103.1761
103.9494
104.3334
106.9306
107.0303
104.1178
103.4239
104.6759
102.9579
103.4823
105.5841
106.904
103.7615
103.2969
104.5937
104.6853
105.5564
106.5104
103.1283
103.3907
104.257
106.8314
104.7405
101.8111
103.2525
104.6827
106.1201
105.6498
104.2164
102.659
103.7945
104.1902
105.4824
105.0539
103.7651
104.6173
105.0693
106.7578
107.6247
103.4629
101.2463
103.4585
105.5822
105.4548
104.8746
105.519
107.4263
107.448
106.7844
105.0418
104.4431
102.9475
104.1679
105.026
106.2491
106.3171
105.0704
102.3908
102.9245
104.039
104.7319
103.051
103.0293
106.1709
105.6822
105.257
105.9339
105.2685
104.0733
105.3142
107.1453
103.7999
102.1595
102.3807
103.1016
101.7042
102.0463
102.6207
102.7399
103.4842
105.2727
105.9612
101.5984
102.3736
103.4702
106.2264
106.0482
104.7999
102.6635
102.4371
105.5096
106.8014
105.2995
103.7256
105.0704
104.4732
104.3752
104.3913
105.0169
105.3874
105.5808
103.6807
101.9316
103.2709
105.9936
104.5594
104.286
103.3169
103.6698
105.44
107.1128
103.7996
102.2636
103.7274
105.7287
103.8856
103.4225
104.8233
102.8704
100.7045
102.0449
104.5654
103.3507
101.9805
104.2212
105.2469
103.5481
102.8657
101.7027
103.346
104.0721
105.7858
104.9785
105.4501
104.1956
103.5914
104.452
103.8791
100.9266
102.6821
104.482
105.4912
102.8843
101.0788
103.4989
103.4281
105.7172
105.407
104.956
106.3449
106.5629
105.5107
104.4442
104.6981
106.1141
104.852
104.228
104.6747
105.5506
105.5812
106.1907
105.3245
103.68
103.8745
103.5387
100.299
102.5816
103.9276
107.0213
107.409
102.4119
102.7235
105.4408
108.06
105.5285
103.0721
104.6323
105.3722
106.421
104.1772
103.5134
105.824
106.4223
105.6687
105.5383
105.0198
105.31
105.5043
105.6655
104.127
104.8555
105.3619
107.4129
103.5179
102.9513
104.9319
108.7587
108.3269
105.457
104.4225
106.7705
105.7968
104.2028
104.8243
103.9284
105.2037
104.4768
103.4151
102.659
101.4405
103.6935
105.8322
104.8679
103.2826
105.0199
105.8462
104.8623
103.4852
103.9929
106.3243
106.866
105.1511
100.4534
99.82293
102.6708
104.1987
105.8033
102.8077
101.312
102.1517
103.1724
103.1311
103.0975
102.9625
103.2507
104.0779
103.2315
104.6414
104.2027
103.1189
103.9515
105.3226
104.6684
101.6413
100.4513
103.3449
104.8216
105.6989
103.1891
102.0552
103.3216
104.1792
103.3924
102.7089
102.8273
104.686
105.9069
104.5784
102.9273
104.5312
104.6459
105.0943
102.1306
99.23631
100.3396
103.1581
103.4162
101.3834
100.0516
102.7201
105.5994
104.1303
102.9149
104.1959
104.6812
101.7834
102.4106
104.1481
106.8052
105.5576
103.0338
103.4982
102.5412
102.5816
103.7804
104.0226
106.7564
105.5891
102.2814
102.4388
104.4924
105.8776
105.2373
104.2817
102.3952
103.1203
104.2282
105.4244
104.2394
104.8689
103.4668
102.2983
103.4569
107.0889
105.0436
100.6012
101.7232
105.1394
107.4368
104.3017
103.3234
103.9954
105.0693
105.6548
105.6002
105.0036
104.5332
103.6429
103.4263
104.8113
106.3882
105.6574
102.7258
101.7009
102.7674
105.0241
102.8444
103.175
103.0373
103.7378
103.8107
103.0821
103.5773
103.5814
104.2409
103.0151
101.4686
102.8818
105.1869
102.4773
103.062
103.4097
102.402
102.9165
102.993
102.9267
102.1355
102.5276
103.6741
103.274
102.1875
102.9319
102.8857
101.6631
102.3711
104.7344
104.0593
103.0415
103.9439
105.7569
105.0847
102.3809
100.3461
103.0908
105.7203
105.6548
104.4958
103.5093
104.8729
105.4281
103.1271
101.9485
104.1057
106.9191
106.1912
103.2642
104.0704
104.2678
102.6541
102.6637
103.2415
102.3755
102.566
104.0345
99.89751
100.8845
101.2658
102.3466
103.5969
103.8098
104.2448
104.1879
102.7596
104.3782
102.5494
102.7112
103.1867
104.8524
105.6474
103.2889
102.7435
103.6718
105.0652
106.2527
104.6831
102.9402
102.6354
104.2647
105.2786
105.7224
103.1547
101.5479
103.2324
106.8134
104.4992
103.5315
104.4649
104.8304
104.5207
105.5249
104.7234
105.2628
105.3497
103.5911
103.7568
105.0057
106.1156
105.4126
105.1497
104.635
103.486
102.6984
102.1607
105.0023
105.6611
104.6821
105.0677
102.4858
99.15502
99.87688
101.8702
103.2336
104.3913
103.9866
104.9599
103.574
103.2491
105.6457
106.7282
103.4758
102.6031
104.4803
104.5714
103.0291
103.0145
106.3206
106.4286
100.8616
100.5371
103.4674
105.9045
106.7491
103.8767
103.0499
105.4009
105.7295
105.531
101.2263
101.2324
106.132
107.8114
108.6656
