53.60354
53.41806
53.2261
54.43266
53.47544
52.76342
53.08208
54.13798
53.47486
54.14857
53.96043
53.5628
53.45469
53.15922
52.2289
53.93261
53.67154
53.53672
53.47947
54.2117
52.8189
53.44916
53.04778
54.39575
53.61644
54.2441
53.64838
53.74176
53.92614
53.52185
52.865
53.42381
53.82135
54.13339
53.66454
53.33253
53.66783
52.82656
53.2245
53.34789
54.44376
53.56795
54.07914
53.32644
53.40527
53.68135
52.95142
53.70064
53.3821
53.68332
55.00446
53.3925
52.43634
54.31395
53.8236
53.178
53.64912
53.64002
52.39867
54.53387
53.88353
54.56436
54.64117
53.8396
53.83245
53.91228
53.47966
53.91656
54.03583
53.32951
53.06514
53.83271
53.71856
53.89859
53.27786
54.424
53.49453
54.56373
54.27214
53.10678
53.35726
53.66109
53.95766
53.61591
53.23063
53.45677
53.63734
53.91258
53.65257
53.71585
53.50761
53.42586
53.56689
53.19478
53.18132
53.67009
52.73403
53.78988
54.37553
53.47498
54.13713
54.39061
53.97109
54.11053
52.59244
53.94959
52.79847
53.91261
54.07783
53.89357
53.69382
52.17003
54.01892
53.86205
53.29142
54.14406
53.78119
53.98382
54.10436
54.18254
53.71386
52.85183
52.8798
52.59557
54.22157
54.10116
53.68976
54.00924
53.97614
52.32719
53.48386
54.88573
53.22622
54.78243
54.75743
53.83481
52.77429
52.65237
54.04191
54.27027
53.36917
54.64775
53.63712
53.60386
53.7597
53.26744
53.43446
54.78811
53.0511
54.42714
55.21326
52.76924
52.51436
53.46556
54.46444
53.85644
53.81673
52.71421
53.84063
53.45383
54.54649
54.87988
53.97337
54.17488
54.59937
54.1288
53.90704
54.72085
53.4003
53.93874
54.2417
53.8081
53.52018
53.19995
54.51448
54.10223
54.01892
53.97536
54.02696
53.74717
53.76177
54.27552
55.50146
53.33234
53.80993
53.11625
54.26295
54.11113
53.5496
53.51682
55.04226
53.55519
54.10903
54.60886
53.58395
53.99872
54.21204
53.87014
54.26275
52.70121
54.25444
53.72554
54.43885
55.01911
54.76073
54.1978
53.98789
53.98587
52.60597
53.94527
54.36642
55.06597
54.95536
54.52907
54.14674
52.8909
53.14861
54.27082
54.37899
54.48027
54.7717
54.01301
53.66934
54.11555
54.25598
53.62984
53.59244
54.44509
54.34662
52.75048
54.71519
54.29389
53.73368
54.76747
54.88082
54.13686
52.67374
54.69015
54.42606
54.27036
54.62783
53.49253
53.46557
54.22791
53.99249
54.36535
54.83244
54.77876
54.49202
53.97345
54.23732
54.5206
53.55267
54.63168
53.72807
53.56437
53.70197
53.73209
53.20671
54.16943
54.85514
54.45496
55.26041
54.804
54.1562
53.82191
52.92797
54.41488
53.84072
54.38824
54.42743
54.66907
52.54946
53.8211
54.54607
54.91323
55.27604
54.84821
54.47164
54.28301
53.32348
53.63391
53.04942
54.3305
54.10337
54.20029
55.50158
53.80672
53.59599
54.41401
53.62386
53.64082
52.59266
54.60332
53.35409
53.40458
54.64669
54.80389
54.50993
54.81289
53.10603
53.57718
54.30336
54.19305
54.90396
53.09922
54.3241
54.81812
53.5234
54.54161
54.39421
54.0733
54.64478
54.01855
53.0744
55.15278
54.41928
54.94806
55.2376
54.38731
53.83165
54.17575
53.89402
53.43296
53.99297
54.12675
54.06343
52.65897
54.56778
53.91583
52.89085
55.15841
54.64509
53.723
54.4356
54.64347
53.49932
54.19367
54.43403
53.10413
54.18475
54.11847
54.17807
54.54356
53.97628
53.80707
54.66358
54.37629
54.12538
53.5649
54.06905
54.72477
54.61229
54.99619
54.04553
53.65261
53.7774
53.95791
53.9896
54.63263
54.02651
54.53886
53.72477
51.96047
52.8716
54.17123
54.66424
54.03518
54.71343
54.63346
54.43681
53.57864
53.11998
54.89218
54.03409
54.46541
55.32529
54.30135
54.18702
54.51819
54.19647
54.29098
53.19087
53.85991
54.39656
54.29437
54.16216
54.34275
55.1388
53.87934
54.13404
54.1336
54.755
54.00871
54.62544
55.20222
53.85528
53.91094
55.2194
53.94417
54.08466
53.95015
54.74739
53.89309
54.17946
53.10218
54.89093
52.63922
51.70445
51.83875
53.39537
54.05602
53.76062
55.12006
54.58255
54.82561
54.37337
54.38667
52.44928
53.63276
54.48383
53.84144
54.97377
54.55817
54.72178
52.10252
53.01382
54.96168
54.01734
54.19043
54.40133
53.95345
53.54449
54.3618
53.12486
53.13168
54.80311
53.61401
53.32411
53.89558
54.89084
54.02608
54.53358
54.72578
54.76775
54.42472
54.39073
53.85976
54.24354
53.76871
54.4471
54.99705
53.49502
53.04618
54.6719
54.3075
54.67611
54.99642
53.7479
54.26424
54.71865
53.43609
55.00422
53.74882
56.08678
54.68631
53.81427
53.81987
53.86094
54.87813
54.7098
54.76064
55.192
54.33377
54.40559
54.99125
54.00954
54.28981
54.97342
53.3177
53.72463
53.58237
55.5704
54.05172
53.75614
55.74598
53.66378
53.87988
54.51714
55.07265
54.35381
54.27464
53.52859
54.87037
53.88971
54.86923
53.82472
54.76702
54.5669
54.69766
55.2221
54.3905
52.56627
53.79954
54.51204
55.24007
54.39651
54.33544
54.56
54.40292
54.58138
54.22953
52.77427
54.64154
54.64679
55.02805
55.01532
54.21351
54.80997
53.57721
54.33081
54.17226
54.20937
54.21792
54.58995
53.66359
53.7563
54.44698
54.91152
54.60108
54.95866
53.95539
54.27118
54.2355
53.8991
54.53159
54.49194
54.06796
54.38632
54.45704
53.73307
53.66991
55.14439
54.47816
54.56046
55.66199
54.46332
53.88558
54.35007
53.70031
55.22599
55.64804
54.18874
54.58007
54.1751
54.454
53.87901
54.72907
53.4844
54.82993
54.63726
54.96676
54.93293
54.31882
53.56109
54.41618
53.55366
54.81933
55.76067
54.22229
52.69844
54.61239
54.79234
53.72333
54.88863
55.22828
54.70846
54.0605
55.01902
52.95853
54.46177
54.57291
54.6544
55.38142
54.75607
54.61778
54.38395
53.97886
54.62707
53.99446
54.17764
55.09567
54.50691
53.10872
54.79601
54.1218
55.31104
53.82657
54.07692
53.8845
55.12383
54.91405
52.21166
52.69058
54.06872
53.76572
53.86478
53.88413
52.99846
53.94333
54.46188
54.01275
54.22072
54.78263
54.93936
54.20563
54.38718
55.6026
54.23034
54.45071
55.16895
53.99238
53.61666
54.49315
54.66737
54.03185
53.97705
53.58616
54.64808
53.04388
54.71807
53.95631
53.2778
55.01752
54.37027
54.21062
54.84069
54.96781
54.12387
55.3853
54.7916
54.41118
54.6934
53.62328
53.6251
54.86929
53.75722
55.22424
55.43348
54.81222
53.74771
54.8938
53.92776
53.50764
54.69341
54.60423
55.22575
55.30116
54.5402
52.78272
54.93093
54.14575
54.82197
54.95589
55.37424
53.94778
54.59955
55.75961
54.03464
54.20274
54.59147
54.96744
54.23341
54.82822
54.41244
54.02906
54.55955
54.23855
54.16724
55.02525
54.03826
54.61278
54.65968
54.44941
54.66805
54.80746
54.91407
54.1
53.78759
54.22903
55.13993
54.48274
54.91552
54.58415
54.41413
54.54755
55.24047
55.00249
54.60102
54.42817
55.21178
54.96268
54.42222
52.99551
54.0069
55.2473
54.18846
55.43805
54.93812
54.23338
54.32344
54.21868
54.77555
54.65524
55.00936
54.65464
54.20761
54.63306
53.88459
54.53975
54.4254
54.53887
54.7753
53.98264
53.73851
54.83675
54.87434
54.66475
55.60012
55.29792
53.50204
54.45296
54.3912
54.67819
53.95946
54.21607
54.37073
55.11612
54.58561
55.09129
53.64449
54.85417
53.58811
53.42329
54.05529
54.99395
54.64005
55.16644
54.03814
54.28233
52.77265
53.17714
54.00462
54.00228
54.73565
54.64311
54.80188
54.99863
54.34449
53.9846
53.43909
55.01047
53.90811
54.59719
55.03236
54.04855
54.1048
54.52061
54.54705
54.35921
53.28451
54.4801
54.43325
54.46564
54.9509
54.35923
53.19933
55.14788
54.58783
54.35908
55.23442
54.73825
53.79637
54.76211
54.1832
53.5517
53.17495
54.31404
55.1227
54.54593
54.47783
52.38483
54.59507
53.75928
54.71085
54.6368
53.98524
53.4426
54.92883
54.49978
53.36905
55.58109
54.52465
53.90473
53.70787
53.60114
54.80301
54.51968
55.14492
55.16409
54.65484
54.53554
54.03827
55.15693
53.73835
54.67677
54.74987
54.79789
54.56522
53.86208
54.84164
54.04809
54.37102
54.01436
53.7272
54.14475
54.55767
54.59282
54.72009
54.56331
54.08743
54.56282
54.31598
53.65903
54.55459
54.53579
54.28107
54.00645
54.85873
54.81178
55.20767
54.77499
54.25092
53.97028
53.65243
54.54018
53.87029
54.41129
54.25674
54.31216
54.58549
53.65021
54.58579
54.05619
54.55966
55.23457
54.45817
55.34394
54.16833
54.54596
54.79168
53.23564
53.6897
53.96662
55.22744
54.23936
54.56984
54.97273
54.15651
54.48234
54.00638
53.95921
55.03025
53.60983
54.37475
53.96989
53.89313
54.21063
54.20286
55.52744
54.23021
54.34314
54.23546
53.78884
54.1377
54.36164
55.24302
54.91883
54.16655
54.3597
54.34407
54.64023
54.64458
54.86289
54.26849
53.83117
54.84791
54.62663
55.29893
53.22832
53.64818
54.82714
54.76802
54.55568
55.06188
54.9035
54.06205
54.25018
52.92036
54.48082
54.74669
54.35953
52.12022
53.45967
54.08517
54.46128
55.39401
55.00314
54.3327
53.91706
54.41417
53.80381
54.22149
54.70772
54.40167
55.26694
54.45712
52.79742
53.64146
55.08822
54.69814
54.26474
53.92241
54.39973
54.35304
54.20778
55.50313
54.44288
53.59393
54.08685
54.92183
54.35593
53.33793
54.9562
53.68574
53.95746
55.35181
55.32778
54.62973
54.59882
55.04174
54.81689
53.35969
54.21937
54.79578
53.58402
55.90652
55.8466
54.26137
52.82295
52.72285
54.93709
54.18635
54.29267
55.68864
53.76253
52.53733
52.36909
55.5294
54.19151
54.7604
55.12583
55.14383
53.06936
54.49179
54.81185
54.74548
54.67912
55.16368
53.68935
53.18036
54.18323
55.07533
54.16199
55.41335
54.0638
54.00165
54.08053
54.08363
53.62637
54.16704
54.58438
55.36046
54.02588
55.0419
54.44663
54.07774
54.39078
55.38562
54.11818
