25.18962
24.28393
24.32318
24.45089
24.16271
24.95029
25.36298
24.39777
24.42366
24.54615
24.36671
24.76657
24.44082
24.94895
25.10913
24.66075
24.09824
24.24251
24.66246
25.03539
24.1426
24.31426
24.50244
24.33605
23.85478
25.00896
24.46497
24.56949
25.02174
24.78248
24.45491
24.06192
24.51672
24.52808
25.11336
24.3528
24.25469
24.49168
25.09652
25.3082
24.52133
24.43641
24.34839
24.75053
24.84966
24.76924
24.50611
24.33867
24.53326
24.91019
24.80687
24.37856
24.17895
24.61762
24.92706
25.03951
24.56402
24.53736
24.70397
24.40309
24.9007
24.48493
24.77011
24.75228
24.59736
24.86153
25.0657
24.40818
24.49875
24.71825
24.99835
24.73714
24.53671
24.86386
25.17365
24.28667
24.64504
24.94053
24.2555
24.78024
24.14183
24.86482
25.32882
24.6962
24.52192
24.31489
24.49726
24.79607
24.50158
25.12136
24.98058
24.42489
24.3761
25.36869
24.80834
23.66526
24.67806
25.21216
24.77847
24.50525
24.85434
24.7477
24.54628
24.66837
24.6802
24.37893
24.68889
24.81155
24.57382
24.87966
24.57847
24.36762
24.59738
24.88725
24.48628
24.62739
24.69776
24.90019
25.42358
24.83402
24.51165
24.93507
24.87929
24.38204
24.42967
24.86661
24.36846
25.21968
25.11336
25.12048
24.49957
24.94388
24.62708
25.07572
24.20996
24.49962
24.73672
24.32639
25.26811
25.38999
24.72788
24.18248
24.7242
24.6092
25.00907
24.81126
25.01579
24.90821
24.41706
24.39248
25.3141
24.08097
24.23574
24.95399
24.56385
25.09476
25.11737
24.58772
24.40357
24.91209
24.74791
24.97789
24.53788
24.68783
25.00111
24.73049
24.41262
24.759
24.675
24.17658
24.94494
24.7418
24.39386
25.4415
24.37926
24.61165
24.34065
24.90445
25.74513
25.04453
24.66521
24.28966
24.2924
25.44214
24.65532
24.90268
24.74368
24.91333
24.51226
24.79892
25.24299
24.63494
24.68146
24.74767
24.79977
25.44734
25.15394
24.90863
24.7432
24.74099
24.29243
25.23258
24.84353
24.82899
24.67598
24.31432
24.48055
25.06628
25.27277
24.95541
24.93992
24.7128
24.53572
24.96546
24.93276
24.57336
25.06183
24.55434
24.68357
24.60398
24.72251
24.83282
24.39721
25.01805
25.4395
24.8214
24.53442
24.7352
25.34854
25.12897
24.20393
23.96803
24.96312
24.9218
25.2197
25.3422
24.95753
25.15255
24.67084
24.46868
24.74462
24.65662
24.70945
24.64754
25.1718
25.0183
24.49007
24.70087
25.45845
24.99089
24.34489
24.45568
25.02867
24.7538
24.77486
25.21007
25.38566
25.4787
24.24174
24.91518
24.35579
24.90239
25.00049
24.69283
25.21383
24.95302
24.93578
24.85943
24.82852
24.34548
24.73218
24.56645
24.99646
25.97557
25.24424
24.5573
24.77783
24.89565
24.86251
24.49855
24.85213
24.40352
25.05761
24.68722
25.20002
25.68857
25.25755
24.41831
24.94957
24.69172
24.67999
25.47043
25.17217
24.75183
25.05628
25.02549
24.64914
25.56455
25.07543
24.91996
24.69691
24.78331
25.0386
24.47645
25.19895
25.02255
25.51214
24.98412
24.46169
25.15682
24.42442
25.15498
24.98941
24.94625
24.55719
24.7603
25.16639
25.08915
24.73194
25.13489
25.11621
24.85071
25.03844
24.75744
24.99134
24.67241
24.609
24.86499
24.66105
24.88865
25.78247
25.14371
24.61661
25.2485
24.88127
24.50314
25.0854
25.17038
24.45672
25.33086
24.19358
24.82545
25.47748
25.21054
24.89195
24.94327
25.00312
24.48447
24.80942
24.65335
24.90094
24.64931
24.99529
25.50885
24.71769
25.2139
24.5852
25.22661
25.19265
24.55792
25.19971
24.91427
24.65604
24.49452
24.4299
24.74412
24.61996
25.16527
25.17123
24.74796
24.76935
24.67341
24.82323
24.76949
24.56153
24.64131
24.6954
24.93434
25.10179
25.01933
25.08199
25.32034
24.37119
24.63002
25.13076
24.49694
25.13807
25.81972
24.63489
24.92504
25.54777
25.06281
24.45171
24.90056
24.84697
24.8434
24.49324
25.7966
25.40212
24.89998
24.40407
25.13655
24.44733
24.00078
25.15311
24.76574
25.13802
25.37951
23.94531
23.82355
24.08587
25.3206
24.05138
24.97411
25.69491
25.05804
24.1875
24.90319
24.86925
24.14585
24.62869
24.66596
25.42544
25.26699
25.25166
24.4098
24.46764
25.07028
24.80158
24.95149
25.09206
25.19669
25.01037
24.76538
24.14528
24.75606
25.16494
24.6842
24.36835
24.69085
25.44049
25.04579
25.4064
24.81547
24.9239
24.72268
24.8561
25.15306
24.39626
25.04016
25.92185
24.74554
24.72258
24.90643
24.86449
24.87203
24.10889
24.75669
24.71351
25.21667
26.14948
24.93962
24.73972
24.75157
24.78411
24.27939
24.45308
24.96423
25.68035
25.59712
24.94831
24.5328
24.31237
24.56171
25.15426
25.46102
25.5507
23.92711
24.43987
25.26812
25.00102
25.41657
24.88152
24.23127
24.85559
25.16079
25.0326
25.29685
24.7392
24.8371
24.63802
24.56607
24.54143
24.63735
25.37394
24.92909
24.62742
24.99072
24.95902
25.23832
25.02804
25.14034
24.72017
24.5208
25.04793
24.57139
24.88234
25.49547
25.59379
24.387
24.34924
25.18546
25.04996
25.59407
24.87627
25.46105
25.23229
24.33013
25.33546
25.05966
24.55596
24.71336
25.05038
24.6861
25.27962
25.67054
24.86618
24.17427
24.71779
25.16423
25.17419
24.56995
25.40492
25.23659
25.00557
24.89287
25.10684
25.45716
24.87212
24.9329
24.8673
24.97702
25.18052
25.24119
24.84513
25.02695
25.01404
25.67189
24.99852
25.00647
25.13649
24.51266
24.97978
24.88333
25.14979
25.74085
24.98283
24.80128
25.04134
25.19933
24.9784
24.43803
25.35505
24.75434
25.18516
24.82416
25.19308
24.60249
24.94226
25.67926
25.46912
24.83089
25.0514
25.06943
24.69138
24.46278
25.29471
24.6853
24.86356
25.14115
25.74083
24.53711
24.69908
24.454
24.72613
25.19572
25.44302
24.65691
24.86706
25.10245
24.46952
25.57758
25.15999
24.92212
24.75291
24.80995
25.33497
25.51492
24.85696
24.70114
24.86088
25.11927
23.59925
24.30128
25.03393
24.72866
24.8202
25.06228
24.93449
24.94098
24.82593
24.21042
25.23226
24.48656
25.02008
25.52974
25.04771
24.28096
25.14511
25.3866
25.02991
25.23945
25.5401
24.65753
25.00896
25.1179
25.07018
24.60929
24.75273
24.51023
25.21853
25.19178
25.05264
24.71145
24.75837
25.20916
25.3693
24.80746
24.76188
24.58684
25.23014
25.68506
25.49703
24.46502
24.93575
25.31978
24.8586
25.14975
24.7963
24.98834
24.98676
24.95673
24.98294
25.11504
24.95986
24.95694
25.1855
24.80775
24.79988
24.91225
25.007
25.35642
24.78069
25.087
24.94655
25.21152
25.78321
24.7196
25.11231
25.76405
24.9427
24.69185
24.79101
25.58991
25.54876
24.66901
24.44715
25.01574
24.93612
25.62355
25.06477
24.96848
25.35485
25.21758
24.70184
25.14636
25.01229
25.07094
25.04651
25.00272
25.54492
25.44798
25.03344
24.74323
24.98328
25.51855
25.20862
25.17074
24.70979
25.11796
25.13072
24.62599
25.44058
25.97201
24.98666
24.23934
24.978
25.29023
24.80125
25.6191
25.4529
25.30266
24.87724
25.21629
25.19877
24.65604
24.96154
24.97256
24.6605
24.90433
25.28171
25.55088
24.9691
24.99246
24.80158
25.65201
25.42288
24.7842
24.50312
25.03552
25.28417
25.65016
25.03838
25.19596
25.04422
24.83683
24.90264
24.65327
24.89249
25.05715
24.57988
25.18394
25.19717
24.75221
24.8532
24.63907
25.19076
25.3063
24.88122
24.69199
24.24582
24.83437
25.03453
24.50536
24.99553
25.62256
25.18618
24.7622
25.13875
24.69234
24.59599
24.56027
25.3783
24.84504
24.77214
24.85876
25.19089
25.24244
25.23567
24.9363
24.97885
24.68654
24.727
24.70622
25.06291
25.46407
24.48453
24.38232
25.44194
24.46652
24.66958
24.91139
24.61132
25.21903
25.36394
24.3061
24.36425
25.33712
25.07112
25.45387
24.65556
23.85988
24.93972
24.12045
25.00712
25.85717
25.3109
24.87332
24.38214
25.10861
24.66319
25.08794
24.86263
25.11767
24.85353
25.30304
25.65853
24.946
24.83937
24.51033
25.0293
24.5419
25.38588
25.01205
24.59606
25.01003
24.79662
24.58941
25.14888
24.78966
25.38641
24.8552
24.60923
24.70906
24.16826
24.66572
24.75106
25.43438
26.05677
24.45024
24.81578
25.07893
24.90999
23.95558
24.92701
25.20328
25.08772
25.30759
25.77952
24.89308
24.69944
25.21592
24.83946
24.38544
24.61927
24.55647
24.9408
24.74402
25.39662
24.85457
24.54909
25.25685
24.12744
25.25245
25.33423
24.32508
24.49929
25.26725
25.39143
24.45601
24.74277
25.203
24.99909
24.88528
25.52483
24.54886
25.18182
24.83889
24.41166
24.78683
24.45985
24.85718
24.82749
25.20925
25.43072
25.00144
24.66184
24.66403
25.00838
25.59022
24.72811
24.86472
25.10168
25.50062
24.257
24.8512
25.07333
24.95576
25.14088
25.19254
24.94798
25.1001
24.83883
24.90767
24.25887
25.58107
24.56818
25.51176
25.02095
25.27995
25.17398
25.65577
24.80747
24.57367
25.23084
24.97688
24.76973
25.50584
24.91609
24.86127
24.71434
25.51541
23.6897
24.70012
24.35734
24.87461
25.38156
24.74256
24.75175
24.37688
24.99221
24.75284
25.01414
25.65335
25.25758
24.58178
24.50065
25.03831
25.34854
25.1417
25.09105
24.63721
25.00021
24.83987
24.67812
24.75505
24.9785
25.46501
25.35149
24.33846
24.42968
24.89324
25.24455
24.87746
25.32397
24.92789
24.73686
24.86801
24.97927
25.04932
24.50211
25.20895
24.46862
25.01921
26.09468
25.16128
24.50857
25.13498
24.85048
25.07706
24.51303
24.79187
25.28344
24.75972
24.82964
24.50203
24.26991
24.71236
24.7258
24.644
24.64557
24.8186
25.47099
25.37407
25.12944
25.31166
24.57918
25.10988
24.81169
24.88469
24.47584
24.8066
25.70345
24.72363
24.81371
25.09095
25.29187
24.77004
24.74454
25.12283
24.87459
24.96996
24.87377
25.16512
24.9433
24.77674
25.20358
25.05622
24.92074
25.34853
