1.555261
1.496906
4.704834
2.348647
2.016249
3.03952
4.431891
2.098359
3.086777
1.452657
3.725752
5.684045
3.276507
1.409093
1.728245
4.483218
4.881443
2.719313
3.88287
2.36126
4.138546
6.334217
2.291216
1.936173
4.085244
3.534834
5.39882
5.164586
2.028575
2.908936
5.187569
3.71956
2.741701
2.429973
5.818629
4.194492
1.828311
4.472689
2.872002
2.5497
4.781504
3.933374
3.054282
2.703811
4.357841
3.590975
3.753942
2.578239
1.429018
7.501796
3.559402
1.104969
1.512251
3.552385
4.432736
1.858346
2.134494
1.655684
3.89091
5.126699
1.522969
1.661679
1.644561
4.850619
3.959261
1.97618
2.238455
4.081232
5.426865
2.691308
0.7910912
3.087175
6.014618
3.141988
0.8700523
3.150936
2.840077
4.100463
3.87276
3.741336
4.989201
2.59056
1.7165
4.17542
3.984477
3.599028
1.384518
4.806856
4.269285
1.671506
3.19136
3.364229
3.335824
3.899136
3.127861
3.144011
2.510065
3.51999
5.095518
3.447122
2.343903
2.641454
2.645904
3.387183
5.543781
1.222891
1.007042
2.634667
2.900296
3.042361
4.569875
4.176455
0.6189228
3.295988
2.372375
2.615917
3.935295
3.052674
3.658437
2.459903
2.294804
2.457345
6.680811
3.668109
0.9985016
1.015333
4.001537
5.792756
2.252209
2.076313
4.628597
4.146662
4.466744
3.379016
3.251002
3.514539
3.403422
5.656807
3.389663
1.798389
3.88376
3.570891
3.90002
2.992833
2.940919
1.857798
2.384727
6.836351
2.551114
1.077039
2.043742
5.275018
2.858902
1.865019
3.202027
3.128848
4.554206
4.371112
1.564206
2.154785
6.091222
3.901007
-0.1679031
4.054724
4.302357
3.712734
3.910712
5.78161
3.368711
2.000311
3.364558
5.063967
4.24896
1.625522
0.8955092
6.011919
4.317379
1.406164
3.158951
4.757695
3.075969
2.44617
4.335942
4.438626
1.601416
2.227626
3.581892
4.455884
4.942304
3.144771
2.051389
3.087686
4.815849
2.460385
3.838724
3.415477
2.651748
1.786349
3.802669
3.680625
2.754331
2.483505
1.694763
3.469532
3.416434
5.235259
2.096098
0.6634237
2.620564
4.780217
3.41417
2.267183
4.361393
3.393088
2.442064
3.81433
3.130506
2.954104
3.360395
4.863431
3.748523
1.084637
2.054309
3.05283
3.535093
5.782243
0.9891263
0.5415519
2.103649
4.064728
3.116694
2.113295
2.602321
4.78758
3.428222
1.444271
2.653531
3.698787
3.988371
3.989608
3.080687
2.678703
3.509422
3.882482
3.946524
4.273376
3.092744
2.800047
1.136038
4.428679
6.423873
2.285934
0.3849739
3.091828
2.851161
5.48429
2.790038
0.1539716
1.874588
5.94087
3.048648
1.707414
3.439035
4.965115
3.376969
0.8739998
3.761332
6.847636
1.168701
1.149268
3.150582
3.823843
3.964918
3.55182
2.717501
2.551624
3.379273
3.21242
3.491047
2.782526
2.646099
3.999702
2.191877
6.534614
2.895398
1.588741
6.068975
3.814609
2.753627
4.449775
5.130365
0.7486079
3.098667
7.608225
2.434577
0.7990251
2.856804
4.029181
5.896595
3.028042
2.665947
2.025043
3.028584
3.301952
6.033226
2.652424
1.684608
1.415919
3.403993
3.522995
4.012978
1.719243
3.012899
2.403219
4.514474
2.912641
1.197373
4.341876
5.957525
3.597256
1.84134
0.8094959
3.983373
5.63003
2.268428
0.2540231
4.687562
3.803885
1.99385
4.293011
2.79136
3.521671
4.417365
2.234442
1.52402
4.292909
6.5798
3.346431
0.5213158
2.208896
4.136031
3.251026
2.350017
3.107854
3.187383
2.556648
4.652217
3.594664
2.65336
4.575841
3.779832
5.048711
3.10208
4.607408
2.85869
3.995491
3.620127
2.888366
3.137535
5.625186
1.776
0.9308263
2.137952
5.411653
1.886304
3.883464
4.442889
1.63545
2.493757
3.104625
5.094624
2.866753
3.06601
3.915872
5.288349
4.890671
2.077351
2.899579
4.062131
5.284043
2.852135
2.127371
5.546114
3.324466
1.710443
2.684643
5.281491
3.408078
0.5523629
2.843083
2.931426
2.270821
2.292034
3.669364
1.808696
1.825724
4.584522
3.540866
1.369153
1.676749
3.231579
5.677197
4.996384
1.83071
3.065514
3.267142
2.278529
6.327515
5.963713
0.4582966
0.7543608
4.369268
2.707159
1.353992
2.531137
2.636154
2.170178
6.34311
3.558297
1.344567
1.999876
4.275492
4.108664
2.615601
2.181284
4.382262
4.934687
1.498837
1.656366
5.981138
4.128718
2.59478
3.978366
3.701049
4.915207
2.445476
3.599053
3.7497
2.84953
2.46821
3.199705
5.231801
2.497408
1.745417
4.118487
5.154509
1.305531
1.27713
1.492159
3.797122
3.65745
2.824261
2.4461
4.562825
5.20283
3.328638
2.742957
3.955543
2.575451
2.626675
3.862684
6.258299
1.903765
1.674162
3.30838
3.72068
4.889584
2.985179
1.836801
4.918379
5.532138
1.951199
1.897018
3.937711
5.168031
2.533245
3.053603
4.521879
4.142546
2.65402
3.979117
2.610839
3.75525
3.199278
3.342479
3.267557
3.350636
3.30285
3.621245
4.133246
2.562539
4.917358
3.458518
1.795934
2.482908
4.8291
2.500145
0.9607729
1.259741
2.856015
5.422927
2.105203
1.343712
2.100908
2.789926
5.336558
2.074083
0.7402574
3.408399
4.566008
4.376276
2.188335
1.159536
3.351457
5.918726
1.783387
0.813514
2.638973
4.037101
1.760634
4.044805
5.84592
0.966042
1.1227
4.024528
3.292989
1.789206
3.433121
5.951218
2.607507
1.019016
2.977256
1.987566
3.234568
6.261271
3.404393
1.239187
2.670207
4.612897
4.852129
4.179146
3.325874
4.479679
3.245164
1.759907
2.962438
6.423768
2.223772
1.057263
4.301507
4.483304
4.371387
3.276489
2.918725
4.239908
3.734471
5.720684
2.596433
1.960591
3.671278
4.865436
2.110209
3.314449
3.901592
3.167637
2.813597
2.420388
4.463538
3.65879
3.073672
1.633927
6.055083
2.747955
0.9178476
3.508383
4.374886
2.26168
2.797106
4.244072
3.271398
2.90517
2.91589
3.770442
4.147771
3.635393
4.128144
0.5490048
2.033038
6.118442
2.178071
-0.1189664
4.811745
3.582215
1.350187
2.892519
4.371146
3.628844
3.611287
0.7737063
3.109774
6.804894
2.334251
3.002761
2.208059
3.000297
5.480147
0.4822664
2.454919
4.943646
2.766311
1.744322
3.710888
2.425155
3.647066
3.083644
2.670267
3.193521
4.365423
3.769937
2.560743
2.429021
5.098208
4.140171
3.835852
1.494038
3.025669
6.812455
2.099288
0.8851603
1.867013
7.452913
2.36106
0.9617539
3.948798
2.995272
3.44083
5.303154
1.646332
1.590738
2.659012
4.522308
1.927882
2.774997
2.409056
4.42551
3.187968
3.57788
3.151625
3.014426
4.101254
3.959483
-0.02784605
2.776467
4.188677
4.975754
1.203922
2.59482
2.80687
4.569841
2.397416
2.730345
3.866259
2.317465
2.644467
3.308121
3.412202
2.733761
3.41473
4.921118
2.999259
1.761291
5.653732
2.559609
1.54687
2.168449
3.912566
4.765525
3.321427
2.082335
1.546804
4.841598
5.24668
1.261839
0.6366583
2.774976
3.594861
2.273387
3.233179
3.605381
3.284659
3.873406
4.125525
3.883709
2.907981
4.794236
3.427034
2.823162
4.769608
4.894683
1.900449
1.399824
2.852096
6.452143
3.393018
0.01441322
2.112149
2.598517
4.561141
4.656152
2.595559
1.595652
3.996178
2.719669
5.345178
2.684239
3.837341
4.034889
1.766057
4.146585
5.168299
1.642016
2.775125
2.238144
4.836458
4.446917
2.787866
1.53073
3.576447
1.819387
3.154665
5.249876
1.521927
2.689118
2.553957
4.052477
4.567645
1.601091
1.586786
2.324656
6.126671
1.431253
1.553097
3.680967
4.648091
2.03694
2.754129
2.925195
2.908924
4.76429
1.797187
3.71316
1.649506
2.225629
4.392059
2.846676
0.534971
1.352478
3.85861
5.045538
1.891372
1.741269
2.788404
4.232208
1.983579
2.480046
2.418468
5.249032
1.486315
1.69775
4.462049
4.576255
1.315389
2.602847
5.443381
1.139783
2.350774
5.951642
2.714977
1.438269
2.725975
3.611755
4.275038
4.716953
3.897485
3.658689
3.873362
3.970028
2.570299
2.244484
5.381359
5.640851
3.044189
1.099035
1.738636
4.161522
3.953063
3.064199
2.969167
1.178519
3.262038
5.475539
1.934487
2.034493
3.814686
3.339787
2.680297
4.070271
1.886168
2.634892
6.358571
3.497092
1.53376
3.792916
1.804455
1.933563
3.562612
5.285817
2.829273
3.10303
0.6304389
1.665395
6.396121
3.927023
1.875889
2.144148
1.821291
5.178768
1.830347
1.241728
3.44008
2.839643
2.068674
4.45536
4.163581
3.648343
2.108194
3.213091
3.802576
2.035023
3.362304
6.020616
3.691994
0.6181329
2.271805
2.802072
4.496016
4.436625
1.670979
0.4455127
2.018121
3.094505
3.662945
2.406235
3.004644
4.342885
4.489773
2.896003
3.957391
3.274168
3.774928
4.368328
3.797056
3.357143
4.881059
2.500382
2.996853
4.110631
3.155395
3.949193
5.712071
1.382636
2.323432
3.007441
3.891278
4.297092
3.677839
1.917247
1.78399
5.542438
3.684048
1.702587
1.138505
3.720167
4.909518
2.579181
1.599516
1.728466
2.30547
5.656832
3.709913
0.9016323
1.97408
4.094729
3.604411
4.740701
3.509153
4.038642
2.570778
2.163734
6.041213
3.560397
0.1792123
3.206371
3.108681
5.404281
2.634324
1.940531
3.004097
4.010796
3.583623
3.012283
4.421375
5.162992
1.288783
3.049045
3.720462
1.342416
0.4363728
1.643007
2.124269
4.008478
4.580287
1.658635
1.452998
2.667535
5.019072
4.188708
1.926239
3.051272
4.343639
3.040416
3.642717
4.784205
3.186003
2.531301
3.040989
6.538852
2.436889
1.279332
3.530154
4.493731
2.123467
1.999351
0.7949926
4.853701
5.72571
2.05338
1.544865
2.154893
2.867582
5.666634
3.481442
0.488043
3.172003
2.774765
5.046688
3.64406
3.033899
2.274912
5.678768
3.219862
4.21354
2.304992
0.8557518
2.596532
4.025883
6.482691
1.234428
0.449273
3.394372
3.340297
3.373924
4.822028
3.197532
2.69578
3.161298
3.206465
3.081899
4.72289
2.457732
3.39326
3.741923
2.229875
3.082085
5.558908
3.942417
1.358488
2.479397
3.973365
4.437493
3.665129
1.50819
3.190315
4.304473
2.840264
3.261414
4.756215
1.83848
1.129254
4.686613
