28.73286
28.91115
28.91577
29.49394
28.86037
28.44458
28.70612
29.46962
29.12794
29.04869
29.05059
29.08527
28.98945
28.63889
28.07096
29.53196
29.1528
29.01526
28.60384
29.32655
28.62818
28.90224
28.59781
29.37465
29.2322
29.35239
28.99798
28.97228
29.14296
29.04467
28.85276
28.78709
28.97083
29.39942
29.04377
28.71684
28.974
28.59866
28.68647
28.92075
29.49315
29.11354
29.00763
28.81864
28.96436
28.94893
28.48955
29.17221
29.13293
28.95903
29.449
28.79079
28.48181
29.28956
29.17701
28.77841
28.87815
29.10343
28.10816
29.8167
29.2653
29.31223
29.54359
29.28568
29.15668
29.04706
29.0233
28.96661
29.43359
28.89706
28.44916
29.23493
29.35049
28.91608
28.53391
29.54576
29.18204
29.38449
29.35971
28.64366
28.68948
29.20135
29.31372
28.84048
28.51308
29.15713
29.26194
29.1432
28.78502
28.82615
29.08927
29.01594
28.88585
28.5081
28.90149
29.03504
28.47091
28.97398
29.48251
29.17834
29.34376
29.33962
29.20597
29.22993
28.27316
29.31669
28.93634
29.00784
29.04358
28.98228
29.10292
28.25857
29.21905
29.20533
28.61098
29.06648
29.32152
29.2844
29.17984
29.27696
29.25009
28.44407
28.56431
28.48459
29.46114
29.40594
28.79893
28.97414
29.19271
28.28406
28.82433
29.90135
29.14467
29.38633
29.52838
29.21794
28.53268
28.23069
29.20195
29.63071
28.95004
29.22282
29.03308
29.12221
29.1896
28.70827
28.7364
29.86917
29.0629
29.31156
29.52798
28.55067
28.38117
28.94581
29.47463
29.17504
29.14
28.28479
29.36452
29.12104
29.28914
29.70546
28.97126
29.3964
29.57418
29.44283
29.12196
29.45074
28.93114
29.26838
29.23459
29.21754
28.79282
28.79504
29.67587
29.40022
29.11462
28.81491
29.24108
29.45975
29.11536
29.03819
29.84428
29.28593
29.08393
28.47068
29.35599
29.40217
29.10699
28.7261
29.6794
29.22126
29.12692
29.57498
29.0856
29.08432
29.29583
29.23591
29.28997
28.41964
29.45218
29.26515
29.45397
29.56636
29.39202
29.49706
29.19139
29.20454
28.45047
29.58785
29.40475
29.60503
29.63422
29.46618
29.40143
28.46968
28.45442
29.62565
29.63506
29.32828
29.27285
29.0873
29.41235
29.47151
29.1438
28.75165
29.16814
29.56721
29.39422
28.34267
29.73521
29.47535
29.08527
29.40931
29.66066
29.48653
28.34549
29.57696
29.69486
29.49751
29.34337
28.79034
28.81381
29.59727
29.35477
29.22979
29.49181
29.47028
29.6409
29.22758
29.26594
29.57196
29.05746
29.474
29.04562
29.06667
29.25145
28.83853
28.55288
29.77975
29.79943
29.30032
29.75672
29.59608
29.46597
29.10856
28.41256
29.58982
29.42543
29.32672
29.33514
29.25949
28.39043
29.49292
29.60646
29.56296
29.89498
29.44979
29.64921
29.36526
28.79128
28.73569
28.67777
29.69793
29.42016
29.33825
29.68715
29.20463
28.92903
29.36504
29.10585
28.70325
28.4934
29.53576
29.19769
28.69009
29.30985
29.86871
29.60882
29.44278
28.64092
29.00127
29.68461
29.36583
29.54944
28.74246
29.49595
29.77918
28.90743
29.20735
29.41785
29.40165
29.55576
29.10844
28.70185
30.03034
29.71753
29.6525
29.5557
29.36946
29.28343
29.27296
28.93028
28.84437
29.53028
29.41905
29.1644
28.20366
29.52181
29.47299
28.34585
29.75333
29.61229
29.19589
29.45722
29.51405
29.0152
29.24394
29.42748
28.91771
29.12586
29.23017
29.36426
29.53205
29.42576
29.10165
29.36316
29.48334
29.41953
28.86251
29.20023
29.66432
29.61286
29.54781
29.2049
29.09989
29.16163
29.18209
29.2836
29.50767
29.40727
29.35988
28.79713
28.19411
28.46995
29.31268
29.6737
29.22461
29.55949
29.43321
29.35356
29.38794
28.51283
29.64501
29.5537
29.34423
29.68852
29.45466
29.55715
29.52248
29.22755
29.32111
28.59448
29.26534
29.47308
29.51735
29.53975
29.17743
29.54509
29.21967
29.35996
29.21255
29.5956
29.52719
29.34831
29.78019
29.35591
29.05712
29.86031
29.49518
29.06862
28.90573
29.67396
29.40546
28.97395
28.68644
29.90757
28.7421
27.74018
27.2443
28.7402
29.35848
29.1992
29.67668
29.55047
29.7478
29.5659
29.53906
28.05715
28.87705
29.83169
29.2806
29.50053
29.52732
29.50411
28.2081
28.58861
29.79895
29.39938
29.25843
29.18766
29.45492
28.98443
29.32578
28.96465
28.83959
29.27689
29.0176
29.01288
29.12198
29.88068
29.34639
29.23629
29.56941
29.74349
29.52444
29.24557
28.96438
29.74118
29.30456
29.23896
29.5901
29.07607
28.61048
29.56317
29.6747
29.4211
29.60793
28.99326
29.28514
29.61536
28.89658
29.88511
29.2704
30.05055
29.58738
29.12147
29.06714
29.16737
29.68047
29.96266
29.54086
29.65981
29.53613
29.39789
29.68764
29.50724
29.23631
29.63667
28.86767
29.14874
29.09501
29.97949
29.33771
28.84815
30.08127
29.42641
28.91691
29.39191
30.00012
29.55269
29.19384
28.5959
29.7134
29.46607
29.60551
28.75406
29.74027
29.6385
29.70709
29.67434
29.27923
28.27052
29.35349
29.46625
29.78187
29.65276
29.34802
29.46075
29.53082
29.49595
29.3785
28.39307
29.6357
29.80704
29.6641
29.76861
29.5857
29.55688
28.78643
29.40938
29.44366
29.53634
29.348
29.26648
28.83249
29.3216
29.70362
29.63653
29.29589
29.71456
29.36939
29.18606
29.46593
29.20508
29.56336
29.38531
29.31034
29.38792
29.59464
29.12494
28.84352
30.0097
29.49104
29.49155
29.9771
29.318
28.86331
29.78815
29.44272
29.61518
30.01715
29.36691
29.37232
29.39555
29.52447
29.11864
29.55763
28.79623
29.94966
29.62149
29.64893
29.72736
29.24039
28.8882
29.60901
29.24638
29.32992
30.06494
29.48582
28.42944
29.47164
29.75185
29.30372
29.50848
29.72787
29.72943
29.46674
29.64758
28.37008
29.51308
29.84132
29.70935
29.69421
29.62031
29.52952
29.68286
28.97098
29.6488
29.41112
29.26876
29.54307
29.3897
28.75764
29.80258
29.38327
29.82106
28.97849
29.16545
29.21945
29.93361
29.81889
28.16598
28.11754
29.14624
29.14777
29.22884
28.98834
28.47
29.44082
29.53819
29.30114
28.98521
29.55981
30.00465
29.40174
29.26766
30.15881
29.57583
29.35859
29.4842
29.36311
29.23255
29.53075
29.38868
29.3307
29.13396
29.01909
29.57146
28.67724
29.47355
29.36447
28.8591
29.73165
29.67499
29.24487
29.38573
29.93392
29.35762
29.73313
29.80221
29.54164
29.77065
28.81956
28.85103
29.75542
29.40154
29.63985
29.75663
29.78948
28.93733
29.81081
29.21158
28.68752
29.9066
29.83861
29.71068
29.80923
29.43429
28.51737
29.93499
29.65306
29.47562
29.18452
30.03901
29.63024
29.19548
30.01768
29.65854
29.19321
29.52443
29.76154
29.45771
29.58442
29.43106
29.34749
29.56987
29.47019
29.11744
29.63346
29.48833
29.43343
29.60267
29.46673
29.79118
29.51003
29.69278
29.40765
29.00094
29.41082
30.01758
29.57446
29.60312
29.18168
29.67621
29.58168
29.90906
29.61293
29.51232
29.53942
29.94405
29.69606
29.59574
28.72679
28.96855
29.94657
29.52708
29.81151
29.57727
29.3887
29.20811
29.64129
29.75727
29.46834
29.75673
29.67475
29.39801
29.4161
29.37519
29.50201
29.39127
29.54133
29.6247
29.4994
28.70255
29.79413
29.93628
29.5632
29.97952
29.7626
28.84843
29.59411
29.6648
29.5282
28.86767
29.32915
29.62699
29.76552
29.44248
29.57816
29.23155
29.71072
29.12836
28.62553
29.42147
29.84301
29.53318
29.34243
29.52025
29.6134
28.45341
28.42074
29.45327
29.42873
29.50703
29.51654
29.54671
29.88261
29.50144
29.22304
28.6444
29.97363
29.41148
29.51964
29.39937
29.21183
29.46594
29.5752
29.56065
29.42817
28.80239
29.39242
29.6651
29.51737
29.53115
29.51446
28.63539
29.8494
30.08615
29.44677
29.73849
29.62916
29.27631
29.61518
29.55067
28.71376
28.74805
29.61555
29.89091
29.57505
29.39957
27.91627
29.4782
29.37606
29.40572
29.57086
29.22634
29.07252
29.53168
29.58688
29.11959
29.90331
29.57223
29.47777
28.80756
28.95571
29.96493
29.75117
29.61255
29.70347
29.61646
29.62913
29.32272
29.71877
28.93852
29.76962
29.86921
29.66654
29.12679
29.19563
29.89635
29.36617
29.14376
29.34407
29.18533
29.22103
29.57801
29.54105
29.5277
29.59309
29.53896
29.44046
29.22475
29.19262
29.724
29.41591
29.10354
29.391
29.9707
29.50861
29.7234
29.68253
29.53559
29.0778
29.1632
29.46735
28.98155
29.51296
29.78038
29.4713
29.29087
28.76359
29.69177
29.62154
29.45374
29.83357
29.35206
29.91996
29.48034
29.52589
29.54267
28.67022
29.11066
29.29591
29.99502
29.57178
29.16627
29.7506
29.58732
29.4446
29.05533
29.16164
29.79036
29.30604
29.19725
28.96676
29.21629
29.71083
29.44836
29.71847
29.54514
29.44629
29.26452
28.84071
29.5752
29.63717
29.78254
29.64601
29.12111
29.44232
29.69599
29.68904
29.44612
29.62131
29.43417
29.3807
29.70381
29.59739
29.75122
28.93096
29.09865
29.60432
29.82606
29.56079
29.74719
29.77262
29.23418
29.59956
28.59844
29.51971
29.49005
29.49821
27.94882
28.78382
29.51312
29.69344
29.71288
29.84911
29.4963
29.20368
29.39853
28.98164
29.59386
29.68724
29.48115
29.66023
29.46889
28.53773
29.11916
29.88428
29.73818
29.28151
28.89552
29.77929
29.6887
29.38589
29.58204
29.34243
29.03692
29.4389
29.8812
29.46908
28.53953
29.90194
29.44644
29.2327
29.59707
29.80452
29.69419
29.73654
29.75429
29.62477
28.768
29.64128
29.85673
29.3219
29.77803
29.91401
29.80203
28.58275
28.26932
29.71061
29.70311
29.5177
29.87978
28.94255
28.27923
28.52361
30.16982
29.51532
29.50817
29.72428
29.73318
28.72068
29.70704
29.72893
29.82799
29.62277
29.70353
28.87533
28.85495
29.51909
29.82996
29.40043
29.85944
29.24749
29.31508
29.21593
29.22085
29.3301
29.32855
29.51587
30.01354
29.52679
29.55522
29.63614
29.37311
29.46896
29.92269
29.73051
