102.1757
100.8634
99.8818
104.6263
106.0551
104.0707
100.5308
100.7289
104.0337
106.03
106.3647
104.6637
104.2213
103.0092
102.8243
103.4062
104.0255
103.3201
106.9745
105.1468
103.1649
102.707
103.3074
101.722
100.933
102.6773
104.5231
103.588
102.1184
102.8669
103.9495
102.9737
103.2537
102.9431
103.1712
105.287
105.2217
103.0886
103.9151
105.3627
101.2623
101.4811
103.9938
106.9013
106.15
102.7969
102.4559
103.9676
107.2029
104.8752
102.0994
102.0823
102.8493
104.7188
104.5799
104.4056
105.9737
105.7256
104.2176
104.8465
104.2808
105.298
105.5365
105.8073
104.5067
104.3805
105.1709
105.1628
104.446
102.9895
105.693
104.3839
102.2615
104.0112
105.289
103.5327
103.2698
103.1877
103.848
104.1386
103.588
100.8759
103.9119
103.2516
103.731
102.4628
101.2771
103.1014
103.593
103.3725
101.8324
101.4847
104.1193
105.05
102.8231
102.5369
103.6263
105.7248
105.0095
103.6099
104.2141
104.2138
102.6768
103.9172
104.2735
103.2147
103.1736
103.74
103.5464
101.2655
101.5912
102.5271
104.7858
104.0964
104.3666
103.9351
103.8579
103.8935
105.6101
105.6636
103.8999
102.6737
103.5774
105.6521
104.2837
102.1056
103.0762
105.763
104.1542
103.3103
104.0208
103.4184
103.2505
103.2201
104.3569
104.7481
104.4899
102.8303
102.5579
104.6369
107.7466
106.8828
104.1793
103.8211
102.914
104.3151
104.0962
104.6057
103.6479
101.6254
102.0505
103.4365
105.0325
104.6452
104.3198
104.6453
102.1998
101.5835
104.2702
106.7494
106.764
104.0871
103.2028
103.8137
105.2048
103.2675
102.1724
100.2822
101.6957
103.8429
104.3111
104.5326
103.1122
102.4359
103.6659
104.928
103.8585
102.7197
103.4624
105.076
103.7894
105.0753
102.3582
101.1373
102.8403
104.816
106.0912
104.2123
100.3824
101.0904
102.9969
104.602
105.5198
102.7687
101.9193
103.7258
106.0952
106.247
105.8723
106.8246
104.789
104.3644
104.6561
104.8384
103.8651
104.4161
105.2952
106.7235
106.2245
103.5606
102.8567
104.088
106.8704
104.8835
103.1922
102.7782
103.91
104.6402
102.4152
102.5507
102.0106
104.1389
105.491
104.5069
103.8705
105.8677
104.439
103.4188
105.1542
103.9931
102.1812
102.5818
104.1544
105.8705
103.7111
103.551
104.2611
103.1189
101.9255
103.4054
104.9145
104.3334
101.7617
103.3975
105.8116
106.3572
104.4797
103.936
104.2687
104.1733
104.5146
104.5524
103.7687
103.8491
103.1521
104.7988
104.6743
103.87
103.8091
104.8424
106.772
104.1643
101.7901
102.3617
105.7704
107.0833
104.2007
102.6645
102.3723
105.346
104.6602
104.9904
103.1741
105.3731
105.1282
104.9852
103.1284
102.6205
105.2953
105.7892
106.4208
104.8147
105.3506
105.5488
104.7805
103.531
103.5149
105.895
104.4101
102.8584
103.1555
104.8193
105.8482
105.5594
103.8665
103.0691
103.8242
103.1146
104.918
106.7743
105.4211
101.2474
102.0475
105.1708
106.2229
105.6372
105.2565
104.7826
101.9294
104.1296
105.7543
105.5719
106.4812
106.0455
103.0415
101.0953
103.8179
105.9485
105.9229
103.6503
103.8661
104.8801
106.1219
106.4286
104.3613
101.8365
103.2355
102.8971
105.7698
104.6724
104.132
104.5843
104.4025
103.5233
104.3494
105.4092
105.4926
103.4248
104.4683
105.6013
106.3414
105.8618
104.5951
103.6117
103.7029
103.9253
104.1112
105.483
106.1917
104.7455
105.466
105.916
104.3077
105.2712
106.9801
105.4842
101.6671
101.4216
104.3033
106.4864
104.4544
104.2983
102.8026
101.1463
100.1986
104.1052
103.0754
101.8911
104.0357
104.2766
103.6803
101.6806
102.121
104.0667
104.1633
103.6368
103.8672
103.0379
103.0908
104.1279
105.2849
106.3948
105.3245
103.3371
102.9794
104.4574
103.2487
102.3526
102.1061
104.2359
106.1164
105.3178
103.4734
103.8548
104.5804
105.9079
105.6638
103.3371
102.673
103.5032
107.3181
105.326
103.0765
103.529
103.7595
103.2211
103.9292
106.649
100.802
93.85153
97.30332
101.1637
102.9634
104.0322
105.0304
100.9431
101.9913
103.7071
106.142
106.2493
105.4447
105.6763
104.4579
104.8045
104.4962
101.9065
98.97202
101.6336
103.8937
104.5456
105.2949
103.4721
102.1821
103.7753
104.4292
103.1199
101.1975
102.1706
105.1692
105.4105
105.1903
105.3399
103.6383
102.1586
103.6829
105.7385
108.9481
105.7877
102.2512
102.8674
106.2174
107.7573
106.2223
105.5633
104.8952
104.2008
105.089
106.5508
107.3933
106.8933
103.9502
104.1858
105.1446
105.1983
105.8007
105.1913
104.9465
103.8189
104.1485
104.2535
103.6586
104.7982
105.5586
105.2074
105.2207
103.6737
102.3157
103.5991
104.8341
104.7023
102.9784
103.9892
105.2372
107.1831
106.707
104.1849
102.6853
104.6368
105.9477
104.8385
103.4615
102.8145
103.7325
105.5581
102.9096
102.8764
106.6515
106.3474
105.2714
103.3023
103.5115
104.1619
106.0189
103.0048
101.6928
103.9984
106.0149
107.2114
104.6101
102.2206
102.7125
105.1314
107.117
105.7105
102.9859
104.9241
106.7247
105.8316
105.1932
106.5517
105.1464
101.9477
103.362
105.3202
107.2498
104.8145
103.9053
104.2875
101.9291
102.633
104.0428
105.8727
105.3805
102.9025
103.1137
104.9015
105.7812
107.3516
106.6511
105.518
105.1222
105.9683
105.2392
102.7796
103.1497
104.3262
105.9325
106.5434
105.5847
104.747
104.3199
101.6396
100.7348
103.6063
105.1657
105.2136
103.1609
101.4011
102.5103
105.1688
105.972
104.9309
104.1339
106.222
105.9775
106.0429
105.9729
105.3196
105.3883
104.9824
104.571
106.1765
105.6404
103.8458
103.4271
103.1856
103.8656
105.038
106.0518
103.8577
102.544
103.8241
104.4228
104.8162
104.6793
103.087
102.3526
103.8481
104.9714
105.3317
105.2907
105.3452
105.3317
104.8396
106.3674
106.9767
107.3374
107.7353
105.0591
103.2242
103.4873
105.3742
104.3972
99.19343
98.63052
102.0982
104.5047
105.4017
101.6926
101.7489
103.8453
105.8749
102.3969
102.386
104.3763
103.3159
101.8873
102.633
103.2868
104.6815
104.1462
103.9634
103.9968
105.7362
104.9507
104.3775
104.4729
104.7893
102.4313
104.1718
104.3375
104.7214
102.9634
103.2032
105.7034
105.294
102.5331
104.2908
104.4925
105.2392
105.9436
106.7275
105.7157
105.4798
106.512
106.0267
104.7697
104.0917
104.2094
104.4598
105.7014
107.8508
103.3802
101.4163
104.81
106.1471
103.8867
100.7833
102.5499
104.8628
106.1436
106.6596
103.47
102.9294
104.8581
105.3144
105.5872
103.8419
103.0383
105.8491
105.8308
106.1322
104.9714
101.7752
102.1197
103.4604
105.7027
105.699
104.922
104.532
104.7873
105.196
104.8206
104.8287
106.8678
104.7607
102.6855
103.3608
105.5198
106.1639
105.7376
106.0231
105.6238
105.7579
103.8947
102.8664
104.7873
103.3876
102.7226
103.2855
105.682
107.5166
105.9111
104.5725
103.8575
105.2193
104.507
104.5637
105.0686
106.4601
104.9491
103.5033
105.0343
105.1138
104.2213
104.7432
103.1581
103.3144
105.0141
106.7923
106.2226
103.9602
103.5588
105.2036
107.2482
106.0379
102.9279
102.3856
103.7787
105.4378
106.688
101.9402
100.8288
103.9567
105.5069
102.9969
101.0582
102.0839
104.3929
106.2151
104.986
102.631
103.6968
105.2183
106.3561
104.7
103.7239
102.4648
103.8003
104.4013
104.71
104.0011
101.9835
101.8006
103.1311
106.2239
104.2925
103.07
103.2831
104.377
104.3672
104.0185
104.2257
101.8697
103.8372
104.582
103.3788
101.2879
102.5428
103.9893
106.1572
101.9726
102.1044
103.311
105.6583
104.1352
103.3105
103.6427
105.0096
106.3779
105.0455
103.9477
102.6494
102.4807
104.8276
105.4431
102.3043
101.9984
103.9967
104.3167
104.5803
101.2571
101.5765
103.5325
103.7883
103.7328
103.1989
103.253
104.1839
104.8229
104.3506
101.2921
102.3019
103.7924
104.367
102.0287
102.9003
105.7061
104.6974
101.1445
101.4063
103.8416
104.9014
103.8701
103.8929
104.4064
104.7354
104.7108
105.5395
104.5635
102.4717
104.2589
105.9885
106.7649
104.714
101.9959
99.99726
101.4763
103.5462
105.3369
105.1255
103.9879
102.0198
101.2906
102.7487
103.851
105.5301
101.3109
101.1104
103.1912
105.6473
104.4055
101.3298
99.99815
100.7503
103.4571
104.2632
104.2089
104.0786
104.7058
103.6347
104.5883
104.813
104.4492
104.2458
104.6701
106.3526
105.3782
103.7419
103.9108
105.1293
103.9492
104.8604
103.6001
104.0025
103.5847
104.9246
102.4215
101.8904
103.3747
104.4443
104.3736
104.0258
103.2549
103.0825
103.3023
102.1465
103.8348
104.4798
105.4193
102.3637
101.6534
102.8433
103.1504
102.9985
104.7118
106.103
104.6767
103.6893
102.9852
102.8283
104.2742
105.2508
104.4686
103.1131
105.5128
102.4807
102.4918
104.2938
105.3806
105.0974
102.9741
104.2356
106.7633
106.2922
105.6903
102.7887
102.5443
101.9257
106.2687
106.5654
103.8347
98.18391
97.41228
101.1887
102.8211
102.8399
102.0441
103.1107
105.3177
105.5973
105.0404
102.136
103.1954
105.1806
105.9465
104.47
103.3636
104.0792
105.6104
106.0313
102.6932
103.1208
106.4864
108.7037
104.7566
104.3014
104.0081
105.5835
106.2714
104.3664
105.1324
105.3779
106.6209
105.9232
104.5578
104.3925
104.9461
103.8778
103.0351
105.0324
108.2683
106.1608
103.5294
104.543
105.1677
101.6331
101.9
105.2854
102.5386
99.62206
101.5131
105.3184
104.3882
103.0423
102.6728
100.7453
99.60851
100.6609
103.6912
105.6239
105.0505
104.2941
104.8659
105.3933
103.0131
102.3488
105.2551
106.7325
103.1401
101.5054
103.9856
104.4349
104.1487
101.9729
98.88859
99.97917
103.0608
104.7497
102.6557
102.8289
103.5913
105.4164
105.4997
105.8227
104.929
105.4724
106.3951
104.636
102.4783
