53.23592
52.7467
53.42196
54.27258
53.0946
53.66403
53.96577
53.6564
53.65771
54.30209
53.29728
52.39512
52.75921
54.00651
52.58497
54.21365
54.48736
53.72798
53.0014
51.78516
53.56973
53.82494
53.49092
54.7146
54.02699
53.41787
53.45613
53.77823
53.07053
53.66889
52.88507
53.96341
53.25909
53.8723
53.34256
53.24423
53.27515
53.36233
52.99876
52.22518
54.00192
53.65052
53.73077
54.10265
53.94138
53.32627
53.69857
53.58542
53.57821
53.04815
52.22917
53.95547
53.00355
53.72692
54.10873
53.71841
53.2735
53.93902
53.69355
53.53519
53.78819
53.53765
53.76704
54.05765
53.44119
53.43786
53.50187
51.9752
54.03044
54.45604
53.86267
53.84311
53.59859
53.9789
54.23795
53.75652
54.78194
53.93339
53.29783
52.98152
52.3833
54.07315
53.67348
53.74247
53.23796
53.57096
52.47615
54.60875
54.64304
53.35504
53.39895
53.65668
53.9927
53.97807
53.85175
53.7775
53.42818
53.78923
53.84852
53.50298
53.55337
53.24727
53.3932
54.16342
53.57669
53.59493
54.49716
53.42464
53.79665
53.10637
53.89203
53.13339
52.97068
52.98454
54.25312
53.37084
53.37466
53.68907
54.46487
53.96635
54.0499
53.59317
53.46566
53.28938
52.92847
53.05793
53.94379
53.87989
53.35894
54.52539
54.13873
53.36137
53.00135
52.5682
53.50444
54.88687
54.08288
54.7967
54.06273
53.6996
53.4384
53.15489
52.98583
53.64815
53.93304
53.67232
53.76166
54.77309
53.24901
53.70221
54.1586
53.20717
53.95113
53.20142
54.05618
54.10326
52.93111
53.57719
54.17217
54.18586
54.50148
54.3644
53.71608
54.37354
53.41833
53.52327
53.48548
54.57131
54.56369
54.13137
53.86193
53.87992
53.83604
52.29821
54.12556
54.19805
54.40907
53.48793
53.86366
54.53387
53.72025
55.23387
53.92757
54.2736
53.50294
54.43367
54.80204
53.76672
53.62324
53.13234
54.23502
54.6637
53.07587
54.59041
54.80079
53.93266
53.99416
53.39393
54.27344
53.75154
54.45941
53.39155
53.23982
54.62025
53.60268
55.35963
54.83618
54.55146
54.25578
53.49392
53.83722
54.00058
53.36552
54.17421
54.07187
54.42344
54.62674
54.06338
53.29274
53.89878
52.84832
54.08158
53.81451
53.78252
54.52702
53.17767
53.96022
54.039
54.5972
54.28647
54.25496
53.448
53.43426
53.75246
54.63409
54.33684
54.24437
53.93705
53.58989
54.80464
54.08587
53.73933
54.36937
53.62557
53.95395
54.33326
54.81777
54.47687
54.45785
53.91891
54.2987
54.26032
54.88497
54.59053
53.88454
53.74816
54.2496
54.16078
54.87107
55.81717
54.30974
53.7168
54.12603
54.28142
54.30548
54.01123
54.41487
54.35395
53.42994
54.32078
53.05605
54.39335
54.35294
54.38809
54.83324
54.71063
54.02822
54.42439
53.38977
53.22742
53.97082
54.55627
54.90714
54.77329
54.49694
54.0556
54.34878
53.21745
53.76048
54.79095
54.37897
54.20891
55.21317
54.72146
54.31321
54.47091
54.94152
53.93219
54.57445
53.12719
53.9197
54.06612
54.70286
55.23045
54.43321
54.00383
54.49678
54.48184
53.68447
54.2262
53.87016
52.87296
54.37084
54.14336
54.38466
55.55066
54.73838
54.21972
53.81297
54.17669
54.8461
54.68011
54.23075
54.27131
54.16985
53.60973
52.61734
54.83859
53.8653
54.90783
52.98616
54.4435
54.43198
54.012
54.27222
52.87966
54.93305
53.70227
54.89637
54.55059
52.9389
54.53827
54.45002
54.81212
55.38293
54.45842
54.60888
53.65728
53.52306
54.71358
54.01517
54.70094
54.14521
53.43803
54.54657
54.59018
54.14671
54.37427
52.72319
55.07952
54.69535
54.04779
54.34312
53.80865
53.90604
53.19253
53.85567
54.40446
53.70163
53.855
53.77105
54.66317
54.43821
54.08984
54.24264
54.11567
54.19885
53.79256
53.96305
53.11415
54.61666
54.36827
54.05586
54.39763
54.74732
54.51411
54.15881
54.53478
54.71104
54.14688
54.11958
52.66584
54.76109
55.12675
54.23159
54.45771
54.33576
54.87911
54.16563
54.33834
54.51395
54.03764
54.22588
53.74052
53.5305
53.56739
54.606
54.74782
52.33974
51.20913
53.66269
53.45917
53.93727
54.72476
54.07479
54.20931
54.09177
53.94403
54.14626
54.36317
54.59945
53.7139
53.68599
53.88212
53.23645
52.12513
53.86777
54.24234
54.31335
53.45338
54.26712
53.93951
54.61362
54.66128
53.11885
52.43024
53.33883
54.0321
54.26152
54.58409
54.7197
53.94694
54.62591
53.86632
54.70152
54.44501
54.0327
53.88615
52.94035
54.46984
54.78692
54.49834
55.25808
54.66896
54.55508
54.35057
54.49873
54.65865
53.85218
55.35295
54.86306
54.18109
54.22287
53.9426
52.92626
54.65413
55.06277
55.32326
55.18381
54.5959
52.62488
54.87801
54.32052
54.92628
54.49467
53.49038
54.2165
54.68166
54.08798
55.04464
54.15154
53.52618
54.76359
54.75991
54.25942
54.40355
54.20453
53.99517
54.35588
54.87038
54.38797
54.16484
53.77681
54.77162
54.14681
54.17609
55.28136
54.71534
54.66045
54.27223
53.62339
55.23756
55.32356
54.4512
55.57307
54.81457
53.69372
54.52408
54.39874
54.73835
55.28867
54.13793
54.20143
54.1026
53.58679
54.40636
54.01207
54.58581
54.3642
54.45122
53.93507
54.54959
54.3455
53.71349
52.90963
54.78552
54.49738
54.33581
55.76117
54.85712
54.0757
53.91518
53.85401
54.97263
53.2648
55.21777
55.67126
54.02105
54.56352
54.75156
54.77336
54.65169
53.14075
54.6867
54.33442
54.61341
54.66773
54.07793
53.55339
54.4516
54.88182
55.16998
55.07368
55.33962
53.52721
54.06775
53.77846
54.21584
54.8566
54.1087
55.45439
54.71139
53.91631
54.26394
53.06941
54.2298
54.44236
54.10566
54.90208
54.53531
53.69994
52.95357
54.67523
54.38841
54.88996
54.59344
54.98695
53.6514
54.61498
53.93654
53.88466
55.03088
54.3575
54.97994
55.08953
54.12936
54.1043
54.76947
54.32832
54.07116
54.32268
53.50072
54.64316
54.58765
54.9935
54.86142
54.4565
54.1082
53.5332
53.56219
54.92256
54.66071
52.90227
51.10655
53.96503
54.13951
54.47556
54.29111
54.87198
52.56836
54.45238
54.06685
52.94294
54.54062
54.7364
54.26352
53.82305
56.08958
53.52037
54.8023
54.61058
52.52409
55.08512
54.4388
54.36958
55.55852
53.8513
55.06591
54.87064
54.79393
53.06835
54.85016
54.28761
54.04486
54.92162
53.79315
55.19758
54.83067
54.29006
53.69634
55.12221
54.96548
54.24019
55.22876
55.2918
53.03692
54.83899
54.85825
54.29556
55.38663
54.16912
52.62848
54.69619
54.67176
53.89641
55.10963
55.05573
54.63868
54.87337
53.74254
54.24483
54.06402
53.67163
54.82481
54.64589
54.34086
55.32551
53.7506
54.29691
54.76365
54.18195
53.58608
53.66582
54.9734
53.5979
55.09471
54.83804
54.69933
52.37971
54.71717
54.40347
54.24924
55.31608
54.0652
54.45896
55.02993
54.25799
55.16925
54.35466
54.39191
54.63673
54.51421
55.0666
54.79487
54.03393
53.86978
54.04692
53.67441
54.60577
54.09552
54.25734
54.61208
54.83159
54.70063
53.77885
55.2767
53.54337
54.54771
54.57766
55.03699
55.42926
54.02723
54.56181
53.58121
54.78614
54.01521
54.02299
54.51264
54.46973
53.86769
54.80562
54.81678
54.51147
54.69398
55.23907
54.36079
53.87477
54.48879
54.76678
53.84939
55.09107
55.27814
54.61649
54.45584
53.84747
54.62148
53.79869
54.61458
53.69113
54.55974
54.69188
54.7302
55.01827
54.21222
53.65531
54.40728
54.07863
55.80746
55.04809
55.13152
52.12833
54.38426
54.32733
53.5899
54.5575
55.49757
53.49205
53.90023
54.19092
54.39937
54
54.43102
53.8786
52.75934
54.21331
54.91231
54.06142
54.62667
54.91912
54.10244
54.35219
54.52969
53.40707
54.23209
54.01711
54.41146
54.93112
53.42686
54.42896
53.89829
54.52403
54.22228
54.77816
54.08199
54.70926
55.26889
54.29874
51.81804
54.445
54.91687
54.85805
53.46194
54.94936
53.67054
54.75491
54.79881
53.45998
53.2954
54.53647
54.39952
54.71111
54.68936
53.67365
54.49021
53.474
54.74637
55.86664
54.50427
53.62352
54.03958
54.27325
54.00248
54.06821
54.69494
53.76593
52.8292
54.51108
54.28649
54.88035
55.30212
54.66566
53.76783
53.39433
52.72782
52.69876
54.36919
54.69168
53.91084
54.99789
55.62313
54.07999
53.90051
53.59026
54.21512
55.19027
53.95637
53.46883
54.62831
54.86024
54.82847
54.54776
53.66806
53.81091
53.57985
52.96165
54.43309
53.66991
53.76646
54.25655
54.27763
53.82592
54.68617
54.56412
54.12087
54.07569
54.67706
53.87295
54.64331
53.8091
54.30059
53.74453
54.52984
53.93132
54.69159
54.40685
54.45503
53.65061
54.00318
54.44234
53.22192
54.23964
53.47929
54.05265
54.90073
54.06004
54.86682
54.13252
53.29757
54.76036
54.11527
54.80719
54.47059
54.39219
54.24125
52.86168
54.19214
55.49665
54.15773
54.78668
53.91919
54.41785
53.82633
54.36522
55.143
54.24011
54.17934
54.75537
53.71122
52.43223
55.51447
54.36997
55.16565
54.68056
54.40648
53.63525
54.77063
54.81397
54.21458
53.9659
54.62755
54.29636
54.08365
52.73296
53.75782
53.81979
54.21091
55.10036
54.37766
53.32801
54.37868
53.22322
54.43314
55.37891
53.84911
53.84595
53.92539
54.64894
54.44705
54.88303
54.70323
53.29483
54.46887
54.2344
54.57757
53.376
54.68006
54.1132
54.95472
55.4715
53.95485
53.93798
53.47582
53.695
55.19411
54.41791
54.23158
54.2366
54.31803
53.28817
54.6272
54.95692
54.02798
55.7478
54.71524
53.4747
54.96821
53.92365
54.2624
54.46781
53.72313
53.72841
54.38023
54.31999
55.02232
54.86199
52.92126
53.41284
53.86229
52.98898
54.52057
55.1852
54.64691
54.40033
54.36912
55.08577
54.31248
55.15407
54.34975
53.18366
53.71669
55.09493
53.59785
55.01959
54.67178
54.25691
52.42301
53.75475
53.76448
54.0361
53.88214
54.64207
54.43297
54.39986
54.41845
53.59673
54.76471
53.70848
53.76648
54.60143
54.72861
