3.795124
3.497144
3.165906
2.833865
3.100256
3.088701
2.832158
2.811077
3.139085
2.811583
2.71038
4.115107
3.361496
2.880801
2.735551
3.242121
2.92815
3.094308
3.624175
4.082725
3.325844
2.618241
2.892203
3.034895
2.857339
2.77493
3.800126
3.594211
2.791873
2.746122
4.021605
3.395913
2.849101
2.730772
3.2376
3.370855
2.833644
3.094915
3.021113
3.347534
2.997154
2.682222
3.153269
3.189476
3.203457
3.887918
4.027401
3.780038
3.043546
2.918084
3.214461
3.029638
3.62017
3.33586
2.703064
2.779244
3.426665
4.164523
3.419894
2.710956
2.681879
3.129565
3.056654
2.668466
2.769219
2.964334
3.758376
3.790954
3.077796
2.783784
2.860921
2.786004
2.941655
2.891354
3.188989
2.934837
2.902248
3.293849
2.718659
2.890871
3.755883
3.473583
2.667915
2.609858
3.558089
3.65174
3.045832
2.653083
3.215786
3.541392
3.574409
3.200272
2.904552
2.93262
3.036739
2.933246
2.594784
3.132841
3.270228
3.265711
3.084478
3.118518
2.997671
2.725736
3.344368
3.629936
3.891162
3.11603
2.572732
2.67829
3.100497
3.298837
2.928869
2.72595
3.297817
3.389901
3.001469
2.896251
2.975214
3.648156
4.38775
3.524865
2.830236
2.553009
2.833562
3.689063
3.573979
3.256202
3.08719
2.976956
2.896494
2.840616
2.841436
3.887757
3.735331
2.895678
3.432096
3.906879
3.316875
2.848232
2.959472
4.366651
3.466927
2.828844
2.676299
3.380929
3.350492
3.186944
3.306243
3.61214
3.635597
3.406163
2.958209
2.966518
2.860293
2.854624
2.986687
2.89755
3.135789
3.450203
3.491363
3.122536
2.895263
3.558579
3.031301
2.875038
2.622624
3.016978
2.947273
2.74714
3.893511
3.230898
3.46968
2.743292
2.75467
3.625747
3.50099
2.948352
2.732808
4.349403
3.741371
2.677884
2.519037
2.873367
3.307534
2.754375
2.908833
2.888678
2.665095
2.987855
2.96683
2.875925
2.889194
3.265529
3.91755
3.353541
3.094503
3.004866
2.751125
3.098406
3.538135
4.094165
3.577701
2.907482
2.866644
3.086854
3.601946
3.031754
3.049264
3.440423
3.89
3.489423
2.912305
2.877618
2.861281
3.10622
2.953578
2.819736
2.900695
2.728215
3.111983
3.058166
3.234634
3.160359
2.49505
3.214884
3.719773
2.828154
3.028198
3.941634
3.67201
3.212659
2.995981
2.85493
3.517142
3.017643
3.188957
3.429553
2.941776
2.740916
2.826886
3.303111
3.175254
2.797899
2.763252
2.908597
3.206786
3.383167
3.714359
3.749981
3.059974
3.357698
3.687482
3.191203
3.106698
3.359827
3.18239
3.492015
4.475441
3.534607
2.961041
3.06901
2.936308
3.200384
3.074656
4.095509
3.593198
2.792857
2.828449
2.775903
2.924184
3.321607
2.992032
2.979147
3.958454
3.357218
2.786537
2.985631
4.408229
3.524414
2.998359
2.679668
2.605806
3.446258
3.649099
3.380562
4.200806
3.905752
3.22447
2.659063
2.804045
2.841966
2.983389
2.846959
3.842729
3.873376
3.363792
3.029035
2.727201
3.091573
3.120431
3.768072
3.879031
3.08514
3.219021
2.694371
3.022433
3.036154
2.934017
4.043678
3.275345
2.603378
2.604661
2.7305
3.022711
2.841367
2.996615
4.570731
3.577734
3.006603
2.834816
2.842972
3.059633
4.563128
3.54134
3.345889
2.8711
4.25799
3.77571
2.527025
2.515079
2.854437
2.75282
3.148198
4.4134
3.727514
2.912378
2.870818
3.15959
2.871322
3.433126
3.842901
4.846926
4.451194
3.075753
2.731057
2.75972
2.954923
3.841635
3.747611
3.029175
2.763489
3.291022
3.39767
2.759928
2.758548
2.793703
3.09016
4.118353
4.052124
3.034848
2.913244
3.987105
3.895011
4.037518
2.851849
2.687337
2.716152
3.227636
2.870911
2.737586
2.763828
3.192243
3.045921
3.022631
2.933677
3.212248
3.511931
3.241329
3.352022
4.404973
3.690473
2.796993
2.596419
3.051946
2.955688
3.210026
4.541289
3.397166
3.071024
2.885952
3.030056
3.991353
3.589564
3.148562
2.90075
3.339076
4.398188
3.417008
2.38657
2.73796
2.9208
2.86543
3.098267
2.922002
2.906269
2.585083
3.177778
3.088622
4.292308
3.807208
2.943432
2.778595
2.900094
2.727129
3.050164
4.173843
3.935208
3.615565
3.049165
2.885688
2.764895
2.919763
3.147789
3.148421
3.011245
3.080165
3.129446
2.995236
2.944994
3.524116
3.477721
3.636081
3.381177
3.07681
2.959816
3.985618
3.584219
2.788084
2.613089
3.426865
3.05309
2.762328
2.79057
3.363569
4.384306
3.5978
2.942732
3.131259
3.489141
3.366155
2.778384
2.865384
2.730328
2.941764
4.231918
3.650601
3.008317
2.690427
2.902806
3.039258
2.71576
2.652088
2.807376
3.101449
3.756457
3.768089
3.157923
3.100685
3.054437
3.268676
3.859234
3.824284
2.996317
2.572316
3.381967
3.507539
3.115013
2.698478
3.970054
4.138936
3.228652
3.015618
2.82558
3.092119
2.778848
2.900297
3.492702
3.501571
2.954212
2.670262
2.947174
2.776878
2.917768
3.251661
3.28003
2.855799
2.873921
3.770053
4.141426
3.268333
2.911966
2.994089
2.909336
2.790429
2.730582
2.957052
4.103207
3.278974
2.465119
2.74119
2.731956
2.904528
3.726336
3.262305
2.837774
2.766865
3.019965
3.445528
3.061508
2.744481
4.338257
3.748588
3.024286
2.821627
2.914215
3.034878
3.605912
3.395761
3.029097
3.474929
3.469078
2.996061
3.099929
3.57672
3.103573
3.297916
4.207056
3.65091
3.161296
2.842729
2.88431
2.712755
3.532155
3.39133
2.966209
3.581477
3.561129
2.972911
2.927886
3.959347
3.43997
2.814725
2.91644
2.764495
3.357299
3.09174
2.846713
2.762912
2.460187
3.384774
4.37703
3.617515
3.009058
2.968852
3.527494
3.302276
3.177423
2.97156
2.976408
2.942989
2.88712
3.166772
3.419621
4.05942
3.742445
2.941859
2.813699
4.336711
3.560227
2.856804
2.666148
3.011961
3.27147
2.889476
2.856071
3.215934
3.684206
3.225382
2.994494
3.043356
2.901196
3.265832
3.053884
3.026185
3.331236
3.594016
3.425583
2.858345
2.900788
3.942984
3.507198
3.861789
3.492902
2.718376
2.627713
2.574514
2.697904
2.774139
2.593831
2.797913
4.091562
3.396913
2.898041
2.941354
2.993431
3.434001
4.092237
3.502367
2.982156
2.764984
2.916242
3.262289
3.513845
3.143742
2.72695
3.139931
3.079071
2.866764
3.414369
3.288748
3.078168
3.072234
4.312276
3.662094
2.887164
2.658784
3.180151
3.403536
4.154908
3.627808
3.14491
2.696154
2.695301
3.168823
3.059422
2.888406
2.770448
2.951432
5.608806
3.26604
3.25711
3.087429
3.224363
3.02718
3.276156
3.51858
3.360623
3.127675
3.839008
4.577421
3.681739
2.822545
2.685724
2.782916
2.874739
2.740629
3.031586
3.18839
3.223227
2.888101
2.859524
2.897575
2.904866
3.088254
3.31535
3.036607
2.897425
3.269548
4.298411
4.246627
4.138869
2.990274
2.628612
2.991405
4.372043
3.504446
3.035453
2.662988
2.936414
3.033783
3.504997
3.040827
4.062159
4.142695
2.900783
2.815108
2.838135
2.997212
3.358026
3.264752
2.898742
3.039933
3.484421
3.191742
3.207189
3.229113
2.874419
3.412263
3.292138
2.918454
2.978181
4.558555
3.718197
3.182523
3.018309
3.167236
2.856773
3.9515
3.184527
3.098237
2.974459
3.188322
3.145754
3.564041
3.605089
3.480651
2.937175
3.0369
3.005641
3.179835
4.298113
3.56302
3.147664
2.622234
3.093132
3.956586
3.36062
2.955016
4.22034
3.316002
2.989659
2.664523
3.449284
4.552135
3.630366
2.85273
2.953149
2.673732
3.030733
4.055666
3.671318
3.128746
3.208651
3.865635
3.148267
2.626748
3.312211
3.460344
3.094225
3.957
3.58912
2.827512
2.602415
3.087666
2.885585
2.936322
3.500854
3.423728
3.064641
3.238472
3.362943
3.297561
2.854773
2.920338
3.079223
2.895833
2.824835
2.971794
3.116501
3.226084
3.875801
3.886108
2.941804
3.005158
3.31969
3.38661
3.246132
3.83747
4.253101
3.401271
2.773145
2.734272
2.714013
2.916832
2.940297
3.085217
3.182718
3.145301
2.934584
2.92317
3.299739
3.359589
3.260814
2.938361
4.286854
3.663181
2.951514
2.787961
2.911994
3.028489
2.947627
2.810256
4.262087
3.339736
3.000993
2.955856
2.877608
2.985879
2.803253
2.909172
2.916257
2.866644
4.013085
4.075365
3.127501
2.716746
3.188232
3.37278
3.485622
3.510407
3.211052
2.695142
3.629947
3.246956
2.754707
2.792263
3.029886
2.866603
3.261784
3.057739
2.740061
2.922767
3.671436
2.886943
2.810688
2.713111
3.084578
3.47956
4.907365
3.786534
2.778924
2.858139
2.884439
2.849623
4.419639
3.754455
3.19699
2.793575
2.960562
2.819417
2.85188
3.414265
3.031679
3.065822
3.149677
3.237814
3.093282
2.960765
4.493768
3.806472
3.012281
2.801549
3.38167
4.626127
3.468138
2.951668
2.792625
2.878385
3.382159
4.360564
3.729407
2.961498
2.922515
3.326368
3.744517
3.499882
4.522809
3.944954
3.248936
2.833612
2.614436
2.859589
3.810448
3.268669
2.8948
2.839417
2.687756
2.832494
3.778956
3.587236
3.329836
3.355699
3.085549
2.868438
4.01385
4.283542
3.627681
3.017844
3.160497
3.058624
2.904176
2.772876
3.747151
3.555854
2.921647
2.993436
3.217752
3.100408
3.18793
3.225046
3.376734
3.553185
2.985931
3.618616
4.0041
3.525506
2.932676
2.710417
2.864367
2.901986
2.991008
2.898609
3.38271
3.339128
2.987352
3.061374
3.14229
3.108618
3.65175
3.307039
3.257042
3.019859
3.857248
4.104491
2.993998
2.888568
2.925427
2.897522
3.097209
3.089081
3.294162
3.022294
3.137576
3.451815
3.508952
3.206357
3.194899
3.480312
3.260803
3.036889
2.945556
3.162987
3.220503
3.412645
4.48302
3.85498
2.812019
2.663654
2.534505
2.989107
4.916654
4.112487
3.115277
2.712049
3.006462
4.213691
3.423353
3.171308
2.955503
4.367788
3.738118
3.105768
3.014019
3.052276
3.10338
4.238818
4.306555
4.010987
2.923354
3.674899
3.71241
3.385651
3.048901
3.264123
4.387339
3.646216
3.092952
2.947492
3.166309
