-1.889254
-1.06215
0.3106195
-0.2262449
0.2839888
-0.9739071
-0.7492303
0.9424626
2.404732
-1.115226
-1.071984
1.496287
2.071779
-0.01695267
-2.085677
0.80652
2.545179
1.191332
-2.702449
-1.032396
1.679457
0.2031672
-0.8176597
-1.003215
2.230035
1.199761
0.4041238
0.4524608
0.641663
1.167722
2.919086
0.2739062
-0.8794307
2.025531
1.221926
-0.4273376
-0.5582756
0.4497405
-0.9773874
0.4251845
-0.3607618
1.44379
-1.673368
-0.7984632
-0.251203
-0.4178444
-1.625302
-0.3183488
2.238269
-0.03513236
-2.483164
0.371464
0.7047123
-0.7857966
1.054612
-0.1917727
-1.383347
0.7512682
-2.466113
-0.1834705
2.315206
-1.298213
-0.9366513
1.359538
1.149335
-0.2817606
1.472135
-0.298387
1.344291
1.327638
-1.569775
-0.5072675
3.190571
-0.631636
-2.850022
-0.5188603
2.613375
-0.8916011
-0.1475684
0.2589729
-0.7875713
1.086654
1.476043
0.8874415
-1.962652
0.2764888
2.61385
0.8720554
-1.588256
-2.062569
1.699725
1.670049
-0.6306404
-2.510142
-0.344884
-0.3086048
-1.694862
-2.284089
-0.7673139
1.507268
0.4618942
-0.7554315
1.049567
0.1709455
-0.6683503
0.6736213
4.165728
0.06286193
-1.095303
-1.24131
1.079359
0.3732045
-0.6499962
1.920993
-1.567734
-3.115463
0.763379
1.511721
-1.072695
-0.2457789
1.483995
-0.01345882
-0.08565579
-0.8198363
-0.9782085
1.709359
-1.203851
-1.570244
-0.4305269
-0.6176586
-2.814906
0.9494294
3.436839
-1.864662
-0.5602255
1.396896
0.6501369
-1.455901
-1.273877
2.568491
1.418808
-2.505493
-0.7078643
0.6551502
1.922523
-0.4427885
-2.400299
1.144195
4.139931
0.1614545
-1.750142
1.354458
-0.04612767
-0.7265095
0.3342939
0.9906847
0.4047694
-2.158898
0.2679923
2.709797
-1.11456
-0.3332505
-1.647386
0.2852046
1.385931
1.75413
0.2702861
-0.3151079
0.9456692
0.9271991
0.3166553
1.910496
-1.679695
-1.270227
1.070876
2.159076
-0.3009201
-3.083411
-1.545653
3.222703
1.807002
-2.07746
-2.509715
3.103849
1.216357
-2.47384
-1.969317
2.643651
1.771955
-2.004145
-1.380283
2.054041
-0.1179701
0.9531847
0.8148887
-0.3106532
0.6019601
0.8464687
0.4831611
-1.708813
-0.5333289
2.393783
0.6538877
-1.39938
-2.078317
1.534026
1.132977
0.5303076
-1.792424
1.205898
1.882038
-0.4761742
-0.9972582
0.5226435
0.9293314
-0.6984447
-3.834507
0.1186163
3.064798
-0.7676017
-3.308549
-2.533319
1.353662
2.621096
-1.306646
-2.658315
-0.2907069
1.319621
-0.4715241
-2.492083
-1.13469
2.688973
1.090034
-1.558713
-0.09508225
2.156103
-1.258237
-1.33255
3.223792
2.277955
-0.6171657
-1.091669
-2.702688
0.5088016
3.25623
-0.931803
-1.098611
-1.178981
1.212526
1.433503
-0.203741
0.8574167
1.582699
-0.07283382
-0.6014121
0.09223436
2.402037
-1.048583
-3.251093
0.9070016
2.167298
-0.6805629
-1.093397
0.03286081
1.995071
1.213407
-1.741835
-0.8321819
3.744766
0.6999307
-0.4245419
-1.483821
-1.508882
1.504145
2.346801
-0.712905
-0.5519568
-1.008376
1.904333
1.108356
-0.1218905
-1.992106
-1.904792
0.2414416
1.749729
-0.005659175
-2.803056
0.1652319
-0.3291042
-0.30421
0.9490981
-1.885132
-2.582891
-1.412281
2.765276
-2.196659
-3.700491
0.7317654
0.6255731
-1.27557
-1.448491
-1.241843
2.512816
1.979757
-0.9778275
-0.979041
-0.4080019
2.525963
1.694482
-1.486624
0.3340407
1.705884
1.156502
-0.01560888
-0.6373593
0.04169494
3.582365
0.2967409
-1.975566
-0.487342
2.069278
1.219693
-2.03396
-1.988596
0.8664641
2.434616
0.8633483
-1.427588
-1.059124
3.262805
-2.189982
-1.920311
0.2666827
1.568134
0.5407519
0.2739361
1.069933
-0.236517
0.1957846
2.039786
-1.09608
-0.876806
0.5082676
0.1886081
1.522175
0.8120385
-0.9187549
0.7537045
2.160767
-0.5285081
-0.9847776
0.2331707
0.9851314
-1.389193
-0.2037297
0.7443694
0.2962027
-0.3386887
0.01253499
0.1170048
1.637341
-0.862645
-2.148438
1.576314
-1.014922
0.1697161
-0.5020999
-0.2247583
-0.5144004
-0.9185789
-0.733121
3.206648
-1.451641
-1.475492
3.023172
-0.3542678
-2.322338
0.6265736
1.921372
1.265928
0.2469718
0.0576653
-1.188816
0.4712352
0.259045
1.346449
2.062161
-0.8908643
-2.076906
0.7506276
1.422391
-0.9278844
-1.404182
2.750896
-1.158862
-0.9592472
1.157937
-0.7824128
-0.6012321
3.199039
-0.3904905
-2.485445
-1.184039
3.159406
-1.980932
-2.576506
-1.117077
1.517518
0.9833174
-4.551998
-3.556561
-0.5739713
0.1626165
-2.347062
-0.8020153
0.2157332
2.031313
1.34249
-1.553336
-1.667403
1.781885
2.198653
-0.9384217
-0.4056005
-0.2596559
1.641103
-0.5856289
-0.2071302
1.932889
-0.1106475
-2.029788
1.098032
-0.05253228
-0.9289907
2.805251
2.653873
-2.324063
-0.2486933
0.5326127
-0.1709241
1.456696
1.971106
-1.277366
-0.3187827
1.295248
1.881989
-0.7811401
-1.232067
2.34653
3.053437
-0.933888
-1.339157
0.8332131
-0.8312892
-1.312943
3.499737
-0.5300473
-0.8349208
-0.3095573
-0.6692795
0.7527671
-0.4390634
-1.054721
2.315334
-1.655222
-0.08141819
0.1918885
-0.2393145
-0.4689862
-0.8865904
2.530294
-0.3717548
-1.592176
1.319723
0.4903266
0.1363843
2.086929
-0.09276462
0.03023256
1.074196
0.1453623
0.4005803
-0.747417
1.636361
-1.738607
-1.158898
3.798566
-1.588325
-2.038378
1.329495
2.304688
0.4641149
-2.467062
-0.5566826
3.420616
0.1000551
-3.166713
-1.816493
1.891218
1.233919
-0.9022847
-1.235628
-2.555342
0.02410077
-0.481535
-1.05763
1.419109
-0.4532076
-0.3955683
0.8628798
0.1520088
1.38535
-2.2955
-1.43887
2.446677
-1.108455
-0.4011622
2.357147
0.1171318
-1.66573
-0.4743177
1.627215
2.55511
0.6034193
-1.260754
-1.878153
0.7646488
2.200174
0.2754317
-1.73884
-1.041969
2.228635
-0.5657712
0.704828
0.9783105
0.7408744
-0.8578089
0.9295755
-0.1500462
1.413436
1.52217
-2.085304
-0.07916955
1.225163
0.2484406
-1.077629
-0.8961325
-2.787621
0.4705182
4.700698
-1.51663
-1.491525
0.5868112
-0.3808927
0.6222171
0.8778815
-0.2203507
-0.3326728
-1.913595
-0.2041088
1.262797
-0.1789021
-0.3016189
-1.328538
-2.980699
0.04234102
2.650155
-1.531465
-1.983036
1.569579
-0.8064846
-2.130761
0.384783
2.53216
-1.122064
-1.36971
0.7842434
2.826095
0.05920691
-2.175378
-1.429824
1.812253
2.231355
-1.395258
-0.06291995
-0.2940643
2.454748
-1.64985
0.03241307
2.957119
0.7062361
-1.985263
-1.038437
-0.9121221
-0.5292562
2.140164
-0.773479
-1.496516
-2.215749
-0.810936
0.7984431
0.9524845
2.37647
-1.523157
-1.151652
1.078532
0.9731553
-0.6773864
-3.049981
-0.1808086
2.050021
0.8237233
-3.288484
-2.49626
1.693957
1.589653
-1.445696
-0.7925704
2.918786
0.07694598
-2.240609
0.4507463
2.254149
1.357162
-0.9894001
0.7906798
0.7074206
0.3757527
-0.07512074
0.1142436
-1.363857
1.618168
0.1918117
-1.519326
2.411974
0.09834763
-2.361224
0.4848156
1.710267
-1.567896
1.146891
1.578417
2.175223
-0.9713827
-2.111392
-0.3172825
3.543898
-0.9944099
-2.313061
-1.750246
-1.055462
0.007970391
0.5408739
-3.176896
-0.005817755
2.827012
-0.861403
-1.377566
-0.3844021
-1.840311
-0.07828827
3.954045
-0.2711969
-4.353344
-0.837082
3.506585
-2.174491
-2.007951
3.482899
-0.5762669
-1.103372
0.5849144
1.126161
-0.1986107
-0.3064123
1.009733
1.194224
1.475384
-1.199179
-1.730953
1.79188
-0.272444
-0.5117671
0.613556
1.886244
-0.459279
-0.112614
1.214561
-0.7072093
-0.6653408
1.292128
1.831162
-0.9638044
-2.650448
0.7123261
0.7956878
0.5076541
-0.8180032
-0.573088
0.7971417
0.6385052
-0.2770837
1.440215
0.2294084
-4.051872
-1.857749
2.292356
-1.558726
-1.82921
-0.1455063
-1.307371
1.200552
0.907698
-0.5624357
-0.1787758
0.562708
0.8459468
-1.275076
1.253706
0.7683867
-0.07926495
0.3279899
0.09781137
2.833807
-3.815379
-1.643783
2.449098
0.917964
-1.067926
-0.7250006
-1.918729
0.2332745
2.397062
0.3062598
-2.178425
-1.607335
2.386593
-0.007704535
-0.8009897
-1.988474
0.939357
1.276689
0.8721817
-2.554511
-0.9263012
2.322479
-0.2172028
-4.786873
-0.218193
1.647088
1.769029
-3.211545
-0.9447501
1.981453
-1.142808
-1.083566
-1.345621
0.9349234
0.9872258
0.4333199
-3.448971
-0.8175278
3.065026
0.1245994
-3.46663
-1.349231
0.3658911
0.3902651
0.3836705
0.6405843
0.03964173
-1.191792
1.59668
1.32824
-1.405256
0.1934471
-1.372779
-1.895244
4.103379
1.223513
-1.199388
0.1851584
1.558489
0.4172521
2.766246
-1.018342
-2.024747
-0.8113149
1.537357
1.09485
-1.299677
-2.052442
-1.481609
2.529507
-1.623245
-0.6180987
-0.9401183
0.9278357
-1.320369
0.235177
1.34533
-1.388842
0.3228202
1.996168
-1.207717
-1.736685
1.114277
3.023443
-1.542101
-1.1161
0.2757691
1.494817
1.399003
-0.5392558
-2.050429
-0.5672599
3.420305
-0.0810796
-3.433268
-1.532387
1.456357
1.419123
-2.506384
0.2156938
1.242397
-0.484477
0.4174778
-0.6020955
-0.7476854
0.8418367
2.484452
0.2014159
-1.468493
0.3429719
1.024954
-0.07346819
-2.357361
-0.8829551
2.621298
-0.1632418
-1.735647
0.08549878
2.189166
0.1939318
1.336512
-0.4579386
-0.5749406
0.1106256
3.172324
1.276166
-1.533164
-3.091691
-1.511601
3.527826
-0.08545666
-0.7580522
-0.9045447
-1.012478
1.479517
-0.1134115
-0.5079125
-1.582741
-1.471671
-0.3986296
-0.06315469
1.5715
-3.112328
-1.806638
2.070749
1.503845
-1.370678
-1.534356
-0.3820898
2.888231
-1.415203
-2.628285
-1.177898
2.506102
1.153276
-2.368089
1.768826
1.418033
0.3375841
-3.478197
-0.4740123
3.222724
-0.4535218
-1.33209
-1.986938
-1.157763
1.96551
1.742455
-1.071967
-1.049039
-0.1875913
1.595641
0.8076093
0.4106433
-1.64947
0.3821425
-0.8588292
-0.3971544
1.158677
-0.07088348
-0.5645239
0.5080446
0.09287037
2.401582
-0.2772472
-0.3411113
-0.9618393
0.798831
0.418299
-2.085457
1.031018
1.387255
-2.235522
-0.2833034
1.286677
0.4636811
-0.4476722
-1.754997
0.4846258
1.068708
-0.03073257
-1.910851
0.2521211
-1.370317
-1.46121
-0.5003601
1.029713
-1.021178
-3.964264
-0.07413673
2.348018
0.7521026
-3.267542
-1.719153
-1.185852
0.472214
0.796721
0.5610908
-4.038872
-1.732077
2.819392
-0.04478966
-2.833381
-2.027191
0.282578
1.443973
-0.03270018
-0.04323025
-2.723106
-0.1819254
1.996346
2.938172
-3.445272
-3.307524
2.337442
2.742192
-1.64792
-2.789229
2.785166
1.170598
-2.101913
1.347704
-0.1726996
-0.7192112
-1.335559
1.401981
-0.8286906
-0.8952624
-0.7472354
-0.2571605
-0.4444439
0.8341151
1.507127
0.1762746
-1.244315
-1.715659
-1.54872
-0.02513241
0.7383243
-0.1305932
-2.301193
0.7461155
0.3309609
-0.9003446
-0.9472567
0.885295
0.02703605
-1.31977
-0.364145
2.208743
-1.633659
-0.3344159
-0.4459094
0.2839642
-0.8329222
2.895136
