55.0483
56.73612
58.30653
57.143
56.93483
54.76819
55.3495
55.58033
57.07005
58.18777
57.1438
55.79655
58.13477
57.29692
56.51078
57.9251
55.45513
55.48476
57.47945
58.26263
57.21596
54.96912
57.41277
58.71753
56.87535
56.84125
58.28151
54.97469
55.82021
58.7602
58.67104
56.98292
56.82071
56.33164
57.15178
58.48416
57.60603
56.02534
55.2079
58.09201
59.15464
57.0865
55.9145
57.33085
57.34634
57.92451
57.79218
57.50316
58.06409
56.29711
56.59202
55.9639
54.42889
58.0018
57.5738
55.15034
56.87156
56.88089
58.58572
57.31528
57.05285
55.26409
56.61384
58.8844
57.71312
56.03636
57.19539
58.01736
56.13643
57.15731
55.50758
56.21619
59.35233
57.61737
55.5663
55.72538
58.51702
58.52772
54.7542
55.41263
59.18285
57.62994
54.63238
57.14804
57.57952
54.50947
56.1921
59.10092
57.53039
55.71682
55.01397
56.8283
60.66665
58.05018
55.61195
57.24333
55.51905
57.26504
59.63186
58.36674
56.40214
54.62309
57.9319
60.01413
56.16811
54.94116
57.15645
59.67115
55.32291
55.42633
56.7965
58.45058
57.18275
56.89292
57.14307
55.92445
55.6258
56.43517
56.92557
58.86901
57.1555
57.04917
56.64342
58.15348
58.3547
58.35584
54.34844
58.01847
60.0903
58.31361
55.98494
57.10699
56.74032
58.00418
55.9525
58.07814
57.7147
54.93044
56.73388
59.18339
56.88904
54.73616
56.01644
58.09527
54.66021
56.11858
58.99419
57.32036
54.71809
56.81291
57.34163
56.94587
57.19849
56.85844
56.30918
56.57818
57.37326
58.63555
56.67367
56.51688
57.5562
58.61684
56.91049
56.95464
55.52689
56.91415
59.4633
57.50077
56.211
54.79127
56.78266
59.96868
57.58591
55.57324
56.04427
56.77651
59.84626
56.72786
53.5812
57.49643
59.06046
55.8269
56.56723
56.48661
55.60605
57.72615
60.08385
57.32787
55.9384
54.66803
58.03228
60.27023
57.2062
56.34002
56.94995
55.67209
56.61256
58.01127
59.72429
56.85845
56.39177
56.38147
55.94467
56.91948
57.71206
58.02299
55.17788
56.24777
57.64737
59.03283
54.56675
56.27172
60.32114
57.34161
55.31404
58.63638
59.46436
56.17161
55.32219
58.86335
60.05386
57.41848
57.0586
55.16827
57.49316
58.8504
58.65757
55.90746
56.28879
58.70657
59.59755
56.96095
56.23144
58.11826
58.55828
56.03918
55.44726
59.0093
59.45531
56.23362
57.27944
57.26127
58.53418
57.97664
56.44286
56.8608
57.25582
57.40353
58.20512
58.06015
56.12705
57.76405
59.60175
55.91418
55.60525
59.21458
58.66914
56.98799
57.2528
57.91002
58.71378
57.34292
56.41386
56.8686
58.91494
59.04036
55.64428
56.79827
59.5668
56.67423
54.22577
57.24214
59.72308
57.55273
55.75155
56.56853
57.24049
59.35429
57.39653
55.28233
57.37585
59.38668
57.3728
55.63931
56.12545
57.73211
57.82449
57.77536
56.6609
55.08739
55.83373
59.69459
58.16112
56.87132
56.44316
56.29714
57.90633
57.8735
56.27663
58.67975
57.18242
56.12373
57.50739
58.41981
58.2126
56.76626
54.75175
57.89243
59.69774
57.14989
56.00642
57.0257
56.50069
56.776
59.4343
57.44748
55.0838
57.03933
59.28608
58.34467
57.56399
57.8462
57.76432
58.58265
56.50745
54.86087
58.67582
56.99074
56.30002
57.73149
57.44953
58.1751
57.23413
57.61672
57.83556
58.50291
57.69366
57.04706
57.54844
58.27089
55.45858
57.47368
58.85741
56.78945
54.56687
56.18302
57.90115
59.82697
57.531
57.98899
56.44896
56.43024
58.70409
59.69483
56.43316
56.64077
59.45799
57.80237
55.66251
58.72108
59.56185
57.7418
56.41507
59.15174
56.48735
57.63507
58.34137
55.10105
56.57542
59.70879
57.85456
56.23296
56.71007
57.78686
59.09934
58.41325
56.69822
54.76739
58.23179
59.48794
56.79044
56.21653
56.95506
57.58706
57.55805
54.64671
56.87175
60.2674
56.86926
55.04638
56.49615
58.76357
55.58986
57.25162
58.17175
57.85695
57.23987
57.35102
54.54449
58.19009
59.07206
56.0507
55.78025
56.42496
55.48878
57.38445
59.22204
57.6636
56.53065
52.56583
54.71473
59.0461
56.24459
55.27982
57.20642
55.96326
56.62056
58.87918
58.58715
56.24736
55.22501
56.5828
58.01076
58.16502
58.59122
57.21243
57.04293
57.33068
58.91576
58.09678
58.20947
58.36313
57.8851
56.38861
58.2019
59.50058
55.04728
55.7181
59.72292
58.07402
56.33702
55.83147
57.25432
59.20976
57.30814
56.1446
57.93997
58.45982
58.83929
58.01039
55.99286
57.36234
60.06128
57.26392
56.83702
55.12634
58.37129
59.9188
57.66878
56.08317
57.03955
58.15477
58.65687
58.72914
57.18727
56.53625
58.24514
60.16634
58.02929
57.05529
56.53671
59.23854
58.98656
58.08369
57.59862
57.82254
57.67352
57.12226
59.7258
57.77874
57.64317
57.33471
56.59979
58.27027
58.96013
57.6041
57.71181
55.99349
57.94875
57.40217
58.06763
58.47476
56.89997
56.15632
58.89577
58.24855
57.36594
57.05829
56.14911
56.95797
60.19254
57.21948
55.09325
55.68895
58.21862
58.68319
57.75466
58.22628
56.39314
57.92761
58.96972
57.19984
58.27033
56.50615
56.06083
58.05341
60.01832
57.26669
55.86786
56.93455
56.93804
57.56885
58.06322
55.64891
57.37446
59.39616
57.89841
55.18922
55.21627
56.61782
60.02272
57.84737
54.2309
57.19543
59.62408
58.18367
55.73914
57.59932
59.34877
57.51737
54.99397
57.55214
60.55801
57.92808
56.5767
57.22687
60.03827
57.68493
57.75723
57.31191
57.04448
55.80671
59.38843
59.5306
56.38639
57.374
57.29856
57.27333
57.39236
57.64808
57.96677
57.16956
58.64643
58.48214
56.57999
55.37275
57.38415
59.60632
58.44318
55.25227
56.22746
57.17635
58.56229
57.98338
58.58226
57.71577
57.43855
57.97799
58.14162
58.4157
56.84147
58.03434
58.65425
58.03627
56.47331
55.71813
56.80695
59.82159
57.79778
56.50595
57.26944
58.59636
58.00653
58.68092
56.46017
57.12637
59.31102
56.70618
55.66362
58.52763
58.49773
56.18089
56.7818
55.64913
54.62589
56.6314
58.89301
57.18301
56.49676
57.79834
56.51096
57.81326
58.15374
57.54265
57.79792
59.42926
57.79927
57.49224
55.13636
58.25698
60.34143
57.03461
56.46252
57.4039
59.59216
58.71001
56.28369
54.76428
57.90077
60.62545
57.71931
54.70407
56.0414
58.627
57.91145
56.45019
57.59864
57.26754
59.28619
56.74516
57.01601
57.49245
57.30206
56.51044
58.17855
59.0308
57.36641
57.03406
57.5112
56.96329
58.8084
57.71413
57.30596
57.5031
56.55413
57.3325
57.6607
58.77907
58.64916
56.89328
57.87599
57.60711
56.24282
58.76839
59.42145
57.45882
56.70038
55.00779
57.80325
59.65684
57.8666
55.02628
57.00054
59.16377
58.66732
57.51555
56.41027
56.0232
58.9535
60.88544
56.73822
56.4313
57.49979
56.91117
57.91604
59.19557
58.18037
57.82748
59.41292
57.31495
58.82182
59.10047
57.29396
57.0019
56.15289
57.94176
59.95199
57.67801
56.32919
58.07518
56.82313
57.70249
58.69669
57.94983
57.55258
57.66795
56.24102
57.05147
59.19968
59.17055
57.04351
55.0624
57.6043
59.86848
56.69692
55.97513
58.0802
57.86339
56.45573
59.14542
57.42098
57.71323
60.60064
58.30056
56.96759
57.18545
59.34728
59.20263
59.3702
57.97473
57.88288
57.90224
59.45547
57.74622
58.30037
58.11781
58.3619
54.85812
55.60043
58.95235
59.48151
57.79468
56.39944
56.87378
58.8003
58.48825
55.54971
56.00607
57.35894
59.3537
57.30418
53.71825
56.73708
59.13961
57.35202
56.36534
57.96274
58.6292
56.8216
56.04006
57.2382
59.06447
58.15517
56.24249
56.82331
57.45518
55.88003
57.22097
58.9869
57.07867
56.26085
57.42877
57.13197
58.58607
56.87393
57.21944
58.51366
58.55464
54.07325
57.56096
59.61689
58.36292
53.73637
56.6349
59.91558
56.60331
57.45612
57.35283
57.52135
56.89465
56.54342
58.08906
54.87917
55.99511
59.22523
57.60521
58.30834
56.79869
55.20747
58.2962
60.03396
57.45117
54.11639
57.70093
59.38626
58.25216
55.91701
56.91733
59.25837
57.91127
56.31219
58.57886
58.11057
57.38546
57.31028
57.39296
57.9595
58.8013
56.11969
57.25039
57.97753
56.64509
58.1973
58.035
56.54168
55.16189
57.44167
58.51863
57.19179
58.33286
57.43642
56.13052
56.59871
58.56814
56.47451
57.49541
58.69482
57.38747
57.69238
57.40282
57.41039
59.2632
57.74923
56.42035
55.23923
57.06808
59.70802
56.55324
56.53072
58.89921
57.35049
57.96216
57.23692
54.929
57.25656
57.91285
57.77359
57.03162
57.30027
57.85065
59.29003
56.56202
57.89372
58.44745
57.15034
57.44104
55.8958
57.19492
59.70789
58.17001
56.10253
57.03127
59.62662
57.06816
55.7799
59.73603
58.7224
54.99886
57.65601
60.49353
56.78738
56.65461
58.18653
58.38764
57.02922
56.10023
56.32698
58.09267
59.18547
56.33479
56.56923
57.20524
58.78693
58.35623
54.75642
58.23932
59.68301
57.02786
56.00128
58.50655
58.94028
57.15765
57.82176
58.12406
58.30746
58.44013
57.61919
55.86763
58.44405
59.38188
57.1216
57.11501
57.38533
56.88654
56.60841
57.88555
57.5345
57.46635
57.73817
56.30009
56.3718
57.78037
58.20189
57.69638
56.64783
57.90661
57.52414
57.72277
58.25815
55.96445
57.71127
60.00947
57.38174
55.08371
56.46226
58.87191
59.20169
57.31199
57.87004
56.62103
57.5919
58.06311
58.36028
57.45231
57.1218
58.98949
56.74519
54.54572
58.76077
59.80318
57.24302
57.03205
56.78453
59.00618
57.91655
58.71079
58.53555
57.89861
58.05914
57.62132
55.06361
57.73953
59.93027
56.92551
55.45422
55.75679
55.14358
56.8038
57.45527
56.48228
55.88669
57.7817
58.35042
58.57523
57.88517
57.31611
57.34493
58.61553
57.24162
57.21597
60.5303
57.97898
54.70903
57.91146
60.2702
56.77597
55.20001
57.71582
57.40167
54.10218
58.60858
59.742
56.85905
56.6465
56.3195
58.04661
58.6115
56.88268
58.50396
58.07997
