54.31823
56.40989
58.26037
56.47359
56.46615
58.40642
57.29864
55.87703
57.01142
59.39125
57.91521
56.35928
55.01297
56.64519
59.37629
56.17902
55.83399
55.23081
58.10951
57.48321
56.94843
57.74516
56.48492
57.06633
57.17894
56.28186
57.43431
57.64026
57.90405
55.30283
55.70311
57.41506
58.69807
55.8703
56.14339
55.17438
55.87949
56.91883
58.95208
55.62842
55.40195
57.38185
59.10781
57.53758
55.9249
57.42159
57.909
56.96556
58.07957
57.28486
55.72953
57.01852
57.6116
55.19202
55.85841
57.50802
58.7345
55.68739
54.58197
57.35645
59.47929
57.07854
55.16385
56.54821
59.80536
57.62599
56.14386
57.95192
57.45009
56.88315
58.03026
56.34541
57.21269
56.60955
56.7567
57.66975
57.74313
56.49288
54.71856
56.79565
58.8555
57.32512
57.98356
56.54122
56.97853
55.23287
56.19984
59.53941
57.07502
55.55438
56.56657
56.17569
58.02934
58.50469
54.57938
54.47232
57.26175
58.89205
56.26568
53.64772
57.05658
59.74799
57.29813
55.67032
56.63486
56.81608
58.19357
57.96926
56.35508
56.96435
58.49126
56.7879
55.46642
57.18724
58.75377
56.48776
55.67156
57.9911
58.09556
57.23143
55.28852
57.38994
58.06197
58.38449
57.37422
56.23157
57.42668
57.6673
55.13181
57.98579
59.35919
57.15326
56.06658
56.95467
57.35104
57.47534
53.57868
56.91015
58.09135
57.38192
55.13107
55.16761
56.78135
57.48691
57.87562
56.10339
54.69981
59.3938
58.00324
55.11009
56.18339
56.58568
56.01579
57.19453
57.47472
56.81549
56.39801
57.32377
57.25079
57.06829
55.40732
57.16283
59.49035
56.74644
55.63665
57.27392
59.46328
57.22045
56.14376
55.68035
57.35791
59.25323
57.84053
55.75827
57.71873
57.57215
57.09148
57.35812
58.64091
58.13272
55.24989
55.23166
57.95704
59.05553
56.58714
54.43309
55.76563
59.0504
58.48409
55.79762
58.34345
58.87717
56.79015
56.71049
58.13022
59.42586
56.20739
55.64713
57.88216
58.77226
54.80974
55.78999
58.78051
56.76015
54.47089
57.36514
58.53429
57.90009
55.23854
57.04081
58.37816
56.52585
57.57166
58.45108
57.22725
55.97276
55.53783
57.01121
58.60953
56.49368
56.61556
58.45263
56.72939
54.23907
55.32092
57.29446
58.66551
57.4622
56.10516
56.00323
56.96647
57.44963
59.04204
57.02065
56.16647
55.05315
58.19815
58.75331
56.55179
55.57534
55.95316
58.63301
58.23847
55.07307
54.55348
58.12375
59.61177
57.13608
55.76867
57.83161
58.84571
57.51997
56.66204
55.49259
57.05401
58.59413
58.08554
56.78351
54.85652
56.22994
59.57138
57.9968
57.03017
56.80757
56.61887
58.21788
58.6715
57.38562
56.13883
58.52853
57.17112
57.62159
57.57636
56.38722
59.42478
57.26702
56.40187
58.23179
57.54935
55.64169
57.92334
59.24587
56.61818
56.35915
57.26837
57.90287
57.44559
56.46064
57.99086
55.98204
56.47458
58.02248
57.83301
56.82748
55.19462
56.29704
57.55942
58.72205
57.18954
55.67442
56.11976
58.54936
58.56218
57.77385
55.52119
57.16091
59.77702
57.65404
54.86454
54.72029
58.01479
60.04129
57.40157
55.24998
56.31137
59.03397
57.48772
57.41544
55.89752
57.84267
58.61837
58.12454
56.99139
56.25213
57.92792
58.02497
57.26825
57.63558
57.33779
54.34738
57.20576
59.00094
57.263
56.71647
57.35539
57.18068
56.07786
56.44489
57.06486
57.79803
55.6162
57.76735
58.18436
57.60035
56.2591
56.40023
57.72942
58.16204
57.44939
56.87683
56.74896
58.74886
58.13932
55.50304
55.94423
57.95213
58.07634
57.58531
56.90198
55.80086
56.50776
58.60216
58.2314
55.1227
56.087
60.59865
57.33371
56.25868
57.24623
55.511
56.59803
59.48907
58.15348
56.22109
57.20142
57.64989
59.10773
56.76734
58.30335
59.04642
55.67034
57.76499
59.7507
58.55351
55.48191
55.73329
56.0534
57.91338
58.37637
55.83586
56.31083
58.41729
57.9776
57.68979
54.8857
57.81284
59.14964
56.75016
56.78596
56.26557
58.17036
55.77049
56.33506
59.18199
57.45272
56.68548
56.15907
58.83215
58.58505
56.03749
54.5134
58.67941
58.93414
55.74692
54.37019
55.09895
57.77306
59.12934
55.615
55.51904
58.38765
56.19548
55.97245
56.86478
58.21254
57.22522
55.3765
56.94333
59.07418
56.82206
56.2588
58.61526
58.53646
54.65571
57.44817
58.89672
56.97654
56.82463
59.07092
56.23674
57.67994
57.91964
57.49168
58.43837
58.1935
58.16351
56.52457
55.30045
57.78523
60.14782
56.00375
56.57005
58.53623
57.2734
54.86866
58.32973
60.02023
56.5518
55.55156
56.35595
57.63651
57.98671
57.28473
56.58455
56.20509
57.08341
57.10659
56.70947
60.03489
57.5287
55.84051
56.29782
58.44965
59.06517
56.76224
57.21132
54.25304
58.18558
59.78613
56.90704
52.72822
56.9584
59.55494
57.70311
55.49281
56.44538
60.06861
56.97836
55.74977
57.00469
57.98899
58.18138
57.53804
57.18074
56.33533
58.33913
60.32934
57.36253
54.42976
57.50531
60.36519
57.26367
54.58997
57.98653
59.40588
57.22317
55.94621
58.23385
58.38609
57.66644
56.62936
55.49849
56.91599
60.50567
57.27571
56.17838
56.46761
57.26496
58.8176
56.8397
56.55463
59.73024
56.8305
54.24945
56.18562
59.72551
58.45652
56.78362
58.24968
56.50108
55.63359
57.11916
58.59613
57.97974
55.3382
55.70325
57.79302
58.39369
58.38856
56.59507
57.96037
56.11281
55.19477
58.97497
59.1212
56.60568
56.19764
58.39965
59.01054
56.09962
57.80505
58.44909
57.27124
55.56429
57.6996
60.22023
57.06021
57.16297
57.39064
57.55384
57.49099
59.18468
59.71383
58.40142
57.12264
56.06353
56.79908
59.06732
58.20701
56.31163
55.36726
58.31052
59.88982
56.89574
55.65544
57.30626
58.25954
56.21421
55.64165
58.78143
57.52861
55.3723
56.18764
55.76127
57.60437
59.16782
58.34988
55.05425
57.0112
59.4394
56.28522
56.34468
59.01496
56.66358
57.68399
57.87756
57.95621
56.85378
59.1835
56.08426
57.38881
59.425
57.01551
57.86213
57.05301
58.23001
57.79974
56.15193
56.546
58.19589
59.21892
57.20563
56.70113
56.84479
59.07171
56.94361
57.21046
57.1066
55.5386
56.90259
58.15409
58.21093
55.65244
55.04459
58.29098
59.47635
57.28558
57.21239
57.42516
54.79685
57.26519
60.08739
58.16609
55.83488
58.27104
57.77618
58.59107
57.80289
56.68163
57.51319
59.49474
57.61606
55.02831
54.33885
55.88986
58.39022
58.74665
55.76625
55.14648
56.31137
58.60492
57.51162
55.47804
55.31184
58.35819
59.55638
56.34811
56.8104
57.30082
57.56565
57.88117
58.3569
58.81987
57.05164
55.45351
56.56627
56.96246
59.04518
56.93183
57.86923
56.73716
58.67522
59.58523
55.47572
55.85653
58.87081
59.05441
56.5827
55.3305
57.44765
58.35125
57.568
58.37824
56.65086
57.20314
58.15816
58.9425
56.40598
55.68831
56.78837
59.77037
59.03521
56.1254
57.54672
57.88507
57.02335
57.71252
59.20666
58.7157
57.21532
57.77896
56.29861
58.40213
60.29507
59.57392
57.43217
56.94783
57.2417
59.78763
59.18201
55.72802
56.4333
57.78768
58.46994
57.56327
57.62587
58.39745
56.70704
56.97644
56.44732
58.2485
57.1193
56.68525
57.60822
57.11354
56.36871
58.57432
58.59468
56.48847
54.54921
57.90347
58.50929
55.35392
54.93563
56.94747
57.86956
53.77423
57.13136
58.9411
56.13465
56.88647
56.76114
58.50638
57.98347
55.90854
56.24416
58.02645
59.50697
55.5635
55.11963
56.77156
59.22091
57.98209
57.60632
57.04637
58.40195
59.20882
56.34579
55.80564
57.60065
57.24741
57.54327
58.19432
57.94583
57.43771
56.87701
57.77615
59.23629
58.01101
57.48605
55.30761
57.58006
59.67507
58.24044
53.84738
57.50605
59.02893
57.52258
56.25405
54.5686
57.04712
58.26166
57.43976
57.65102
57.98131
58.04406
58.10943
56.41449
57.74464
58.1443
58.40163
56.8976
56.1688
57.88794
58.57462
54.86721
55.95113
58.38349
59.20882
56.74181
56.75536
55.19866
57.20897
59.50047
57.6228
57.75908
58.04131
57.10926
57.30614
58.38837
55.8313
56.99865
59.87051
57.72814
55.3293
56.79038
57.95189
59.37034
55.37012
55.81562
56.73899
57.57706
57.94417
58.93245
57.12981
57.07107
58.78579
59.1833
57.04512
55.52794
54.90516
58.5533
59.19856
56.28299
56.65691
56.65305
57.17528
58.1998
58.51566
55.65347
58.96822
58.39643
56.19146
55.1482
56.29361
58.7085
59.33475
56.4394
57.16681
58.29729
55.99944
55.31568
58.95114
59.55025
56.39025
55.5149
56.91237
59.42629
58.04524
57.0818
56.33336
58.39594
57.83221
55.8797
55.78941
58.55286
57.09056
57.60159
57.60278
56.57937
55.75876
58.05946
59.08065
57.73384
54.65982
56.72329
59.21052
58.33925
55.65968
54.5645
57.90674
59.49661
56.98199
55.96311
56.55884
58.0799
58.74293
57.12787
57.73032
57.45337
56.17657
57.92985
57.24733
58.0392
57.67071
58.40204
57.77816
56.75263
57.08766
58.55897
58.80745
57.82606
55.56245
56.09263
58.99245
59.09649
57.40259
57.08262
58.91247
58.59492
57.16882
56.84576
59.185
57.31466
57.83244
58.70576
58.90085
57.54549
55.88459
55.57859
58.70352
59.39575
56.88553
56.19802
57.13592
57.62224
59.43996
56.99438
54.33366
57.48619
59.84083
57.74904
55.25085
55.21337
57.51052
59.81441
56.50243
57.37061
55.42165
56.6353
60.30392
57.69708
57.59199
57.10676
56.42644
57.51873
59.45408
57.00033
56.62275
58.8063
58.55679
58.39249
55.1352
57.1995
59.3368
57.47062
57.54963
58.2737
56.89263
57.3755
58.96766
57.42899
55.46074
55.93801
57.63452
59.06594
57.216
56.17614
57.16415
57.47029
58.96777
56.08302
56.81883
58.79511
56.56083
57.3409
58.0421
56.61669
58.50524
58.86323
57.29858
58.04072
57.22
55.86604
58.11454
59.08776
56.94195
56.37664
58.47924
58.74837
56.76258
56.94372
57.25524
59.48308
57.64645
56.69132
58.40731
57.82568
57.38184
57.98526
