-1.725457
-0.113168
-1.811586
-0.5770873
2.730575
-1.99983
-3.00936
1.402569
1.299648
-1.86163
-1.455564
0.7444264
2.426989
-0.228036
-0.6045964
-1.324927
1.195273
3.217847
1.134793
-0.2561771
-0.4481161
-0.1915884
0.5783201
1.319026
-1.123462
-1.962451
1.803139
0.7553332
-1.181533
-1.20985
-0.7114934
0.5987811
1.09734
1.969022
-1.035113
-2.028564
0.5436707
3.265342
0.6199797
-0.7444541
-0.6868379
-1.269492
0.93521
1.739194
-0.4795927
-2.797856
-0.6138197
1.588171
1.414195
-0.7399828
-2.310981
-0.3685291
2.823374
1.369113
-0.6583316
-0.8754964
1.591613
0.7790907
1.132178
1.097152
-0.3417121
0.9711072
-0.2522643
1.562744
1.568996
-0.802606
-1.660638
2.18955
1.905793
-2.190598
-1.603422
2.037985
1.566768
-1.575172
-1.453739
2.668053
0.6763089
-0.173765
-0.9609562
-1.606447
2.716663
0.9548457
-1.333152
1.394438
0.2723642
0.4843863
1.307656
0.4842962
1.577366
-1.018569
-0.1312963
2.937358
2.417818
-1.575648
-2.104973
0.7667497
0.6773056
-1.083411
-0.02741086
0.2086065
-0.03948724
0.3467651
0.7673004
-1.491937
-0.6494184
-0.2646649
-0.0794861
0.553957
0.3985986
-0.4215161
1.145931
2.003083
0.932229
-2.503372
-1.6251
0.7943079
1.979142
-0.357136
-1.554364
-0.191596
2.036177
1.000311
-0.6639195
0.04434811
-3.911757
-0.8142943
2.755021
-1.149423
-1.850647
0.196358
2.039214
1.111804
0.2778482
-1.051082
0.6156348
-1.808169
-0.6311768
2.700496
-1.309997
-2.653912
-1.111964
-0.3317257
0.1567464
1.911511
-1.237458
0.1345915
0.6126637
0.2443031
1.834282
2.201941
-0.4744599
-0.0898781
-1.215929
-0.03536549
2.044661
-0.8709837
-2.492128
-0.005019087
1.757206
0.3665937
0.636866
-0.4961722
2.281467
-0.0006646851
-1.499762
-1.087575
1.389711
0.8198857
-0.5239404
-1.52296
-2.0853
2.167844
1.488552
-2.107606
-2.817037
-0.1413378
2.501258
-0.1222248
-2.848815
-1.1878
0.2511368
0.9448888
-0.5955205
-1.242671
2.569397
0.06747501
-1.27935
-0.289987
2.408369
1.633248
-1.059639
-2.523742
-0.1044124
2.530848
1.25594
-1.531707
0.5742853
0.8351082
0.02782189
1.718716
1.888858
-0.7253001
0.7024561
-0.2611068
-1.982129
0.4633856
0.5453678
0.5442925
-0.9829565
0.763481
-0.5647147
0.3940908
1.99254
0.3615053
0.7431132
-0.5487909
-0.7212535
2.396507
1.058102
-3.849914
-1.103292
2.192648
0.8969756
-1.112213
-3.873377
-1.766395
2.348912
1.454697
-1.851353
-0.9129759
-0.1171929
0.5833985
-0.5198921
1.246357
-1.091138
-0.5470559
0.09745442
-0.8192985
1.447614
1.584673
-0.9307793
-0.9511524
1.057295
1.74075
-0.9054571
-0.7559689
2.684691
0.7750224
-2.274106
0.3561842
3.921528
-0.2912689
-4.127682
0.4555293
2.588743
0.00587664
-0.9697514
-1.085624
0.4880381
-0.6196721
3.041874
-1.669733
-1.761344
-1.005884
-1.246774
0.6435102
-0.7754153
-0.7618348
0.6442112
-2.25715
-0.06616205
2.820172
0.1717569
-2.674629
0.01941788
2.404227
-0.3530129
-2.343125
0.2179533
2.471027
-0.1706422
-2.330573
-1.025916
2.943696
0.394799
-2.133075
0.4741877
1.677725
-2.259215
0.4083259
2.571428
-0.1526133
-0.50981
-0.4879437
0.00163645
2.796244
1.721434
-1.665938
-0.7487408
1.326062
2.297394
-2.64736
-0.8721732
2.585109
0.2841273
-2.394042
-2.590655
1.636582
0.9985142
-1.401061
1.807716
0.4003535
-0.06656429
-0.3493046
1.882876
1.388982
-0.8228106
-0.0526778
1.654215
1.463047
0.4474743
0.8726504
0.3286207
1.632846
1.179435
-0.3600926
-2.943737
-1.619181
2.572777
0.6194992
-2.995904
-0.2620496
1.585615
-0.5232021
-1.979438
0.612628
1.52848
-0.1370729
-1.145073
-2.137245
2.508265
0.5800388
-2.690644
-1.845675
1.438158
-1.324982
-0.9392996
2.299754
-1.011888
-3.916528
-3.013091
1.97011
0.7596334
-1.391181
-1.899223
-0.8460129
2.427639
-0.8682462
0.4627798
1.983042
-0.1588503
0.3887964
0.807716
0.8382328
0.06071769
1.15846
1.487351
-0.6669459
-1.154868
0.5161069
1.212625
0.749082
1.757731
0.4014939
-1.537624
0.05787375
-0.5376396
-0.6201001
-0.2140349
1.066176
0.2024434
-0.1265357
2.136281
-1.569253
-1.048943
3.997962
-0.6296778
-2.575974
2.54333
1.674695
-2.338741
0.1225957
3.354214
-0.695764
-2.384498
0.2623025
3.158828
-1.424202
-1.335837
1.249197
1.489156
-2.549204
-1.486321
-0.9155038
-0.667157
1.788764
-0.2684385
-1.159722
1.835059
-1.258738
-1.930413
-0.7137777
2.768261
-1.485664
-2.512555
-0.8804286
3.965954
0.8107441
-1.676334
-2.31102
-0.7722751
2.651733
-1.06788
-0.1068886
-0.6281862
1.152887
1.090208
-0.1248609
0.2398815
1.345223
0.7590274
-0.2253728
-0.8610539
0.331158
2.677976
0.8560981
-1.305789
-3.357657
0.9084958
2.631109
-1.270996
-0.1372523
-1.359174
0.04951189
0.7621643
1.651957
-2.552185
-0.9051058
3.784888
0.2763332
-2.278602
-0.1685175
1.229533
0.8570566
0.247464
0.178256
-1.616579
-0.3327209
2.569499
-0.5226193
-3.547075
1.044593
1.354653
-0.8205672
-2.119823
-2.904181
0.6370367
1.781548
-1.592817
-1.964072
-0.8091443
-2.530259
0.4097936
3.312139
-0.240119
-2.104726
-3.333828
0.06578615
1.874789
0.8444303
-0.1112136
-1.428685
-0.6654558
2.387541
2.06118
1.495822
0.4982723
-1.198395
0.6155229
0.6374565
0.6569334
-0.6856455
-0.06049142
1.245721
-0.8136334
0.5262558
0.6045878
0.4009014
1.669108
0.3537788
-0.003292009
1.278322
1.960086
-2.208946
-1.20099
3.062561
1.499447
-1.381125
-1.145252
-0.5523929
-0.8363691
-0.9094416
1.929984
-1.280438
0.5364578
-1.608913
-0.3136128
4.20147
-0.8503259
0.606109
1.703302
-1.804495
-1.665167
3.374485
0.1581194
-2.284468
0.5599582
0.811399
0.3002687
-1.457621
0.4567598
2.681957
-0.177672
0.1042415
0.8269067
2.251639
0.5554122
-0.5792308
-0.2530977
-0.8709539
1.22279
2.013352
-0.07024646
-2.319713
-0.02974351
1.967846
0.2379431
-1.383383
0.790346
1.095091
-0.5541977
-1.582734
-0.7266389
2.053226
-0.2128228
-3.420039
-0.4693886
0.6254781
0.4801233
-0.8414562
1.053001
0.09351427
-2.040291
2.12449
0.5385975
-2.724805
-1.28062
3.020936
1.252433
-2.030697
-1.222654
1.257215
0.6206222
1.703876
1.114409
-1.407003
-2.649183
1.896982
1.149252
0.114151
-1.195484
-4.104807
0.08130242
3.538444
0.8453559
-4.450775
-2.88084
1.729144
-1.654163
-1.581481
2.912992
-0.937665
-2.733668
-2.332643
1.285321
2.32684
-0.5448679
-1.685762
1.122337
1.217752
-1.414818
-0.5822254
5.219405
0.3651746
-2.934898
1.127261
0.2031053
-0.094285
1.276295
0.6913245
0.07147669
0.1185302
-2.040202
2.700811
0.7301211
-0.9972041
0.296644
-1.277503
-1.083464
1.085097
1.785064
-1.655755
-0.05936381
2.175833
0.8353416
0.887018
1.148203
-1.808576
-0.8598331
2.684827
0.750385
-1.14956
-0.6337882
0.8644246
1.809247
-0.1348294
-0.2385367
-2.436333
-0.4589568
3.491035
-0.6757173
-2.936153
-1.320818
2.606432
-0.2625051
-0.1743363
1.322805
-1.200296
0.1745451
-2.683961
-0.5673664
0.2566111
0.2393783
-1.339558
0.9032091
1.210229
-0.3817743
-1.482988
-0.6787096
2.102123
1.507606
-5.435942
-0.5579777
2.144679
1.058492
-2.114039
-2.928565
2.426388
0.7200281
-1.920257
0.5223288
2.302837
1.882678
-0.2206832
-0.8405797
-0.2686352
-0.6391023
1.361114
1.202941
-1.377863
-2.79928
-1.331654
-0.6321352
0.277593
1.201861
-0.5490832
-2.461896
-1.519308
1.221283
2.522678
-0.7189513
-1.959934
-0.4356782
1.660636
1.541788
-1.049605
-0.1359308
1.127759
1.482694
-2.123624
-0.501442
3.997267
-0.294827
-2.150819
0.3280684
-1.243417
0.04698017
1.731454
1.198911
-1.249341
-0.2894546
-1.120962
2.234147
0.3290189
0.6371573
-0.123142
-1.828475
-3.10093
0.5331839
1.474974
-1.073483
-3.147019
-2.94196
0.2749909
2.186124
-2.482533
-0.5084757
-3.668436
0.5502549
1.611091
-0.1472973
-1.776575
0.322118
0.5100003
0.6626272
1.030617
-0.1117308
-0.1588452
0.6135666
0.7603219
1.488669
-0.4187126
-1.251643
0.3637787
2.174803
2.360528
0.1128536
-0.08844461
-1.216542
1.529351
4.937931
-2.802319
-2.215017
1.42151
-0.5339911
-2.03856
0.05421104
0.4360174
-0.6309121
-1.239217
1.527487
2.3795
-1.538009
-3.425876
-1.52803
1.841171
-0.0514322
-1.397316
-0.9138228
0.3598102
-0.834668
0.1426968
0.9778643
1.800339
-1.267739
-1.51302
2.635687
1.101089
-1.198079
1.579385
-1.89462
-1.961612
3.273844
-0.4119343
-1.658691
-2.198638
1.008164
1.035301
-0.658016
-2.412679
-2.910376
-1.562774
-1.564358
2.513878
-1.241343
-2.9482
-1.402617
0.4801921
0.1832584
-0.488142
2.074295
1.106028
-2.848046
-0.844506
3.301416
0.4805555
-1.331632
-0.06142482
0.1320959
2.566632
1.586266
1.410232
-2.399585
0.6553039
2.393931
-0.0467249
-0.3961555
-0.851555
-1.27067
1.634241
-0.6571174
0.1031553
0.819252
-1.161343
-1.751684
-0.7052121
1.293278
-1.461767
-3.394808
1.640166
1.937481
-0.3799714
-1.56688
-0.2464201
0.4381506
1.576281
-0.0566694
-1.024739
-0.6654918
1.160064
0.02352497
-0.4533554
1.430393
0.6609024
-1.097015
0.3191509
1.136012
0.5749558
-1.364513
1.268863
0.178809
-0.580705
3.43185
-2.389401
-3.010156
2.391889
2.022608
-1.496936
-1.068617
1.498635
1.57425
-0.4389616
0.09416585
0.5566539
-0.3134404
2.508078
0.380204
0.4810401
0.8006306
-0.08112971
-0.2881172
-0.1570808
1.606331
-0.3216295
-1.0511
-3.450032
0.06491534
1.683873
-0.6717321
-2.86275
1.206463
0.9667429
-0.8242995
-2.460492
3.571331
-0.433931
-1.634135
8.175317e-05
-0.05512102
0.400778
0.2864533
-0.04248151
-1.906557
-0.1308513
3.683872
-1.613941
-1.894915
-2.504079
2.944004
0.3337067
0.134871
-1.688444
0.5248104
0.2724215
-0.06630924
1.136178
1.582462
-1.722376
0.5984775
1.920576
0.5752183
-1.007702
0.5322637
-0.3953227
2.318322
-2.422936
-4.218352
-0.3109841
-0.18734
-2.723777
-2.295897
1.091883
-0.1579365
-2.387776
-2.28796
-0.4165617
1.839111
0.8382278
-0.6004148
-0.2744884
-0.1720138
2.031492
-0.2236207
-2.962937
-0.6162053
1.950282
0.4239058
-1.323085
-1.730205
-0.3223122
-0.533402
-0.4151431
-0.2510374
1.137331
-1.060318
-0.3797024
1.989664
0.2443317
-0.1176404
0.154772
-1.639215
-0.6732286
3.105174
0.2099113
-3.723614
-0.366372
1.42299
0.3408767
-0.3143851
-0.5806447
1.795452
0.7844313
-0.9442157
0.4199151
-0.8522374
0.8690113
1.22091
0.4730192
-2.597815
-3.317046
0.4312231
0.9926525
-0.881564
-1.30777
0.18621
0.1641041
1.610265
-0.4605551
-2.661185
-1.230553
3.370919
-0.2471734
-3.118889
1.399786
1.145162
-0.4058113
-1.832994
1.478767
0.8844808
-0.8054237
0.543869
0.3900764
-1.893629
-0.5002453
0.8798628
-0.5355307
-1.831601
-0.4676024
1.815222
-1.315088
