100.7513
100.9411
101.0332
101.6271
102.6297
102.4707
103.2294
105.2152
105.8734
102.9712
103.8338
102.8556
101.6654
101.119
101.9232
105.5388
105.1732
102.9262
102.1429
101.6219
101.8512
102.5393
105.7209
106.2031
104.5295
104.1571
105.2632
105.6408
104.8081
103.177
104.2659
104.4081
104.1811
104.547
104.0082
103.485
103.9038
104.847
104.3076
101.4694
103.1126
102.6041
104.3856
103.9268
102.2847
103.3147
104.1554
103.9568
103.4228
103.2424
101.8311
100.8002
103.0906
104.5964
103.321
103.2643
104.2022
103.6777
104.8666
105.6042
103.9399
104.007
105.4444
104.2289
103.579
103.3148
104.5165
103.6591
102.2693
103.9631
105.7589
102.3539
101.2143
103.5944
106.1922
103.9603
102.1602
102.4564
104.2559
102.9749
101.4072
103.0197
102.3954
104.8412
99.484
100.3278
102.6441
105.5962
104.2101
101.018
100.5623
102.9844
105.3689
103.1374
103.429
103.6104
103.4749
104.5259
104.4198
104.4024
104.8474
104.1677
102.9903
102.143
103.769
106.2653
104.2263
104.3642
104.5462
104.2455
102.2188
102.0413
102.5377
102.4427
103.1237
104.4616
103.7578
103.0771
103.4135
104.0371
104.3218
103.0541
102.8942
104.0844
103.4913
101.1604
101.6035
103.21
104.9642
104.1544
102.4124
103.5801
102.7818
100.7346
103.1398
104.8637
106.7544
105.7854
104.6502
102.5908
103.5958
104.9535
103.078
102.2527
103.2956
105.3792
105.228
103.0648
104.0324
104.1552
105.9409
105.0516
102.7119
101.9426
103.6283
105.1861
103.3378
102.21
102.1874
105.1888
105.9193
105.3452
105.7027
104.1915
101.8699
101.4196
103.2235
104.4912
104.9832
104.9202
103.7658
104.3927
102.8192
102.0321
103.7302
104.5882
105.8369
102.257
103.5106
104.2525
106.5589
105.6318
101.1508
100.8509
102.7862
104.716
104.3179
104.2141
104.7807
103.6424
104.2613
104.1324
103.5707
103.9482
103.2083
105.3226
104.0267
103.5133
105.6366
105.5929
105.0985
103.722
102.5238
103.4915
104.5836
106.5026
106.2438
104.4247
104.6096
104.9938
105.2853
103.3433
102.6673
104.0225
104.6079
106.0594
104.1645
103.9548
105.0443
103.2073
100.9537
102.5749
102.7704
104.6665
104.2996
102.0169
102.3118
105.5323
106.2839
103.1142
103.0405
104.7672
103.2381
102.7889
103.6675
105.8263
104.4286
103.9497
104.1859
105.102
106.3102
107.7599
107.2034
103.1384
104.3759
105.8706
106.3557
104.5543
103.2445
104.811
106.405
107.6453
106.2546
104.3064
105.1467
104.2218
105.0847
106.5038
107.3904
105.9462
104.1771
104.8316
103.8841
104.9711
106.3897
107.2154
103.7498
102.6194
104.144
105.707
101.6127
101.2085
104.1391
105.9921
105.7311
103.3513
103.8239
104.5428
102.4828
101.0367
103.837
104.4693
105.5503
104.4984
104.6444
105.6308
105.1268
101.9922
102.4641
104.2268
106.8639
107.6743
107.1333
106.6547
105.8879
105.8248
105.4565
107.313
107.6696
103.9527
103.4534
104.3718
106.8211
105.4649
104.6329
104.3775
106.3457
105.648
103.5355
104.1393
105.288
102.4969
100.8697
104.6798
105.527
105.5196
103.3843
103.1151
104.2397
104.1296
103.788
104.8603
105.813
106.0537
102.9987
102.2576
105.2125
102.9738
103.3964
104.8372
103.175
101.7746
103.9823
105.3387
102.9755
101.6086
102.6147
103.8549
105.5967
105.2223
103.2763
103.2646
105.8961
108.9275
106.2115
103.726
104.2536
104.8865
105.6031
103.5921
105.0406
106.8218
104.0475
102.8255
103.0713
103.795
105.8707
105.7381
103.2476
103.9591
105.7605
107.2663
105.4963
102.1106
100.282
103.3558
104.8903
105.1293
104.6162
102.6857
104.2959
103.476
104.3139
105.7436
106.2216
105.9633
103.8023
105.6151
103.8536
103.2221
102.1883
103.8232
106.5927
107.1742
102.71
103.5204
105.6048
106.3089
104.8847
105.14
105.9866
103.0201
103.4011
105.2297
106.633
106.9996
104.5114
103.3999
104.7692
105.364
105.5931
105.1694
104.2556
105.6197
103.0655
102.1928
104.1603
106.2066
102.4647
96.72948
97.94748
99.37883
103.2
104.2878
103.1535
102.4428
103.6886
106.2305
104.616
104.1715
103.0849
104.3438
105.123
104.3759
102.9607
101.7132
102.7421
104.0949
103.2289
101.1563
102.9421
103.5356
103.893
104.0143
102.0377
101.2088
99.59033
100.7283
103.0776
104.8979
103.477
102.354
102.8316
104.2156
105.3473
105.9912
106.2871
103.7643
102.6146
104.4819
105.8981
106.696
104.7026
104.8958
106.6553
105.1101
103.6996
106.0538
108.1647
107.3708
105.6761
105.5721
106.7459
104.4142
103.0334
104.7603
106.1237
107.7223
104.1563
104.4214
102.8171
103.124
103.7719
106.4116
105.1659
102.9367
102.4902
104.3857
105.5516
103.0536
103.4037
103.3654
104.9599
105.5798
105.9542
104.6354
104.5145
103.8811
104.8315
104.8787
107.1009
105.1582
102.3068
101.5711
104.2282
108.192
106.5037
102.4814
103.5179
105.775
104.0998
104.0818
104.6072
107.0573
107.8133
106.2223
102.3982
104.0204
105.7471
108.4705
106.1207
104.3007
104.7352
105.898
105.401
103.3756
103.5816
106.1988
104.9433
103.9152
105.1603
105.5859
104.3509
104.3759
103.1739
103.9395
104.7051
106.4728
105.0261
103.5537
105.6424
103.2198
102.0087
103.6945
105.4727
106.5998
104.0627
104.0055
105.0408
106.6913
107.1782
107.0987
104.2534
102.9039
103.8506
105.1643
106.2277
105.311
102.3674
103.5144
106.2267
107.5949
106.1002
103.2262
103.6959
104.3434
103.6059
102.614
103.8233
105.9454
106.1019
104.8205
104.2984
104.0715
102.6237
103.6237
104.3162
104.0915
104.4176
103.7394
103.7837
103.0532
102.8934
103.8448
105.8362
105.2141
104.7826
105.3101
107.6506
103.2547
102.3705
103.662
105.6177
107.6939
106.3338
106.3244
105.0511
104.2585
105.2817
105.2313
105.7814
103.3584
103.2301
105.8476
106.9692
105.2107
103.8027
103.5961
102.9672
102.7894
104.9823
106.3937
102.7922
97.55668
97.70374
100.4498
104.3792
103.8352
101.0811
100.1849
100.9149
103.348
103.4207
102.0009
102.306
103.9746
103.9574
102.8305
104.7292
106.1441
104.9677
103.3838
102.3429
104.166
106.6331
103.8064
104.118
105.9944
105.4883
105.1831
103.9813
104.2989
105.22
105.6147
104.5488
104.9314
106.1852
105.7263
105.9508
105.4516
105.9047
105.8211
107.5253
108.4843
105.2008
102.5765
103.1908
104.6564
106.3215
104.2921
103.8999
101.9698
102.8469
103.5682
104.6892
103.3716
103.2216
105.8563
105.5691
104.7731
103.1287
104.3485
104.101
103.2918
104.7113
105.1664
106.01
105.3283
103.3349
103.5248
104.4415
104.938
102.6232
103.1557
103.0677
104.5107
104.5231
103.9367
102.5012
104.3912
105.083
106.846
107.3676
101.8568
101.9768
104.2566
106.6398
104.9277
102.8735
102.3223
105.4024
107.1466
106.0864
105.4865
105.5487
106.759
107.4829
102.8369
103.3864
105.1212
107.6988
103.2249
100.8836
103.9258
106.9824
105.8624
104.3695
103.7409
105.8993
107.4212
106.9884
104.5227
104.0813
105.9582
106.729
104.1802
101.8389
104.3721
106.7703
104.0469
102.3661
103.4114
106.1987
106.4778
105.1194
105.4551
105.7724
103.043
104.6415
106.0172
106.9736
104.6653
104.575
104.9261
104.03
102.3333
104.5525
107.1035
104.5108
103.1181
104.0392
105.2903
106.9259
105.647
102.2068
102.3516
104.6098
107.8502
106.8854
106.2056
101.5862
99.66888
102.3404
105.6606
106.0243
103.4347
101.2813
101.8961
103.9206
104.829
102.5176
101.4116
101.9711
102.4907
101.9623
101.2481
104.0931
105.1697
104.2891
104.0852
103.6019
102.6533
103.3376
103.5674
103.9921
103.6822
104.0385
102.9639
102.4222
104.5512
104.3447
104.162
104.4399
105.6642
106.5897
104.0573
103.6488
102.563
103.3948
105.2565
106.9844
102.0891
99.95538
102.1655
105.4626
105.0203
102.3213
101.1212
102.4228
103.2938
105.6538
105.6902
101.1574
99.94352
103.1083
107.8615
105.8932
103.1986
103.1413
103.7086
103.3186
103.9013
105.6428
105.2945
102.6115
100.501
102.8983
103.7915
105.7988
104.6475
103.911
102.5641
102.2014
102.3808
99.83781
99.50086
102.2814
104.5041
105.8983
104.1224
102.2222
102.6003
103.9214
104.4514
104.6103
104.37
102.2629
103.2997
105.2545
106.4059
105.9642
102.6574
102.2857
102.3388
103.1828
103.531
102.7132
103.5603
103.6575
103.5512
104.4552
104.3099
102.5025
103.1883
104.3708
105.452
105.6516
104.1621
104.9677
105.2584
105.0649
103.321
105.2565
106.9795
104.1079
102.6551
104.6544
104.9163
101.9061
103.2431
102.4203
101.8828
102.8734
103.643
104.501
104.295
104.352
103.201
102.5652
103.8928
104.2885
105.2406
105.7892
103.4925
101.2749
103.2064
104.667
105.6777
102.9573
102.9486
102.9863
102.7507
102.9284
102.9651
104.7196
106.1794
105.4065
101.8435
102.0326
104.1357
104.4165
105.1709
104.3086
104.9124
103.2214
103.4529
103.8859
105.5553
103.5838
102.3494
103.0093
105.4051
99.09296
99.61697
102.388
105.985
104.4764
103.1325
102.0692
100.9186
102.7911
105.8771
105.6311
102.5421
101.231
102.532
103.5465
104.586
105.078
105.2676
103.3471
102.8529
104.178
104.12
102.9642
102.5597
104.4871
107.8546
105.1594
103.3575
102.8537
103.0427
104.8037
103.5199
103.458
104.1021
104.5661
103.2451
102.4841
102.802
104.9887
106.9827
107.6559
105.63
102.6557
101.7654
105.259
107.3716
103.9771
100.6878
102.2231
105.7946
103.0874
102.0981
104.5188
104.7189
98.75066
98.65826
101.0302
104.036
101.2642
101.8186
102.8265
105.4075
105.0322
105.5142
104.0321
105.795
104.93
103.0175
103.82
104.4556
104.8705
104.326
103.5585
102.1411
101.4354
101.0712
102.4898
104.4741
103.5509
104.1342
105.0031
105.1606
103.8663
103.819
102.9452
102.3612
104.1372
106.413
