53.34691
52.44829
54.55956
53.64211
53.53392
54.12381
53.78441
53.31777
53.322
53.47801
53.51917
53.34959
52.49261
53.60263
53.68055
53.52139
53.50461
54.92011
52.72533
53.58639
54.16905
52.74968
53.33283
53.4095
53.81428
54.69637
54.18139
53.76819
53.16575
52.87746
52.98575
54.23386
53.42489
54.7256
54.24664
53.5423
53.74276
53.04572
53.68031
53.30843
53.58982
53.34882
53.46369
52.66374
53.78054
53.36343
54.1209
54.06993
53.35221
54.11972
53.71893
53.51951
53.18063
53.78267
54.2228
53.04969
54.11061
53.84725
53.80111
52.28637
53.34724
52.50605
53.89783
53.85724
54.19372
54.40275
52.63066
52.15269
54.08325
53.11507
54.39837
54.26362
52.26463
54.03828
54.03568
54.22253
54.25019
54.25853
53.62354
52.25605
52.77907
54.00431
53.18194
53.97127
53.99074
52.39518
52.50966
53.62507
53.67734
53.88038
55.10706
53.22654
53.02956
54.95027
53.96205
53.93295
53.90775
53.99815
53.54662
54.34616
53.31693
54.00776
53.11411
53.63478
52.8882
53.44841
54.6004
52.49856
53.32186
54.32035
53.52089
53.71046
54.33838
54.17297
53.95275
53.4268
54.02124
53.62668
53.1893
54.05912
53.32654
54.05688
54.07521
52.83561
53.12651
54.16726
53.86365
52.63324
53.97719
54.13052
53.26885
54.4167
53.915
53.19276
53.36741
53.32691
53.94077
53.6796
54.37828
54.08075
53.88887
54.25946
54.0518
53.71109
53.97594
54.76033
54.04672
53.50385
53.32074
53.09198
53.3387
53.38487
53.6026
54.2548
53.64581
53.96142
54.12229
54.27365
54.15356
53.53148
54.06194
53.79335
54.21796
53.87302
54.45137
53.62099
54.17986
54.25596
54.286
53.47237
53.65552
53.58693
53.68518
54.19453
53.55719
54.18413
53.37899
53.93687
53.48101
54.62334
52.60529
53.37898
54.75712
54.10963
53.6743
54.52207
53.82611
54.72268
54.30507
53.83067
53.96072
53.7908
53.48498
54.16344
53.91949
54.01285
54.73016
53.89847
53.37273
54.16393
54.69161
53.10331
53.36166
54.67569
54.07969
54.31146
54.29787
54.25435
54.03301
53.88266
54.14344
53.87383
53.58316
53.57591
53.56937
53.91887
54.47816
53.80223
53.0359
54.41352
54.09964
54.23943
53.83548
53.78767
53.12519
53.91687
54.36756
54.28231
54.41461
52.91499
53.5546
53.3185
53.64592
54.62629
54.83712
54.36158
53.73743
54.62614
54.69807
53.72673
53.86924
53.96217
54.16113
53.10992
54.03915
53.81267
53.31603
53.73681
54.09946
54.55242
53.54951
54.15644
53.69377
53.478
54.03041
53.84725
54.27946
54.46414
53.44022
52.99997
54.79383
53.81511
54.62865
55.59357
54.6275
53.79044
54.52406
53.91839
53.73944
54.4523
53.37863
55.04875
55.05589
53.91456
53.39358
54.59164
54.00377
54.86528
54.11003
54.1471
54.34653
54.01197
53.79692
54.71297
54.84654
54.65126
54.64693
54.62227
52.37748
54.4433
54.34276
54.97187
55.45134
54.15016
52.39876
54.02982
54.34022
54.90022
55.49918
54.02781
52.78949
54.90308
54.12032
55.05938
54.20049
53.94602
54.22422
54.69056
53.70617
54.08903
53.31968
55.14714
54.05951
53.4611
52.71314
54.21137
53.44526
54.35913
54.43356
54.79011
55.36422
55.04165
53.71104
53.99908
54.84485
54.13223
53.2601
53.68546
54.0448
54.31776
53.91663
53.50309
53.68529
54.72926
53.98267
53.75053
55.45897
54.21087
53.41204
53.79492
53.78241
54.57469
54.06339
53.97758
53.72547
54.18254
54.68473
54.54609
54.31348
55.45663
53.36515
52.98248
53.9268
54.63894
54.61583
54.99766
54.84724
51.9681
54.6397
54.91487
54.35184
55.49356
54.89887
52.17132
52.63469
53.99177
54.44587
54.05911
55.08055
54.21701
54.7946
53.69243
53.13015
54.47009
53.91623
55.40837
54.55483
54.91822
54.08024
54.14429
53.86875
53.93096
53.88934
53.88009
54.35494
54.66193
54.93767
54.54129
54.06191
53.20847
54.30633
54.74482
54.76705
55.46776
54.43187
53.73289
53.98484
53.84981
54.93708
53.44651
54.58102
54.69951
53.32234
55.40464
55.42644
54.02814
54.61836
54.41933
51.79546
50.4319
53.15457
53.58418
54.09992
54.29462
54.14373
54.08278
53.85213
54.302
54.0294
54.72347
53.42243
54.1305
54.09534
53.62241
53.47902
52.86321
53.75412
54.49777
54.22564
54.75449
53.81437
53.9833
53.80341
53.92208
52.08202
53.27658
53.83808
54.39885
54.56617
54.46097
53.98208
53.58529
54.17597
54.27813
54.25627
54.56392
54.55107
54.08292
54.05352
54.25164
53.94651
54.28098
54.42179
54.11784
53.78969
53.86534
55.15305
54.78378
54.39455
55.48867
54.46981
54.78892
53.90606
54.09362
53.52157
54.7055
54.76044
53.00459
54.96011
54.65998
54.29451
55.01592
53.91104
54.12305
54.40845
54.76408
53.8599
54.10363
53.84906
53.66676
54.63817
54.47918
54.42263
54.57579
54.1888
55.02329
52.93625
54.38771
54.31931
54.36486
55.24192
53.83945
52.85774
53.40185
54.6046
54.95364
54.81396
54.88536
53.87901
52.92161
55.19793
54.23692
54.30273
55.3562
54.71645
55.1118
55.28771
54.54399
53.91729
54.77036
54.90354
53.99531
53.67922
53.68554
53.57819
54.20385
54.24477
54.81385
55.14973
53.75225
53.69526
53.13377
53.65567
55.13033
54.3787
54.93959
54.68469
55.28733
53.69131
54.16633
54.26363
54.29702
54.499
54.16224
53.30292
54.24205
54.72798
54.88236
54.30498
53.88637
53.48388
54.69767
55.04308
54.95705
53.83696
54.37885
54.42094
54.21067
54.74424
54.84089
54.47256
53.98361
53.69214
54.80972
54.37191
53.86804
54.59697
54.23592
54.09481
53.98632
53.92908
55.0504
54.92542
54.41874
54.55443
54.32943
53.20263
53.9405
54.48441
54.42341
55.37131
54.57049
54.73621
54.41855
53.83512
54.2971
54.88231
54.49633
54.26998
54.4497
53.35951
54.66287
54.33191
54.90739
56.0015
54.58861
54.30955
54.43172
54.0598
54.7524
54.61417
53.03378
54.96588
54.46637
55.33738
54.74622
54.40865
54.39144
54.25401
54.32965
54.67807
54.65767
52.41389
51.65205
54.1713
54.80537
54.76434
55.14973
54.27948
54.1178
54.37251
54.10347
54.32437
53.13128
55.34435
54.16153
54.77189
55.94438
54.71163
54.4858
55.20195
54.82883
54.52006
53.91913
54.40806
53.67403
55.06586
53.92787
54.82299
54.5831
54.07663
53.26956
54.73597
54.81668
54.98815
53.57048
53.42069
56.0934
53.83484
54.92311
53.73938
54.24186
54.62508
55.25552
54.43159
54.98744
55.3619
54.41814
53.58103
54.27639
54.90283
54.74946
55.02527
54.91743
54.1385
53.84051
53.00347
55.44227
54.16834
54.88416
55.2175
55.76585
53.7235
53.96905
54.86283
54.60054
54.71972
54.63658
54.63358
54.82047
54.87415
52.91465
54.91102
55.45421
54.78191
56.0938
54.6534
54.65773
54.53672
54.67692
53.92459
54.30944
53.92782
54.42793
55.41171
55.46154
55.82375
54.69897
54.82156
54.29846
54.05407
55.49043
54.00422
54.37107
55.02573
54.84055
54.64143
55.04776
53.72985
53.54314
54.30502
55.29127
54.03431
54.72822
53.56092
54.89297
54.93266
55.1123
55.22001
54.79795
55.01415
53.64643
54.70329
53.79374
53.9399
53.73516
55.2828
54.535
55.185
54.31759
53.71819
54.69671
55.03289
54.71075
54.59028
53.9815
54.44697
54.66627
54.36952
55.0417
54.13574
53.38428
53.4533
54.44032
54.782
54.58477
53.686
54.08621
54.84468
54.85157
54.97052
54.55246
54.25015
53.74325
54.09923
54.57618
53.90865
54.66743
54.2081
53.95169
53.16875
52.12653
53.93086
53.78083
54.26602
54.9523
55.2352
53.90928
53.36926
53.41063
54.80274
54.39488
54.5247
55.35027
53.94726
54.44153
54.3383
54.18687
54.48158
54.21011
53.87964
54.56028
54.52645
54.24049
54.48978
54.38601
54.64897
54.53664
53.72072
53.8653
54.33193
54.59567
53.94992
54.74443
54.9433
53.80355
54.45193
54.88003
54.04042
53.90316
54.09504
52.55285
53.06305
54.05341
53.58179
54.64791
56.0514
54.57893
53.05875
55.12503
54.23666
55.69
54.73066
53.49744
54.49362
54.62238
54.26988
54.90705
53.81709
54.45641
54.0105
54.85575
54.13943
54.57828
54.21608
53.51958
54.12883
54.61295
54.68629
54.70553
54.13682
54.33428
54.14683
53.65773
53.55941
54.77886
54.61887
54.09697
55.44117
53.77257
54.88419
54.15363
53.64636
53.72459
54.62578
54.65182
54.49697
54.68041
54.57362
54.54887
54.25727
54.75055
53.87627
53.05799
53.91993
54.6514
54.09322
54.31796
54.45736
53.5057
55.41353
55.03676
54.32302
52.74343
54.63059
54.70377
54.44767
55.08921
55.92641
54.31219
53.90546
54.45279
53.36954
54.28822
55.22604
54.47688
54.5519
55.35079
53.49942
53.96143
53.45387
55.23436
54.5372
54.77499
53.19714
54.71474
53.84251
54.77347
55.23765
54.66228
54.00781
54.63806
54.3207
54.22393
54.41106
53.69946
54.39233
54.77032
55.02534
54.67168
53.90984
53.89551
54.41806
54.47903
53.59659
54.36396
53.61711
54.50674
54.69395
55.22237
55.07886
54.27751
53.66117
54.27489
53.52843
53.67632
54.91923
54.15742
54.20287
55.08355
55.10687
54.31055
52.27634
52.89191
54.00092
54.96569
54.64436
54.63712
54.53041
54.79963
54.66909
54.50053
53.64473
54.53208
54.717
54.6701
55.16653
55.09544
53.99404
54.72638
54.08894
54.24165
54.52323
52.89756
54.64808
54.91874
54.39709
55.39773
55.03891
53.48683
54.71172
54.5977
54.43261
54.82835
55.6076
54.73675
53.97778
53.56841
54.36479
54.50048
54.47414
54.95428
54.58741
54.11753
54.33058
55.00694
53.91489
54.23272
54.93298
53.57269
52.62789
54.25795
54.54427
54.77301
55.35955
52.74151
52.76185
54.33345
53.10238
54.7755
55.14761
54.05756
55.03461
53.87482
53.2722
54.92218
54.05639
55.50836
54.63305
55.47175
54.05098
53.22187
54.62775
54.1065
55.13771
53.91879
54.90689
53.31059
54.0214
54.44166
54.10431
54.66467
55.43176
54.40986
54.91391
54.51846
54.25794
54.69498
55.42663
54.3769
