154.8711
156.3605
156.8502
158.6267
160.2127
158.3435
160.3653
163.7891
162.1924
159.218
162.5902
158.7431
154.8424
158.5136
160.3841
162.5401
161.0327
158.4955
158.2325
156.4218
159.0491
161.0473
163.3794
162.2833
161.0328
161.6978
164.0158
162.9761
161.7286
159.8543
161.4348
162.095
161.1595
161.9846
160.9042
160.2449
161.8157
161.5494
160.4804
155.6353
160.4313
160.7483
161.0286
160.0184
158.131
161.1294
161.9164
160.6252
160.3539
160.3626
157.1955
157.4426
161.936
161.3374
158.7366
160.7705
161.3386
160.5192
163.2862
163.1993
159.6814
162.259
163.074
161.4542
160.9631
160.0768
162.6114
159.1221
157.2087
163.3468
163.556
156.3743
157.3986
162.2717
164.7599
159.0166
157.739
160.9996
161.8443
158.359
156.0043
159.584
160.9671
161.6791
153.3526
156.6049
161.4418
161.9212
159.457
155.6997
156.7197
162.7019
162.2379
158.4008
160.9871
161.0645
160.7257
162.459
161.8326
161.0165
162.8134
161.5655
158.0543
158.8696
163.0224
163.9683
160.295
161.2809
162.3108
160.9608
158.3497
159.6601
159.1289
157.9319
160.5013
162.8336
159.6042
159.117
160.4523
161.8545
161.5487
159.3927
160.3333
161.3333
158.5411
156.5914
158.2519
162.3945
162.5365
159.4855
158.7512
161.5874
158.8248
155.5313
160.7129
163.8059
164.1174
161.9955
162.2898
158.6397
161.6928
162.7428
158.8304
158.6237
161.2387
163.9999
161.1807
159.6619
161.8153
161.2369
164.5576
163.1971
158.8249
158.1796
161.1196
163.389
158.7361
158.0168
159.9052
163.0969
162.9939
162.5266
163.8467
161.4763
157.2473
158.8113
162.5028
161.1571
162.1148
162.8116
161.1452
162.3695
159.3696
158.167
162.1914
163.3134
162.2364
157.1251
160.6348
164.1412
164.3531
160.6356
155.7029
158.3378
161.6331
162.3646
160.6419
162.1707
161.7677
160.3362
161.5132
162.3822
159.6418
161.4825
160.8652
163.916
160.1106
160.0717
163.7736
164.2299
161.6626
159.9225
157.3469
161.4295
164.4223
163.1203
163.5415
161.1824
163.2415
164.0189
162.015
159.6662
159.9255
161.4874
162.3424
163.9587
161.1381
161.3402
162.8162
159.2924
156.4635
160.0028
161.3911
161.5708
160.1762
157.2752
159.228
165.4474
163.845
158.291
160.6667
163.1445
159.5184
158.6962
161.7956
164.1359
160.1349
161.7271
161.7505
162.3252
165.9771
165.7208
164.5913
158.3423
162.9073
164.8595
164.0186
160.5627
160.4933
163.8487
165.533
166.003
162.4774
162.0521
163.2589
160.4561
163.2591
166.3119
164.7159
161.9813
162.1102
162.5174
161.6927
163.1797
165.1802
165.7981
159.0274
160.3672
162.7685
163.3726
155.1294
158.0176
163.8419
163.9239
161.6264
159.38
161.5106
162.8879
157.9464
156.4633
161.9608
162.6914
163.247
160.5778
162.5077
163.5375
162.3691
157.0887
159.7827
163.2992
166.2302
164.6096
164.3714
165.5043
163.4514
164.42
164.5387
165.8103
165.9301
159.306
161.0194
164.2822
163.2241
162.2343
161.7919
162.0463
165.26
163.9838
159.8567
162.1127
162.5015
157.5919
157.127
164.2711
163.3031
161.942
159.4696
160.1379
162.0933
161.0458
160.5631
164.1289
164.2878
162.5895
158.4219
158.7727
164.0316
160.3788
160.8221
161.131
158.3472
157.6319
162.3605
163.316
158.3403
156.7806
161.0183
162.9634
162.2262
162.3908
158.3594
161.0384
166.5911
166.6808
161.8898
160.8895
163.2288
163.4384
161.9519
160.0161
165.3041
164.2948
159.7739
158.7893
160.1172
162.9797
164.6278
162.8676
158.0863
161.0177
166.0858
166.308
160.6513
158.7481
157.6913
161.8952
161.5081
162.369
161.4781
158.5034
162.9202
160.7975
162.9351
164.8472
163.5876
163.2609
160.4406
165.1066
160.4338
158.9388
159.1652
163.736
164.9526
163.5114
156.7995
162.8442
164.7843
163.7657
162.5975
162.9619
163.7828
158.3573
161.695
165.2817
164.9251
163.4445
160.6231
160.5443
164.358
162.688
164.028
162.3633
161.5997
164.0759
158.1775
159.1875
162.2661
165.5118
159.669
150.2461
152.1503
156.8692
160.3461
160.5478
159.6477
159.1486
162.1924
165.1268
161.5915
161.4078
160.5199
162.4855
163.5264
161.3835
158.9938
158.5108
160.6918
161.0992
158.879
156.6837
160.3757
163.0988
160.3545
159.7748
160.6255
157.165
153.6728
156.8431
162.5548
162.6399
159.091
158.155
160.8369
163.2403
163.0908
164.5643
164.7112
159.7808
159.1518
162.465
165.7845
164.2673
161.2021
163.3015
165.6188
162.7779
161.004
166.2564
167.4468
164.5085
164.5073
164.0493
165.5559
161.1163
159.0364
163.3575
166.3724
164.2483
160.6712
162.711
158.4842
160.9301
163.5247
164.0634
161.2045
158.6723
159.2133
164.0815
163.3897
158.7838
160.4329
159.9567
163.4802
164.9543
162.5122
160.5607
161.1206
161.3791
162.4727
163.5331
165.7363
162.0906
157.1765
159.0489
165.117
165.9143
162.4008
158.3259
162.1799
165.0073
159.3561
161.7608
163.8042
165.9129
165.1806
164.0691
158.107
163.1965
167.1004
165.8325
163.0364
161.8163
162.3987
165.2478
162.4742
159.8547
162.3714
164.9339
161.6735
161.7756
163.3457
163.8371
161.8464
161.8727
158.7747
161.5477
164.4331
163.917
161.1514
160.8801
165.1744
158.4599
158.326
162.7916
165.0994
162.6273
161.0172
161.5061
163.7643
165.4469
166.3198
165.0063
160.5664
160.0702
163.3588
163.4814
163.5384
162.0491
156.7612
163.2597
165.8187
164.5171
162.761
160.1293
163.0697
161.4617
159.9056
158.9502
162.6449
164.9066
162.9395
162.385
161.3085
161.4753
158.2713
161.2102
163.2699
161.4438
161.1747
160.6063
160.7873
158.4398
159.201
163.567
163.3565
161.6241
163.1818
164.1732
166.51
157.7024
159.0203
163.1623
164.5983
165.6323
164.0056
164.7936
161.6484
162.42
164.8794
162.5256
163.415
159.0087
160.7726
165.6909
164.5287
161.9047
160.7838
161.6644
159.904
159.4759
164.1033
164.9426
159.5817
150.9105
152.91
158.8806
162.2642
158.9279
156.7374
156.8444
158.3191
161.7973
158.6738
157.5456
160.8678
161.1652
160.3332
159.6881
165.0125
163.183
162.4633
158.6783
159.5124
164.6844
164.1348
159.7568
163.9041
164.5692
163.0751
163.4084
161.7235
162.1607
164.8578
161.7656
162.5981
164.2861
163.8217
164.3855
163.5094
162.6857
163.5843
165.7184
167.0434
165.7099
161.7959
158.8113
161.299
164.7902
164.0888
160.8286
161.5621
156.7813
159.9245
162.1827
162.4254
158.8102
160.9071
164.2795
163.4023
161.4048
159.7789
162.5641
160.8577
160.8564
163.817
162.7277
163.3956
162.6695
158.9089
161.9587
163.694
161.2396
157.6936
160.7337
162.3777
161.2478
161.6482
161.5811
158.3932
162.2167
164.7651
164.7805
163.5292
155.9489
159.7489
164.5118
165.1711
160.4315
158.4322
159.6399
164.9228
166.3018
162.2977
163.9337
163.9296
166.1312
165.1582
157.3726
162.8765
165.4779
166.1179
157.1251
157.1093
164.3348
165.1712
162.6946
161.2754
161.0261
165.7849
165.4596
165.033
161.3248
163.074
165.8577
164.5192
160.0893
158.015
163.5325
165.7232
159.4055
159.7111
161.7994
166.2183
163.5201
162.4274
164.9809
162.9549
158.7142
164.6528
165.9885
163.8243
161.0529
163.0065
163.783
161.3406
159.5096
163.9482
165.3504
159.8627
159.9918
163.3112
164.2269
164.8127
162.8284
157.4706
160.5842
165.0662
165.5114
164.4284
163.5044
158.3719
155.685
161.955
164.4149
162.4266
159.3297
157.4533
159.8163
163.3901
161.4404
157.4346
158.4613
160.4338
158.329
157.1574
158.8966
163.3922
161.2343
161.2087
161.6816
160.166
159.9905
160.9387
160.7954
162.015
160.6641
161.512
159.1039
159.4993
163.4803
162.0572
161.132
162.1714
164.8411
165.0947
160.8994
162.3056
158.6727
160.3001
164.9986
165.1713
157.4659
156.4187
161.1745
163.2821
162.2129
158.0893
156.577
160.8322
162.6618
163.1248
162.8129
154.8126
156.7365
164.3764
165.4388
161.7024
160.1143
160.897
160.8512
160.6711
162.7586
163.2696
162.0189
158.784
155.6117
161.1679
163.3349
162.038
161.4331
161.1388
159.7794
158.5861
159.6943
153.7722
155.0063
161.1292
162.5769
161.9216
160.7051
159.1056
160.5396
161.7018
161.5735
162.3428
162.2515
158.3235
161.0537
164.9162
164.7008
163.1453
159.2242
159.756
160.2876
161.5396
159.9223
159.0941
161.2751
160.7119
161.445
163.2812
160.7773
159.0162
161.1113
162.834
163.7873
163.4576
161.292
164.7214
162.67
162.5972
160.673
164.8513
164.9927
160.4521
160.3612
163.4237
162.0201
158.2348
162.4048
158.4045
158.0011
159.9455
162.1567
161.2803
161.2036
162.2294
159.6198
159.2938
163.2103
161.8253
163.3329
163.1067
159.584
156.7451
161.7703
163.8229
162.4342
158.6539
159.9981
160.3066
159.9028
159.6664
161.1092
164.075
164.4224
162.1099
157.6245
158.0163
163.0931
163.0707
162.7236
160.9721
163.4128
158.8923
160.7217
163.956
163.841
159.4614
158.9965
162.0833
163.8256
154.0113
155.4527
161.4745
163.648
160.0939
160.5133
157.3133
158.6806
162.2984
163.0953
161.9432
158.0815
157.6839
159.7631
161.78
163.0985
162.3728
163.3711
159.7036
159.9161
162.5662
161.4462
158.7237
160.0433
164.3733
166.0526
160.8749
160.5069
159.7676
161.067
162.1339
160.2202
161.2682
161.2884
162.6951
161.1931
158.0033
160.0324
165.3741
165.7076
164.2134
162.3908
158.4284
159.2631
166.5336
165.3219
157.9021
158.1618
161.931
163.0058
157.9545
159.239
165.1668
163.4979
151.6152
155.3062
159.2444
160.1452
156.3809
159.325
161.165
163.5833
162.2702
163.5323
161.5987
165.5034
162.0389
158.9773
162.3802
164.8423
161.4111
160.9416
160.602
159.2543
157.6079
157.4804
159.746
162.6084
160.4762
162.0317
163.6355
163.4611
160.3621
161.0869
159.3921
158.7446
162.913
165.2466
