54.48481
55.35183
57.73228
55.7544
55.25996
56.89744
57.79844
56.10598
56.56677
53.94639
57.65785
58.9245
57.2041
54.46772
54.9137
58.33741
58.24762
57.13955
57.05339
55.84462
58.05238
59.15317
56.32898
56.35958
57.03317
57.43113
58.7855
58.35219
55.51282
56.96481
59.11015
57.04764
56.29147
56.04172
59.12492
57.25959
56.09737
58.32414
55.66508
55.94543
58.33972
58.09927
56.63163
56.7462
58.13701
57.21401
57.22845
55.20262
56.50095
60.74773
57.26863
54.04988
54.53819
57.63808
58.22002
56.70525
55.01695
55.11403
58.10446
57.5896
56.00212
55.22404
55.4619
58.66261
57.82312
56.32801
56.31499
58.25594
59.10027
56.24818
53.61742
57.32178
59.46389
57.64437
56.28963
57.72496
57.07425
57.39582
56.96318
57.43085
58.41331
56.92863
55.77261
57.87783
57.2296
55.9598
54.80016
58.65127
57.94387
56.07782
56.53177
56.29773
57.32801
58.73028
57.61998
57.29039
55.68254
57.52766
58.985
57.14417
55.75343
56.27759
55.49506
58.39637
58.82737
55.46649
55.46934
56.16769
55.01834
56.2812
58.37058
56.95045
54.88403
56.3446
54.91446
57.05593
58.54304
57.30764
57.2845
56.66185
55.00331
56.4505
60.35089
57.45035
56.20623
54.96003
58.00307
59.31588
57.03273
56.21857
58.23095
57.76848
58.54703
57.72316
57.09656
57.06589
57.01207
58.94713
56.87944
56.09879
57.89577
57.19044
57.44446
56.71014
56.31557
54.87627
56.49208
59.89425
56.25229
54.47034
56.21843
58.57061
56.96827
55.93726
56.52319
56.60301
58.16928
57.55619
54.58757
56.73996
60.15202
58.08062
55.25874
57.47168
58.2685
57.66598
58.36906
59.01409
57.42779
55.31819
56.72249
59.3879
58.46582
54.92253
56.04792
60.22864
58.53825
56.76665
57.75306
58.7785
56.27965
56.362
58.16819
58.71903
55.93323
57.05048
57.14434
58.04942
58.78443
57.36395
56.77187
57.65385
58.2444
56.08473
57.74474
58.03225
55.64926
56.05009
58.04523
57.81887
57.08074
56.13305
55.91215
56.16895
58.18665
59.04426
56.61677
55.64295
56.53066
59.01788
57.09785
56.26283
58.18867
56.85553
57.46106
57.58901
57.16519
55.89221
57.05687
59.294
58.01007
55.60368
55.62045
55.7232
57.82505
58.97134
55.28602
55.33866
55.97028
58.44167
57.17316
55.46206
56.28231
58.61919
57.59238
55.61528
56.24519
57.86415
58.42654
58.74392
57.43631
55.63967
57.41881
57.75296
58.15334
58.26162
57.67704
55.59135
54.99162
59.56826
59.96107
56.62178
54.93364
56.06074
56.84565
59.3107
57.33272
54.26265
56.45948
60.02639
57.41648
56.31998
57.57747
58.88931
55.69881
54.44594
58.00144
60.38556
56.03272
56.09761
57.34683
57.93496
57.52972
57.16397
55.94606
55.84743
57.45086
57.99648
57.98079
57.27232
57.23759
57.0694
56.80651
60.47826
57.51226
57.32819
59.98493
57.86575
57.23326
58.95893
59.02668
54.12557
57.52579
61.08202
56.93357
55.70694
56.79752
58.19558
59.71463
57.28146
57.53931
56.18328
55.40097
58.16917
60.3017
57.14821
56.58418
55.01815
56.16514
56.72554
57.74962
57.12175
57.55685
56.89811
58.58514
56.81057
55.66996
58.82843
59.34819
57.72083
56.20843
54.61395
57.6823
59.2595
57.10345
55.03279
58.57748
56.54927
55.85863
58.03179
57.23037
57.64494
58.58884
55.62142
54.84928
58.31512
60.65313
57.5732
55.56766
56.87997
56.45467
56.20462
57.65731
58.36302
57.70374
56.91331
58.97528
57.39782
57.08298
59.01296
58.52143
59.041
57.84085
57.97169
57.11071
58.0405
57.33851
55.55267
57.60537
59.82931
56.62642
56.15838
56.79219
57.29249
55.55099
57.82124
58.91169
56.12733
57.16859
58.22426
58.95519
57.39806
57.94703
57.91348
59.69397
58.79031
57.18
57.14457
58.24328
59.47478
57.15358
56.46675
59.10478
57.2063
54.9446
57.10281
59.55721
58.276
55.58609
57.49011
56.09091
55.68607
57.04731
58.09911
55.19048
56.18399
59.295
57.6965
56.32445
56.67841
57.88061
59.35616
58.51619
56.72063
56.44403
56.07245
57.1198
60.63683
57.23606
51.73798
54.24809
58.10413
56.92711
56.0776
56.54708
56.11263
56.77866
59.89331
56.96334
55.41602
55.35109
58.64501
58.20621
57.00215
56.36854
57.67057
58.01516
56.11202
56.92873
59.2906
58.00167
57.05716
57.88923
57.74944
57.39539
55.66526
58.0542
58.06392
56.62623
56.66955
57.57151
59.24376
56.19309
54.70807
58.21049
58.45877
56.37185
55.88184
56.60452
58.36891
58.03413
57.38332
56.65896
58.76679
59.65784
57.68443
57.43319
58.00014
55.34118
56.5502
58.62958
60.1338
56.72864
57.08084
57.6226
58.83257
58.98253
56.62682
56.93304
59.47667
59.45154
57.10429
56.85242
58.5805
58.85258
57.11956
57.77916
58.35981
57.75398
56.85961
57.93172
56.99744
57.70176
57.65231
57.55934
57.58452
57.77089
57.39834
58.22078
58.29178
56.62668
58.23405
57.2305
54.89597
57.14594
58.63482
56.89217
55.96902
55.92895
57.3281
59.26376
56.27303
56.16496
55.75783
57.7429
59.53777
56.82654
56.39458
57.52061
58.92353
58.82777
55.86908
54.57604
58.50439
59.58249
56.78505
56.22965
57.20574
58.02369
55.16472
58.87804
59.79281
56.20324
56.59493
58.14206
57.43394
55.11798
58.3348
60.0956
56.9306
56.41796
56.90509
54.91077
57.81953
60.93971
58.08698
56.99943
57.78622
58.63718
59.28158
58.08914
58.37313
58.55775
56.85378
55.58164
57.81548
60.6344
57.23117
56.25272
59.18221
59.09974
58.86114
57.34286
56.98941
58.52989
58.58245
59.38838
56.98679
56.76598
57.53513
58.1613
56.62162
57.4772
58.31858
57.60646
56.89403
57.07596
58.80613
57.90673
56.19671
57.00587
60.45216
57.42192
55.26199
57.707
58.56751
56.2028
57.36358
58.46714
57.97309
57.65828
57.12692
57.48574
58.29473
58.70037
58.51039
54.22543
56.99273
59.59737
56.43544
55.26371
58.66605
57.57635
55.68354
57.69783
58.82637
58.23654
58.18876
54.4336
57.70075
61.04488
56.81023
55.85265
55.5885
57.15409
59.27677
54.73449
57.2842
58.52652
56.59712
56.04783
57.54945
56.14534
58.22829
57.74535
57.38462
57.9262
58.91411
58.08672
56.99777
57.04833
59.29656
58.91935
58.36055
55.10532
57.26268
60.73026
57.43649
55.47385
56.59219
60.57141
56.94213
56.12743
57.50503
56.52843
58.31998
59.64561
56.59568
55.49798
57.02397
59.31876
56.82595
57.15617
57.29896
58.73488
57.89433
57.94675
56.72064
56.73719
59.03894
58.58858
55.28857
56.83072
58.49881
59.04192
56.38901
57.45094
57.61765
58.47916
56.17846
56.93893
58.18897
57.02335
56.84497
57.7765
58.41955
57.56653
58.52705
59.20869
56.30896
56.63597
59.73328
57.52132
56.04518
56.89388
58.53518
59.0992
57.75229
55.41515
56.00745
59.48901
59.25315
55.77983
54.97955
57.06937
58.47567
57.34296
58.02984
57.96945
58.38564
57.97935
58.93337
58.20494
57.71817
59.28966
57.53106
57.72475
59.47411
58.66664
56.93081
54.98355
57.45256
61.00677
58.01136
56.10441
57.04054
56.21309
58.91745
59.28335
57.66932
57.39006
58.61185
57.59913
59.44415
57.58175
57.99876
57.63058
56.5065
59.32847
59.91138
56.76328
57.58284
56.24387
59.36156
59.30345
57.54597
56.56709
57.26868
56.50692
58.60466
59.19528
56.58789
57.63942
56.68019
58.24056
58.14905
55.90509
55.27506
57.21505
59.93763
56.57658
56.87288
58.49068
58.56337
56.771
57.08377
55.69239
57.0939
59.66675
57.01069
57.44651
54.27492
56.74627
58.80905
56.90911
55.6987
56.95475
58.29183
58.67878
56.50623
54.82454
57.35535
58.66953
55.95676
56.09605
57.31367
59.36493
56.78043
56.87798
58.64874
57.79725
54.90361
57.53172
59.24431
54.25376
57.29367
60.42153
57.64146
56.58937
57.88486
58.10766
58.32922
59.30894
58.0482
58.18204
58.22267
57.90424
56.28797
56.83834
60.10439
59.78955
56.89759
55.2126
55.18411
57.97964
58.57598
57.63818
57.5153
54.6017
57.89253
59.79517
57.06603
57.22925
58.68782
57.22239
57.28418
58.44223
55.57254
57.09399
60.20255
57.89741
57.00662
58.65138
56.30257
55.53955
57.86825
60.20343
57.951
57.98445
54.15187
56.53041
60.76688
58.14997
55.98198
54.95341
56.6818
59.1815
56.88832
56.68661
57.67972
56.95803
56.03209
58.0744
59.11509
57.91374
56.78325
57.71449
58.37534
55.75253
57.62956
60.20183
57.99786
56.22892
55.62507
55.28407
58.69531
58.9077
55.98282
56.08419
57.08347
57.21281
58.03246
56.19359
57.47356
58.74421
58.73815
57.73817
58.46191
57.97248
57.67868
57.90176
57.84621
58.08466
59.11103
56.78509
57.07532
57.78005
57.75844
58.92068
59.45583
55.83296
56.82212
56.81573
58.13652
58.83481
58.06936
55.21911
56.79214
60.13227
58.45555
56.87752
54.76149
58.6629
59.63435
57.53503
56.92521
55.00806
56.7108
60.4623
58.4981
56.84127
57.09215
58.26236
57.98405
59.38226
57.95877
58.60405
55.62721
56.95901
60.77909
58.05327
55.74654
56.22166
57.46627
60.11359
58.04868
57.39415
57.54683
58.85302
58.31326
57.97422
58.48305
57.37951
53.41455
56.75408
58.10739
56.31026
55.47443
55.45402
55.71575
58.80891
59.1586
56.40321
56.03244
57.82822
60.01538
58.19294
56.43917
57.89361
58.72571
57.7151
58.15354
59.39307
57.88422
56.30692
58.2224
60.69195
56.93855
54.59246
57.62367
59.57552
57.8125
56.07653
55.3461
59.49684
59.49776
57.2003
56.48234
55.58587
57.11493
60.07318
57.59642
56.14346
57.48643
57.84843
59.77118
58.38542
57.35838
55.82339
57.28168
57.78859
57.75471
56.96864
56.28675
55.96964
57.16406
59.16627
55.64561
55.36712
57.71816
57.36744
58.60262
59.08656
57.612
56.68131
56.47268
57.41013
58.13064
59.23286
57.59555
58.37227
57.78257
55.45417
58.17377
60.28327
58.37478
55.85949
56.74272
57.89067
59.14352
57.73143
56.36523
57.79693
58.88372
56.77222
58.19242
59.6179
57.41059
56.48504
59.2151
