157.5691
154.8594
155.9302
165.8319
162.3898
158.9916
154.0532
156.8407
163.8683
164.3318
162.6169
162.0745
161.8368
159.9425
159.7214
158.9613
161.4557
162.2906
164.3167
161.3485
160.5786
160.1608
159.5968
156.7645
157.4412
159.0794
161.1754
161.5473
158.0809
159.5331
161.0912
159.1582
158.0333
159.9801
161.4657
162.0926
160.959
158.6569
162.7371
163.0287
154.3396
159.0999
163.4892
165.4843
161.7855
157.7295
159.9038
163.5656
165.9029
160.0346
158.0729
159.4233
160.2724
162.6948
160.3335
162.5772
164.361
162.436
160.8644
163.3375
162.0414
163.3086
163.5956
163.503
161.239
161.6648
162.4667
163.4066
160.7704
159.7899
165.1853
159.419
158.8813
163.4612
161.931
159.1821
160.1411
159.9801
161.7049
162.4911
159.2476
154.1443
162.9221
162.0347
159.3419
156.9186
156.3402
161.5675
159.9636
159.5889
157.4189
157.8111
162.6975
162.5023
156.8329
160.0356
161.7412
162.6966
161.3635
160.9185
161.6651
160.8946
159.2246
162.0747
160.3635
159.3052
160.2189
160.8912
160.1457
156.8702
158.1604
162.1296
161.3767
160.4076
161.2378
161.9072
161.0692
161.2247
164.326
162.4809
160.374
160.0444
160.3368
164.6626
159.4969
158.1429
162.2064
162.8721
159.6924
160.045
162.0476
160.1703
159.8253
160.3242
162.2957
161.7727
161.6994
158.2376
159.5189
164.7896
165.6647
162.4857
160.9346
161.0095
160.0912
162.8093
160.5475
163.4631
159.8624
155.3179
159.1935
162.667
161.8778
160.4083
161.745
162.0902
156.9072
158.0601
163.6972
165.5048
163.4001
160.1738
160.8986
162.8362
162.0395
159.3407
158.2686
155.3207
159.4037
162.8307
160.1151
161.4608
159.0567
159.6614
161.4813
163.3597
159.8381
157.8544
160.3963
164.3749
160.754
161.4229
157.9002
156.114
160.7579
164.2864
162.3989
159.5377
154.3484
157.6726
162.1493
162.5588
161.6865
158.0266
158.6514
162.6907
164.5274
163.6371
163.6112
165.4463
162.0569
163.3588
161.7259
163.0474
159.9824
162.4568
163.3477
164.6406
164.3906
159.2785
159.9094
164.1565
163.9063
161.1392
158.8768
161.667
161.0577
161.0941
157.7967
158.9621
160.0256
161.7743
161.8292
160.7154
162.8051
163.3374
161.4375
160.8577
163.1317
160.3038
157.2639
160.5579
163.4985
161.8158
159.1056
161.4916
161.7181
158.885
158.6765
162.0173
162.7953
160.4124
157.4725
161.4248
164.8819
163.8064
161.0936
162.0093
161.5972
161.4719
162.5462
161.629
160.644
161.4794
159.8448
162.4771
162.6464
160.0994
161.0059
164.1706
163.685
160.0197
156.7972
159.9597
165.953
163.5801
159.7564
158.9857
160.557
163.6065
159.7185
161.8076
162.4937
163.1563
162.075
161.7002
158.939
161.0112
164.9753
163.4176
164.3332
161.7874
163.8175
163.8406
161.5338
160.4484
160.5173
164.3922
160.8143
159.3942
161.0248
162.7412
163.343
162.3576
160.4944
160.7004
160.0504
159.9087
164.6824
164.809
161.7442
155.4009
159.3547
164.7464
164.5395
162.1446
163.1604
161.5908
159.0208
162.5625
164.1823
162.9151
164.9858
162.7244
158.0288
157.7011
163.6543
164.8464
161.6086
159.7345
161.9144
162.3444
165.0018
164.2764
159.8141
158.124
162.7607
162.0054
161.6459
160.8343
161.6353
162.2416
161.9102
159.4938
162.5244
163.3734
162.5347
159.5146
163.5187
163.781
164.01
163.1199
161.1593
160.4995
161.4761
161.1976
161.2766
163.8199
163.5269
161.9348
164.1719
164.0451
160.7176
164.8667
166.573
160.9412
156.0091
159.5126
164.2916
163.0621
160.4298
161.2053
157.2743
159.9238
158.4841
160.6341
157.8994
157.803
162.7902
161.7461
159.8227
157.0175
159.1271
163.7029
160.2235
160.1964
160.9759
159.5749
160.1958
161.7042
164.0968
164.6249
161.9531
160.3562
161.1279
162.5361
159.8217
159.0851
158.6925
162.4356
164.4003
161.7898
159.797
161.2593
163.3134
163.4144
163.2722
159.066
159.392
164.3304
164.8536
161.0091
160.0111
161.8313
159.3063
160.7082
163.8438
163.9964
156.8571
146.7136
152.6946
158.269
159.6334
160.75
162.3985
154.3937
160.562
164.4602
163.6114
162.2717
163.442
162.7098
161.0891
163.085
163.674
158.5233
152.7897
158.8349
161.96
162.0142
162.1482
160.0364
159.205
163.0404
162.8132
159.315
156.4838
160.3521
164.3478
162.8995
163.4791
162.5386
160.3536
158.0189
162.5639
165.9633
166.646
161.8615
158.1733
160.6164
167.2902
165.4899
163.2097
163.5267
162.5767
161.4696
163.9236
165.4888
165.7984
164.1411
161.7298
162.2821
163.7509
163.7162
163.4059
163.1438
162.4796
161.7083
161.6905
161.6375
160.3704
163.9489
163.8009
162.5993
162.9105
160.4611
158.4409
161.7319
164.5536
161.3456
158.688
162.9182
163.2949
165.7867
163.7621
160.8002
159.8965
163.5768
165.759
160.4131
158.6024
162.2859
161.2561
162.2797
158.181
161.0224
167.3853
163.2438
162.3152
159.3054
162.0058
164.0076
163.0513
157.8417
158.1314
164.101
164.9206
163.9607
162.2158
157.7413
160.3854
164.8844
165.6164
161.2279
160.2836
165.1238
164.576
163.8964
162.9622
166.0064
162.2035
157.7595
162.0338
164.864
164.7156
161.2345
162.2414
161.6352
156.5301
160.9671
164.0423
162.7569
161.4904
159.796
160.7471
163.3379
164.4404
165.9208
165.2531
162.7785
163.1472
164.9166
162.8531
158.4985
160.4303
163.6982
164.4049
163.0281
163.0593
163.7994
161.5744
157.2819
156.7794
163.0209
162.713
162.6163
159.0424
156.6997
160.1354
164.3541
162.9558
161.4949
162.1839
165.3107
162.8329
164.9272
164.7244
162.8265
164.003
162.2328
163.2617
164.9451
162.5064
161.2917
160.4899
159.2117
162.4361
164.4159
163.3672
159.6553
159.8173
160.5993
161.8687
163.7787
160.998
158.9926
159.6121
163.6237
161.7788
162.1838
164.2328
163.4839
163.4194
162.5914
165.224
165.8311
165.1225
166.7638
162.1571
159.7748
161.3145
165.4926
162.791
152.8791
152.5847
161.3454
162.8713
161.3851
158.0004
160.0761
162.5168
162.9953
157.5532
160.5103
162.9624
158.7872
158.3232
159.7451
160.5875
163.4836
161.4063
160.9315
161.563
165.1274
161.6119
162.9957
164.2304
161.1788
158.4027
162.2149
164.083
161.6208
158.5456
160.5866
164.6236
162.6933
157.6667
162.2024
163.5829
163.0932
163.1806
165.6787
163.0201
164.356
165.3105
164.0504
161.9237
162.0805
160.3049
162.9783
166.2348
164.0494
158.4271
158.9527
164.7673
164.0445
158.875
155.5585
161.2342
165.0392
162.2428
163.2987
160.373
159.9309
163.7852
163.5764
163.1646
160.4977
158.8321
164.8566
164.8457
164.1444
160.8847
157.7691
159.1649
161.7923
164.4014
162.7908
162.2103
162.7793
162.1737
162.1275
162.2572
164.5536
166.2984
160.7763
158.6761
162.3328
164.154
163.7257
163.6075
164.7627
163.5613
164.0286
160.2716
160.1588
164.6776
159.3784
158.8689
162.588
164.7808
164.5551
163.7402
161.9673
161.2221
164.3228
161.6801
161.6074
164.8087
165.0333
161.1577
161.605
163.8145
162.0015
161.5504
163.7927
159.8503
160.9239
164.6583
164.7056
162.7053
159.742
162.1092
165.6631
165.4224
161.8837
159.18
159.278
161.2504
165.674
163.9515
155.289
158.5318
164.0564
162.7517
158.3496
155.9904
159.7173
163.7522
163.4306
161.8415
160.1118
162.3867
163.9418
164.752
161.646
161.0529
157.8611
161.3552
164.5821
163.1052
159.8493
156.9263
158.3992
163.1473
164.4132
159.7587
161.1825
162.7618
160.9981
161.2741
162.1725
161.1838
158.2288
161.7251
163.9957
158.8437
156.9396
160.827
162.8379
162.3509
156.7833
159.7533
163.2434
162.9353
160.6966
160.4497
161.7379
163.8845
165.066
161.5812
161.9185
159.4194
159.8116
163.8617
163.6191
157.2314
159.5544
161.5992
161.7187
162.281
158.6733
157.9136
160.7316
161.3105
160.4774
160.7461
160.7293
162.8901
162.753
161.1906
156.4218
160.2462
162.6576
161.7008
157.1026
161.558
164.8346
160.4239
156.2389
158.8045
163.4405
162.123
160.4196
162.2823
161.9087
162.7197
162.3751
163.8729
161.4009
159.2914
163.0547
164.806
164.8288
162.3904
157.2649
155.3697
160.1127
161.2563
163.4196
161.9158
161.4386
158.4091
157.1256
160.4949
162.7814
162.5086
155.4
158.8041
162.8142
162.5912
160.5288
157.703
156.144
157.6307
160.9857
161.0026
161.6245
161.9888
162.0956
161.1996
163.3926
163.0132
162.2577
162.412
162.798
165.2567
162.5276
160.565
161.5483
164.3664
160.773
162.788
161.106
161.455
161.0091
163.6191
158.1456
158.4788
164.7348
160.9619
160.8732
161.5715
159.48
160.2167
161.8853
158.2795
162.6274
163.1049
163.1366
158.6191
158.246
160.2255
159.4812
160.6726
163.1185
164.5175
161.2636
160.4391
160.265
159.4103
162.5605
164.0661
160.7359
160.8948
165.1309
157.0243
160.067
163.0804
164.5146
160.7399
159.7122
164.4077
164.6311
163.96
164.181
158.7488
158.7608
160.6608
166.3898
163.0236
160.3834
153.9616
152.8386
158.2781
161.2457
158.1486
157.97
160.3592
164.5124
163.9064
161.8069
158.1899
161.4683
163.1771
164.2563
161.9254
159.8215
163.1066
164.7144
163.2198
158.4653
160.662
166.917
167.3125
160.8567
162.8887
161.7291
164.277
163.6684
161.7524
163.2823
165.606
163.7839
162.2968
161.8108
162.6377
163.7845
160.4379
159.7484
165.5905
167.0716
162.4174
160.7778
164.8145
161.929
156.7663
159.7489
164.9672
159.0127
155.4447
159.2767
162.9373
161.3167
159.4446
162.6271
156.3788
153.5914
158.8474
163.207
162.5187
162.0506
162.2577
163.4737
163.7449
159.1634
159.7503
166.5716
163.2615
157.4468
159.5107
164.1342
161.85
160.1219
157.1453
155.7509
156.6561
162.5547
160.8783
158.3048
160.8838
162.0314
163.0607
163.1541
164.1823
162.8231
163.9812
165.6324
161.9359
158.0896
