-2.88209
-1.156705
-1.684367
-0.6099638
1.257949
-1.18231
0.3084682
2.389915
-0.3774073
-1.217827
2.628315
-0.2403636
-4.347313
-0.5836954
2.560264
0.2064261
-1.410912
-1.339636
-0.28028
-1.304576
-0.1462531
1.871743
1.65432
-1.36985
-0.4365218
1.094223
2.596765
0.6277378
0.6367545
-0.2978767
0.9160792
0.4829768
0.3221934
0.3264316
0.3006249
0.1329182
1.724727
0.2958992
-0.3575446
-2.715684
-0.2585727
1.472894
0.2068539
-0.7375599
-1.096867
1.594202
1.270706
-0.06402821
0.2992474
0.9889708
-0.7916052
-0.6579674
3.191033
0.3508491
-1.846773
0.9676525
0.7975121
-0.210148
1.885733
1.224214
-1.320051
1.839889
0.9374191
0.1363465
0.8629666
0.1930457
1.848685
-0.5672194
-2.970273
2.22664
1.110142
-3.783033
-1.099124
1.662775
1.683075
-2.441979
-2.504378
1.737066
1.369
-1.29261
-2.10358
-1.087485
1.858609
0.3975182
-3.198956
-0.6817355
3.008893
-1.026937
-2.165179
-2.549585
-0.6655021
3.245163
0.1640658
-2.00141
0.6192836
0.653182
0.6411613
1.141547
0.633958
-0.1033488
1.28053
1.106216
-2.337253
-1.059338
2.783083
1.157852
-1.288671
0.3127226
1.047857
0.2685986
-1.133754
1.133934
0.4037375
-1.048729
0.02555215
2.09794
-0.9077726
-0.9752119
-0.3698309
0.9810766
0.2813199
-0.4800665
1.113816
0.8457971
-1.578949
-1.555766
-0.789623
2.463982
1.582948
-2.235567
-0.8601166
1.781177
-0.4289173
-2.390374
0.5948663
1.503083
0.621196
-1.359263
0.9204057
-0.7852833
1.799431
1.638537
-0.9316069
-0.7290102
1.027183
2.171751
-0.965269
-1.346185
1.42381
-0.04163413
1.590329
1.995161
-0.8292264
-0.3925556
0.4843012
1.155361
-1.674396
-1.520198
0.406018
0.8704873
-0.1844774
-0.1609813
1.602018
0.0792684
-2.087222
0.2736609
2.951009
-0.7346305
-0.1556006
1.11734
0.5897714
1.177985
-0.5069045
-0.2235115
1.136897
1.705056
-0.7742012
-2.876256
-0.253991
2.42971
1.22557
-3.045619
-3.417449
-0.07016885
2.233647
0.2670015
-1.591299
1.265023
0.2359717
-0.1308333
-0.4137778
0.5961086
-0.9337121
-0.4387818
-0.2740173
1.897189
-1.013423
-0.2912772
0.944779
1.96306
-0.9674904
-0.6777811
-2.817471
-0.1669664
3.570412
-1.461886
-0.1525791
-0.8724954
1.40057
2.74175
-0.2473874
-1.282522
0.3711942
0.08618364
0.4981111
0.5733588
-0.6964347
0.07892999
1.434435
-1.318066
-1.622437
-0.3376732
1.846902
0.1830579
-1.682692
-1.64538
-0.5534742
3.063057
0.2334172
-2.74754
0.3164453
2.041424
-0.7712877
-1.425455
0.5738255
1.370474
-2.025827
0.8262375
0.9674107
-0.6858301
2.883731
1.264685
0.186989
-2.566356
1.248081
1.652623
-0.06849733
-1.790054
-0.5874056
2.079801
2.008388
1.418496
-1.821517
-0.05885635
1.049235
-1.639611
0.3454439
2.854978
-0.08907336
-2.662722
0.6170401
0.7256954
0.4617712
0.8299059
1.570546
1.840327
-2.585778
0.03265513
1.965275
0.4501447
-4.166179
-1.342893
2.338333
0.8370941
-1.811645
-2.131988
0.510116
0.89859
-1.972948
-2.337239
0.5250779
0.5672718
0.1896055
-1.371702
0.5917759
0.9526869
-0.07486442
-2.321259
-0.1680907
1.290421
2.355892
-0.08857156
-0.7882693
1.616615
0.06856097
1.211076
1.530071
1.68467
0.9060402
-2.219935
-0.09238965
2.939837
-1.336134
-1.416282
-0.6016837
0.3241241
1.461596
0.7671664
-0.8783746
0.7953525
0.1103779
-2.290379
-1.972106
2.30558
0.4519953
-1.848939
-2.042884
-0.5386106
0.622858
-1.07556
-1.790967
1.625911
1.558886
-0.5476277
-2.546679
-1.206088
2.315987
-0.599206
0.78072
-1.424671
-1.69862
-2.12456
0.8563972
1.018086
-2.894477
-1.979685
0.2446128
2.618558
-1.007169
-0.1590935
-1.980484
-0.1628047
3.691901
0.365934
-2.790576
-0.4894432
1.331512
1.795883
-1.013857
-1.900449
3.277147
-0.07175776
-1.865873
-1.282344
-1.108183
1.471322
1.685429
-0.3788408
-2.327721
-1.8688
2.554271
2.342178
-2.67747
-0.5300525
0.3935679
2.651705
-0.3016597
-0.1126347
0.06306923
-1.906195
1.585203
-0.7964942
1.143582
2.171842
0.2762191
0.1764714
-0.7459795
2.865688
-0.9435732
-1.457113
-1.459821
2.736398
1.582753
-0.7149661
-4.448118
2.001766
2.123348
-0.1934989
0.05185813
0.565572
0.6129123
-1.945296
0.1712642
2.088557
1.30146
-0.9726138
-1.471049
-0.9420524
2.654774
-0.1869549
1.004141
0.09314564
-0.0789317
1.636082
-2.702641
-0.328047
0.08315045
1.712328
1.932656
-1.669383
-2.753211
1.217897
0.509302
-1.181269
-0.3906721
-0.5007717
1.531389
2.333049
-0.5387494
-0.05733981
-0.1507635
1.257917
1.75283
-0.09638979
-1.121748
0.2843133
1.122733
-0.08048356
-1.649418
-1.978994
-0.2716601
2.488328
-1.138282
-2.044199
2.588682
0.4803598
-3.382594
-1.663446
2.282676
0.5446548
-2.249398
-1.539626
0.2829259
2.226607
0.09451847
1.370456
1.553542
-1.582758
-0.5326694
0.1309266
2.278685
0.3058363
-1.771438
0.9773565
1.691895
0.2603019
-0.568872
2.76476
2.660428
-1.124201
1.092408
1.427657
1.649549
-0.7362632
-1.26123
0.4801874
2.536931
-1.596191
-1.731446
0.7471179
-1.434837
-0.7968135
2.28111
-0.1701529
-1.673508
-1.939338
-1.185164
2.146855
1.014532
-2.299462
-0.227671
-0.6687747
0.7508565
1.899109
-0.9365444
-2.081861
-1.32931
-0.3183028
-0.3633547
0.8487591
1.465659
-0.3010624
-3.072261
-0.8785458
4.232164
0.8047449
-2.19618
-2.705787
0.9729569
2.14961
-2.713018
-0.9392674
1.062249
1.724015
-1.014962
-0.00614091
-2.44522
1.426788
4.351046
-0.1690333
-1.335778
0.2811152
0.2618457
2.342046
0.04845472
-1.496322
1.668056
1.21225
-1.093436
0.430775
1.174399
0.8113685
0.08762957
0.4397596
-1.746667
-0.6917553
2.243239
0.3831036
-2.531085
-0.4291715
2.74563
-2.573316
-1.484499
0.946802
3.45661
-2.037968
-1.658213
0.434821
1.327572
1.18286
1.68239
0.451765
-0.9033459
-1.153764
2.101414
0.7606399
-0.2401107
-0.4760287
-4.100572
2.06985
1.964491
-0.9764851
-1.492437
-1.866449
2.553272
-0.1517743
-1.429495
-1.767107
0.7900525
1.894703
-1.443357
0.009780758
-0.2820278
-0.07400049
-2.035336
-0.3610891
1.48987
0.3901688
-0.9340965
-0.8420684
-0.2181696
-1.609617
-2.085773
2.551081
-0.2625352
-1.502342
0.4999254
2.475545
1.727588
-3.602069
-0.8535757
1.499449
2.08613
0.1425219
-0.1593617
1.52326
-0.901494
0.2899128
2.527983
0.0114394
0.2067353
-2.043466
-0.6612948
2.486492
-0.1962164
-1.311973
-0.7351543
0.7770243
-0.7032517
-0.7894527
1.310561
1.15522
0.7426397
-2.278234
-2.424394
1.374716
0.7294477
-2.563299
-2.846557
0.1815915
-0.3299668
1.582021
-1.566998
-2.758927
0.7832389
-0.1703055
-0.6473438
-2.333046
4.09203
-0.6660536
-0.03568969
-1.551116
-1.454052
3.519861
0.0735626
-2.909852
3.251744
1.038749
-0.09593137
0.4956988
1.123225
-0.07136378
2.43806
-1.333417
0.01329968
2.883272
-0.4289555
1.01014
-0.01090401
-0.1541384
-0.7919998
1.860548
2.550651
-0.8142052
-1.953516
-1.113807
-0.3356781
2.386933
0.317407
-4.759362
0.08650494
-2.611555
-1.612494
0.7911578
0.7993758
-2.824593
-0.2616257
0.8255354
-0.01207764
-0.6010193
-1.484861
0.9518682
-1.076485
-0.8728936
1.508119
0.2933643
-0.8012574
0.3778476
-2.635432
0.1152151
1.969961
-0.8816625
-2.792071
-0.9064615
2.70537
-1.271274
-0.7537362
0.0340296
-0.9957301
-0.4257194
2.114709
0.3042603
-1.98384
-4.320768
-0.3706633
2.190048
1.553513
-2.882691
-2.878766
-0.7773291
1.859906
1.851833
-2.123524
0.4918368
1.307976
2.610312
0.4413074
-3.670715
1.661743
3.347175
1.342631
-4.506209
-2.182421
2.946389
1.37807
-1.510525
-0.4960537
-0.6294171
2.422983
0.1057758
-0.1666721
-0.9193777
1.267259
3.27159
0.1519081
-1.7916
-1.675285
1.559721
1.531919
-2.537919
-1.347956
0.3165424
2.743354
-0.6518297
-1.09558
2.394942
0.2678395
-2.663407
2.202012
3.439943
-1.043784
-2.144333
0.7830623
1.396898
-0.1850713
-0.8256224
2.609002
0.9699733
-2.447259
-1.333839
1.510703
1.443592
0.1380983
-0.06579548
-2.726885
0.4053228
3.671057
-0.934469
-0.2581387
-0.6475971
0.725998
-1.808444
2.387718
2.313054
-0.8343987
-2.842362
-1.400409
0.3641162
2.341816
-0.8344763
-2.944294
-0.9454423
1.367144
-1.125626
-3.058148
-0.5486706
2.637361
-1.505678
-1.006948
0.6097078
-0.9027762
-0.3530299
0.6467158
-0.3443626
0.9666389
-0.4142301
-0.4574354
-0.9442434
-0.7265005
2.059767
0.1669723
-0.4738872
-0.03795408
2.31019
1.233845
-1.336018
1.345111
0.04817401
-1.019475
2.079987
0.5400153
-1.543959
-1.740225
2.662111
0.3438928
-0.5963621
-1.414885
-2.354642
0.2798005
1.963667
-0.01979174
-0.4027267
-4.491956
-1.489058
4.991589
0.1493319
-3.025938
-0.9184967
0.8296255
-0.3646489
-0.4121965
1.957314
0.5413413
-1.231548
-1.55447
-2.591441
0.1056191
2.310544
-1.670955
-1.130002
-0.4651479
0.3013499
-0.8752201
0.7817577
-3.597795
-3.003394
1.060549
1.447113
-1.731799
-1.912173
-0.3110645
0.9003511
0.922318
-0.4122372
-0.560518
0.5806358
-1.334629
-0.2008696
2.131296
0.7589496
-0.3868488
-0.6632175
0.4127828
0.9734202
2.280675
-1.30041
-1.065693
0.5006266
-0.6408694
0.3435173
2.152558
-1.117533
-1.417041
0.5600622
1.309886
0.7807662
0.9291198
-0.5992796
3.373624
0.2031338
0.4345837
-0.4120495
2.858644
0.6015746
-1.333439
0.07700346
2.273901
-0.2119823
-2.028581
2.822544
-1.899837
-1.078551
-0.4816385
0.7749527
-0.2633621
-0.951005
0.720006
-0.5855436
-1.541424
2.164592
-0.1668274
0.6909806
0.04232009
-1.733326
-2.176545
0.7713211
0.777602
-0.4539035
-2.40409
-0.226665
-0.4658461
-0.166019
-1.141148
-0.1403622
2.245915
1.280058
-1.07792
-1.86599
-0.7666166
0.2288613
1.360988
-0.4231038
-1.182416
1.257404
-1.650412
-0.9107998
2.415074
1.172081
-1.847956
-1.65364
1.881727
1.528273
-1.806163
-1.607456
2.506209
0.9040216
-2.521629
-0.07040516
-2.166447
-0.23492
2.851407
-0.05207234
-1.955015
-1.944846
-1.187863
-0.6260757
0.2483119
1.135925
-0.7352873
0.4283702
-0.8243768
-0.9434505
0.6982535
-0.5953472
-1.971784
-0.8502965
2.9753
0.5983977
-2.839003
-0.1232617
-1.028031
0.7713991
-0.07199828
-2.078143
0.1678882
-0.3646361
0.6629179
0.6543351
-1.876223
-1.113952
2.426378
1.919441
-2.090244
-1.115801
-1.84613
-1.178094
4.479862
0.7427868
-4.809304
0.1532029
3.292216
0.07215181
-3.352279
-1.432676
2.940398
2.87351
-4.998269
-0.8733863
1.433882
-1.631466
-3.728714
-0.4589147
0.7666833
0.5592598
-1.025453
0.5437716
-0.8624341
2.227612
-0.1099486
-2.119389
-0.443601
3.774857
-1.603552
-1.395634
-0.866489
0.7125931
-1.27516
-1.136413
-0.203221
0.9751561
-1.325345
0.1797058
1.076311
0.7971281
-1.013086
-1.02554
-1.154831
-1.610636
0.9647032
1.190462
