29.47938
28.93428
28.4341
29.04696
29.05296
28.88822
29.06167
29.11592
29.20163
28.70901
28.10462
29.33693
29.42387
29.31878
29.32792
29.30183
28.06754
29.60549
29.43639
29.23726
29.02582
28.98443
28.41797
28.41402
29.49234
29.30144
29.18564
29.2026
29.26011
29.0486
28.68242
29.12699
28.92793
28.82115
28.92597
28.35202
29.54259
29.19028
29.46773
29.50878
29.03533
28.28345
28.4823
29.22451
29.1673
29.32306
29.0509
29.06293
28.95739
28.92332
29.20151
28.85507
28.95916
28.70564
29.2468
29.18043
29.17806
28.80444
28.22062
29.39404
29.47874
29.08287
28.62013
29.29886
29.36843
29.29618
29.11918
29.1811
29.02401
28.97006
29.40183
29.02873
29.47576
29.40028
29.00902
28.68388
28.15186
29.31561
29.81029
28.90326
29.03653
29.24682
29.28952
28.80506
28.35335
28.95913
29.08805
29.0356
28.97695
29.02011
28.76965
28.53217
29.12792
29.61768
29.45046
28.9761
28.46211
29.08994
29.54249
29.14148
28.89453
28.32034
29.37317
29.19253
29.3867
28.59223
29.51434
29.57392
29.07283
28.92496
29.14638
28.98542
28.91314
29.34252
29.21525
29.06963
29.35443
29.07793
29.16777
28.82748
28.26217
29.35837
29.18569
29.26342
29.40521
28.36012
29.21184
29.66974
29.11848
29.11677
28.37397
29.39107
29.27625
29.48841
29.41101
28.67181
29.20254
28.95145
28.54382
29.4675
29.46809
29.20675
29.30957
28.92925
29.2853
29.37047
29.06676
28.37125
28.71824
29.46599
29.30982
28.89964
28.20204
29.35414
29.4027
29.41974
29.47864
29.3974
29.14641
28.94459
29.19028
29.47511
28.66725
28.55716
29.42542
29.20709
29.54588
29.34711
28.77358
29.16939
29.15038
29.21248
29.26079
29.23791
28.69769
29.01892
29.25643
29.39698
29.39228
28.78051
28.4683
29.47627
29.32893
29.03397
29.7264
29.50835
29.20292
28.76838
29.32712
29.49091
28.83895
29.39512
29.24718
29.23771
29.36757
29.30796
28.97012
28.62911
29.46828
29.24224
29.29718
28.5295
28.82864
29.38828
29.60571
29.25468
29.28781
29.54859
28.54904
29.0951
29.80601
29.28506
29.25861
29.569
29.36019
29.20393
29.19748
28.62549
29.52871
29.07753
29.51395
29.44326
29.03777
29.36396
29.68775
28.96228
29.07818
29.24057
29.05038
28.57771
28.86896
29.48762
29.05933
29.15544
29.16398
29.43636
29.23275
29.17904
29.42109
29.33412
29.29795
29.40258
28.30188
29.39691
29.19217
29.22764
29.00449
29.40867
29.6124
29.351
29.45118
29.07924
28.93504
29.13424
29.53838
29.35217
29.5127
29.32408
28.84356
29.04765
29.0041
29.00712
29.35893
29.50361
29.38976
29.078
29.05754
29.25716
29.70573
28.21446
29.75376
29.93966
29.37311
29.36734
29.70077
29.43344
29.54041
28.64255
29.90909
29.72056
29.15237
29.35501
29.49717
29.58914
29.21798
29.44479
29.52398
29.03721
29.33495
29.74223
29.24869
28.63485
29.78453
29.37339
29.5548
29.45275
28.84446
29.7068
29.67064
28.75206
29.82194
29.24755
29.62564
29.51826
29.45049
28.728
29.33135
29.73769
29.26909
29.26218
29.72152
29.45565
29.21029
29.56411
29.20583
28.6153
29.74364
29.64686
29.43519
29.68219
29.27292
29.00058
29.49633
29.25473
29.07747
29.36327
29.0466
28.63601
29.27474
29.36566
28.73056
29.57218
29.62465
29.21985
29.58381
28.56726
29.80922
29.573
29.46503
29.67316
29.69175
29.30637
29.52795
29.12487
29.50243
29.0325
28.41446
29.57643
29.87231
29.34448
29.7762
29.76147
29.39281
29.22279
28.75186
29.77263
29.23074
29.21688
29.70954
29.17257
29.83577
29.63669
29.80116
28.69449
27.89385
29.02415
29.71033
29.49359
29.44828
29.57902
29.11905
28.25258
29.74283
29.56682
29.50201
29.58057
29.98206
29.49347
28.99387
28.7237
29.69219
29.79116
29.26196
29.51743
28.6495
29.62748
29.49585
29.53122
29.15832
29.61154
29.67838
29.37481
29.64319
29.27497
29.54268
28.68909
28.86344
29.23078
28.79011
29.5185
29.83245
29.69761
29.63528
29.50873
29.51717
29.09422
28.75065
29.40516
28.2076
27.68194
28.51445
29.34222
29.22242
29.24885
28.7494
28.60557
29.35549
29.53376
29.05475
29.31541
29.43654
29.63669
28.55966
29.48991
29.303
28.48964
28.89155
29.8119
29.53276
29.1096
30.04149
29.2841
28.65303
28.72337
29.1363
29.55188
29.58027
29.90632
29.60261
29.5985
29.39912
29.10528
29.11829
29.19757
29.82181
29.31193
29.52001
29.09239
29.14449
29.08525
29.90779
29.64918
29.80944
29.42124
29.48398
29.14671
29.58487
29.40369
29.2301
28.96872
29.27999
29.1846
29.61648
29.37363
29.34447
29.67554
29.55993
29.2003
28.83715
28.72754
29.33902
29.82632
29.57655
29.6867
29.64664
29.78513
29.14371
29.31023
29.30009
29.09465
29.59304
29.24477
29.18737
28.98559
29.85702
29.64818
29.72173
29.35904
29.64363
29.28954
29.32368
28.62785
28.42892
29.8716
29.65948
29.80981
29.67437
29.71472
29.41722
29.58676
29.32807
28.77562
29.67986
29.618
29.72581
29.52244
29.33853
29.669
29.31974
29.67904
28.72629
29.16492
29.36117
29.7643
29.60619
29.40411
29.02342
29.77372
29.62578
29.40667
29.57986
29.50044
29.51228
29.39605
29.31685
29.5855
29.35828
29.65668
29.70767
29.36306
29.60795
29.23692
28.97944
29.32212
29.78449
29.63269
29.52831
29.21647
29.24822
29.61836
29.12321
29.87778
29.48069
29.15702
28.96515
29.47844
29.68341
29.33067
29.53695
28.76061
29.14441
29.63669
29.78185
29.40438
29.22933
30.08929
29.60246
29.39548
29.3283
28.7237
29.84228
29.4836
29.57457
29.75795
29.56096
29.28628
29.48563
29.54622
29.15041
28.24527
29.90262
29.42977
29.42428
29.9538
29.63004
28.70122
29.77172
29.67738
29.76839
29.6218
29.56395
28.89167
29.6921
29.51335
29.60529
29.47637
29.6143
29.67278
29.6428
29.53284
29.31215
29.70842
29.59762
29.68257
29.52165
29.03805
29.63781
29.71377
29.57832
29.44336
29.95294
29.63838
28.68401
28.40297
29.10001
28.90576
29.37198
29.62261
29.63083
29.22745
28.95031
29.72018
29.313
29.61418
28.955
29.65524
29.61029
29.55313
29.237
29.31487
29.61626
29.63739
29.3781
28.80324
29.70222
29.25839
29.50474
29.60915
29.39687
29.34224
29.46918
29.64877
29.47027
28.88214
29.41832
29.76541
29.77156
29.66907
29.71245
29.8591
29.65411
29.57791
29.36449
29.09035
29.68248
29.6225
29.7347
29.85341
29.21421
29.57166
29.74586
29.63501
29.87861
28.53426
29.44627
29.88474
29.33081
29.8962
30.26333
29.84398
29.80023
29.61972
29.37922
29.73589
28.80521
29.8004
30.06168
29.62352
29.73995
29.86459
29.74847
29.51531
29.62027
30.03258
29.88905
29.50085
29.28106
29.04427
29.52303
29.63167
28.71329
30.00477
29.92108
30.07164
30.12396
29.47635
29.58531
29.88862
29.63712
29.64679
29.05284
30.14798
30.01279
29.0955
30.0447
30.01196
29.4122
29.78953
29.48863
29.11831
29.64446
29.69163
29.94283
29.76033
29.72123
29.38829
29.05656
29.5951
30.03618
29.74796
29.78749
29.69859
28.7414
29.21778
30.09692
29.90659
29.88486
29.89468
29.40759
28.93263
29.2138
29.46188
29.80793
29.82455
29.65109
29.9806
28.88227
29.59428
29.7212
29.68102
29.12618
29.41113
29.83081
29.81076
28.81178
28.88471
29.33481
29.03677
29.45594
29.65471
29.67252
29.72831
29.69786
29.53516
29.60519
29.10102
28.69057
29.95479
29.70104
29.55272
28.24328
29.05026
29.51769
29.28069
29.75675
29.12538
28.95945
29.60824
29.72461
29.62399
29.26308
29.6539
29.35466
29.44885
29.11639
28.99109
29.45862
29.42513
29.60365
29.42827
29.35466
29.26052
28.51254
29.44823
29.66421
29.40073
29.6155
29.88147
29.46755
29.58019
29.59108
29.10009
29.52982
29.30261
29.43226
28.7641
29.75025
29.84282
29.69157
29.88214
29.5818
28.56384
29.02367
29.47828
28.8281
29.39851
28.83625
30.05813
29.88537
29.20371
29.50557
29.31204
29.05521
29.48118
29.29856
29.05537
29.52311
29.70607
29.42741
29.62508
29.33408
29.71795
29.72645
29.49952
29.37725
28.84133
29.6412
29.80898
29.05101
29.62608
29.91571
29.85772
29.61952
29.44487
28.67742
29.46474
29.513
29.78052
29.71613
29.63653
29.68605
29.12107
28.46009
29.64167
29.8565
29.12381
29.60888
29.13533
29.58846
29.64457
29.27506
29.64528
29.51027
29.01709
29.18494
29.05748
29.11608
29.16272
29.09229
29.50043
29.65562
29.36593
29.06463
28.87838
29.45736
29.54611
29.27055
28.86141
29.82918
29.42003
29.34815
29.2706
29.59182
29.78839
29.4582
29.76929
29.31376
29.0715
29.66933
29.14042
28.28994
29.65512
29.77717
29.40733
29.36445
29.58922
29.96918
29.63137
29.79795
29.78797
28.91526
28.81978
29.60612
29.72761
29.66107
29.51438
29.77086
29.60958
29.21971
29.52199
29.67799
29.25266
29.56231
29.18873
29.11169
29.51367
29.43025
29.55337
29.56498
29.12155
29.47952
29.4195
29.57176
29.72379
29.65398
29.38975
29.08136
28.57135
29.53775
28.96724
29.38424
28.97413
28.55069
28.87495
29.18122
28.60843
29.34127
29.94534
29.44114
29.669
29.89853
29.49294
29.19395
29.57943
29.30539
29.86851
29.70061
29.39614
29.56639
29.1152
29.72457
29.95924
29.17882
29.97545
29.4349
29.81222
30.0198
29.7261
29.65007
29.61778
28.9113
29.98458
30.22068
29.78013
28.97202
30.25903
29.58279
29.54235
28.71499
29.57124
30.09267
29.75853
29.67504
29.14426
29.82481
29.77281
29.38091
28.79303
29.87822
29.36924
29.39562
29.56968
29.44509
29.27222
29.83741
28.60811
28.88269
29.18847
28.94969
29.07994
29.92615
29.78913
29.75126
29.81107
29.68159
29.38948
29.13954
29.65755
29.9546
29.90616
29.596
28.96969
29.4353
29.86933
29.65203
28.99296
29.11063
29.30958
29.71795
29.81771
29.0538
29.02159
29.75265
30.16698
29.55906
29.40079
28.98251
30.00934
29.99434
29.80749
