155.2605
155.9632
159.2997
162.7233
162.2921
158.4899
157.8326
161.7385
158.5759
159.8721
161.0294
161.3717
158.1307
160.3047
162.5061
163.1719
159.4762
159.3166
160.7947
162.3143
160.0656
153.1667
158.9784
163.6589
161.4013
162.0051
161.3238
162.6087
159.8516
157.3496
158.1058
161.6786
163.2321
164.4901
162.8907
164.4332
160.2847
158.0848
162.6714
164.4753
161.9676
156.9197
159.7334
161.8227
162.1422
155.7451
157.2981
162.4582
162.7066
158.9028
158.8369
161.157
162.4088
160.3913
160.8655
163.9659
160.3061
160.3567
161.4506
161.473
157.4516
157.6759
162.0156
162.7567
161.5375
161.0067
156.1629
154.3849
159.511
161.7009
159.6847
158.8942
155.7651
159.9705
164.6222
162.9595
161.056
159.3872
160.1134
159.0768
159.3502
161.8419
163.0625
162.2126
157.2513
157.8884
157.0778
161.4217
162.8385
162.5491
161.4126
156.3584
159.6453
162.0673
164.6709
164.7199
159.9801
161.24
165.6714
164.5618
158.6814
158.0764
162.8295
162.4161
157.1883
157.4447
160.4991
160.172
154.9608
159.1357
162.2672
159.8717
158.3676
160.8333
163.2919
161.8061
162.7202
163.2725
159.4892
162.4723
164.2514
162.0429
160.7044
158.2975
161.6144
163.2168
159.9485
158.6359
158.8491
161.9004
165.5156
164.2065
157.5311
159.1858
164.5063
164.7385
156.2409
158.2908
160.2986
164.6808
162.0521
160.7092
161.9634
163.154
164.0698
161.9788
163.7996
161.1914
160.1093
159.2532
158.764
161.3943
163.5582
163.254
159.9427
158.0527
161.0712
162.4851
162.1863
162.2372
161.375
161.6836
165.7535
162.5259
160.1236
160.9954
164.8448
164.7324
163.0395
159.3523
159.1045
161.6721
161.9467
162.8937
158.1201
159.3741
162.4525
162.3302
155.5498
157.018
159.9164
161.0932
160.9898
155.479
155.1265
162.2544
164.6423
160.3101
159.4914
159.8543
161.4002
163.5897
160.8237
160.6928
163.0919
163.8916
160.7737
161.7228
163.3009
161.7163
162.6114
163.5573
159.4883
158.8304
162.9301
163.938
162.6004
160.4767
159.635
163.6386
165.0571
162.0842
160.8367
159.5926
160.8036
160.9052
163.2964
162.3653
158.5858
158.8138
162.5031
162.3074
158.6775
157.5564
158.5301
159.7869
161.5292
161.6742
162.3294
156.0345
159.3002
162.8564
162.5521
159.3245
157.5972
160.8244
164.4539
162.4647
162.9845
162.7967
163.6128
163.8008
162.7969
160.6617
162.6855
161.9194
161.9223
160.9911
162.6236
162.8233
162.1748
160.8745
162.3559
157.9326
160.8625
162.9272
162.7695
161.5078
158.8331
158.5534
159.9498
165.3138
164.8264
161.8031
161.2114
165.0923
164.2181
165.2371
158.7224
162.0504
166.05
163.9266
163.1082
163.4836
162.8737
159.7375
160.5936
162.4409
164.8212
161.7908
158.7647
161.28
164.5522
163.5976
162.748
164.7402
163.724
162.6302
159.8744
160.4933
165.6776
164.2141
161.6538
158.4406
158.4
161.5666
164.3497
163.5461
160.9284
160.2417
160.3559
160.6351
165.0242
165.6816
160.9099
161.3033
164.5739
163.6996
161.0641
160.3183
162.3163
163.4874
161.7146
160.2424
157.8139
158.013
158.9566
162.6272
164.7215
161.8929
162.8798
162.5546
165.3395
162.8121
163.1598
164.3005
162.2461
160.276
162.0643
162.1528
162.0416
161.7394
158.1947
161.6214
165.0556
162.3443
160.4279
163.7283
161.0213
157.3302
160.9368
162.4791
159.193
158.6394
159.7725
160.2335
161.4842
165.6926
165.4691
161.4108
159.7038
159.1987
160.7143
162.5244
162.6233
161.4891
162.7069
158.1285
159.9798
165.5655
164.4497
161.4898
163.1869
161.1598
154.3417
158.3122
162.9889
165.6082
163.6882
162.1916
160.4764
162.7322
161.6879
160.7534
160.9787
165.4197
165.2278
162.1426
160.2783
161.4144
162.78
159.1036
158.6912
160.437
163.3961
164.2148
161.5977
164.2885
163.1883
157.2251
161.613
166.0196
166.5124
163.4704
160.7134
159.9493
162.7411
165.567
161.095
160.3123
160.3269
164.2925
164.5406
163.4182
160.0374
160.4153
162.1304
164.9943
160.7742
147.1454
149.9465
158.5505
159.9838
161.7961
156.5519
157.4433
161.8592
162.4764
160.9126
159.87
161.0739
161.5435
163.0512
161.9142
158.4833
156.5786
159.0143
160.6165
163.2933
162.2158
161.1358
159.7953
160.6935
163.1433
157.9211
153.6256
161.272
161.9261
161.6415
160.6576
162.1433
160.418
160.2217
163.7015
163.683
163.3638
161.5549
161.3842
161.606
161.4104
165.3392
162.5416
159.4114
161.4361
164.2468
161.0581
160.5806
164.2984
164.7697
163.3239
164.7236
164.5059
162.7983
159.5266
160.9388
164.112
164.2079
157.3562
157.5979
164.4305
163.7458
162.4489
156.9678
158.5553
163.2682
164.0053
156.8623
157.6624
160.9044
158.9508
159.2738
161.9068
162.8917
163.2072
162.484
162.9481
160.0847
159.9124
163.6798
165.7153
165.2522
159.0727
160.3874
158.9886
161.5085
165.4914
164.0237
163.3952
159.6356
158.5114
161.3618
164.6107
159.8926
158.729
162.5341
161.7262
161.6196
163.8336
165.4394
164.66
164.6602
163.5999
160.4578
159.4616
162.3356
164.8028
164.5213
161.172
162.7701
165.8967
161.6146
155.2623
159.443
160.8103
164.6545
162.7115
163.3781
162.3397
162.569
162.8172
163.7169
163.233
163.4636
162.119
158.6261
160.6708
165.2303
164.584
162.2966
158.2787
159.0754
163.0321
164.7238
162.5401
159.643
156.9984
161.5349
161.5883
160.6287
162.575
163.9753
161.9792
159.9649
160.3462
164.3387
165.2488
163.1499
159.662
162.4119
164.5771
163.1885
163.0475
164.9029
163.9346
164.3716
163.39
161.0598
159.4743
164.5782
164.4272
164.7542
164.1677
164.8275
162.3241
160.2523
162.2326
164.133
163.6842
163.5479
162.5281
158.1371
161.7472
167.184
162.3245
162.1427
164.06
160.6775
161.3984
162.2912
163.7166
163.2646
159.9734
158.0118
163.5991
165.3472
162.0001
161.6327
161.8104
163.9658
160.9838
163.9232
162.9327
159.9346
152.7917
156.7944
162.0567
162.9133
160.8856
160.6259
163.0758
162.4375
162.998
160.7449
159.1244
162.5017
165.1665
164.9347
161.256
162.5483
163.6817
163.3038
162.7169
163.0448
163.8372
161.5506
161.035
161.0128
162.2131
163.4557
160.4562
157.7652
160.781
162.8886
162.2502
162.1859
160.9618
160.9491
162.0793
163.3363
161.761
159.6149
158.9018
161.6546
164.82
164.3435
163.3458
163.6774
163.5164
163.5569
159.8366
161.8035
165.7459
162.5182
161.2879
161.9537
161.6537
156.871
159.2053
163.9591
165.3248
162.468
161.1487
160.8595
160.5597
163.343
162.0533
162.7822
163.4856
163.4328
163.9248
165.2121
159.1649
161.5164
164.7771
166.2355
165.9613
163.6603
164.1966
162.7346
163.6124
165.8142
162.3746
157.3433
162.6511
164.7339
163.7263
162.9452
163.034
159.9965
162.5323
166.1887
162.6897
159.0353
159.6921
163.3498
164.861
162.5549
161.8741
161.6963
161.728
159.8315
163.6278
166.0466
161.6659
155.0755
161.4159
165.168
163.7212
162.1323
162.5473
162.333
161.9053
164.5087
163.0926
157.3483
159.6685
163.8654
165.131
162.0665
160.2825
158.436
161.5484
163.5829
166.1898
161.6355
157.723
160.5723
165.1147
164.546
159.9694
159.1426
159.6268
159.5483
162.7733
163.847
160.6646
157.8494
160.3959
164.8743
164.0154
162.5058
162.5188
162.7274
160.8686
162.4494
163.1454
162.5902
160.7099
161.3082
162.4524
160.4969
153.9453
158.0891
161.3081
161.6604
159.5406
160.5335
159.7403
158.8907
157.1092
160.7904
162.639
161.4511
160.0086
161.4316
163.1941
163.4091
158.6617
160.3746
162.6254
158.7056
158.6943
162.0724
164.5296
162.709
157.8182
159.9586
162.8818
161.7841
159.1981
160.7098
163.1572
163.0973
161.0921
161.4751
165.0007
164.8885
164.4202
160.1299
161.8339
163.0734
158.1924
154.5894
158.4311
160.2655
161.2319
159.6483
160.1734
158.6265
160.4561
164.4671
164.6325
162.9313
159.2643
161.8694
164.4288
162.1335
162.3943
160.8573
162.6386
162.4756
163.0433
162.724
163.1007
164.7564
160.1344
160.8168
164.5538
164.0326
163.1853
162.8995
161.4695
164.0458
163.8867
156.8837
158.1145
163.8091
162.2304
160.7051
160.6581
162.7162
163.048
158.8569
157.8047
162.0532
163.8625
157.758
157.5528
162.4544
162.3648
159.8211
158.9681
161.0105
159.388
161.2752
162.4582
160.9676
159.467
160.2859
164.5234
162.885
161.2824
160.6545
158.6745
160.5339
164.0072
163.8726
164.3067
161.8912
162.3563
162.0151
162.7439
159.9337
160.2889
163.0514
164.2756
164.4037
162.5078
158.5129
160.5964
160.2542
161.0013
161.0202
160.9799
158.7278
161.5252
161.3418
162.5957
161.9715
163.2323
159.17
163.0368
164.7215
166.6033
161.4147
156.3844
162.9242
164.8064
162.6982
158.4579
160.0661
161.0266
157.7423
158.7623
162.4314
161.1571
156.3821
159.5173
164.0456
163.0126
161.2197
160.6514
158.4744
161.8812
164.2905
156.7755
156.9642
161.894
164.7652
160.1887
159.6344
164.5703
156.5057
154.2551
158.1683
162.9003
162.1488
160.8816
161.5868
165.1434
165.9955
161.4799
159.2947
161.5574
165.513
165.0166
161.4881
159.3824
163.9212
162.7777
163.1909
161.7345
162.7576
159.6313
161.241
163.7742
164.9424
164.4949
162.8936
157.1527
160.7607
164.5945
164.8501
162.6348
159.9989
163.1134
162.3333
159.2759
162.558
164.065
159.9182
160.4872
163.0425
162.4764
158.7252
157.6467
161.8167
162.9765
160.971
161.0632
156.9152
157.8034
162.8532
163.6375
162.5993
156.6978
153.8117
158.559
162.906
160.5139
161.0361
163.323
163.196
159.8685
159.2117
162.9265
162.2926
163.033
164.9197
163.5211
162.2869
160.3011
160.8563
163.5625
164.3772
159.0132
158.2279
158.7598
158.0586
161.2687
163.1737
163.0568
161.237
165.3639
159.7885
163.2268
165.8269
165.2161
163.5585
162.5093
