1.894499
1.372012
3.268391
5.156237
1.406786
1.471129
4.921947
4.318788
-1.035562
3.413083
5.570679
2.768082
1.576026
1.916928
4.001117
4.856626
1.767993
3.047986
6.027802
3.924744
2.189866
0.949015
3.698546
5.785659
3.572629
0.9765879
3.142056
6.782338
3.766922
2.635672
2.382844
3.014746
4.633498
5.051409
2.813542
3.212466
2.564923
3.712498
4.246616
4.268418
2.373509
2.338314
4.273862
4.668139
2.812588
3.462286
4.775178
4.53397
3.224911
3.924207
3.644245
2.242187
3.464156
3.607192
4.754486
2.675941
2.362193
3.924694
3.537451
2.268706
3.935611
3.402812
2.269367
3.969382
3.284449
2.825935
4.514903
4.013928
2.968351
1.901794
5.533113
4.521459
1.480383
2.410211
4.391324
4.330587
2.434383
2.014598
2.280541
5.302267
3.880639
1.69599
3.271436
6.27324
1.608973
3.482553
1.752977
6.62757
3.259277
1.065722
2.439127
3.49142
4.664642
2.895351
0.7204256
2.531195
4.587061
4.153121
0.1803533
2.897089
2.313639
3.932703
5.739659
1.820845
1.044065
3.753305
4.63435
3.320578
1.814937
4.124504
4.347582
4.025175
1.647665
1.502216
1.622905
6.770319
3.965056
0.9603369
2.936251
2.812857
3.283166
4.492989
3.66911
3.267899
0.3750716
1.997201
5.181479
2.559952
1.733675
4.55
5.178694
1.153785
3.901871
4.093915
3.236676
3.686458
5.085783
3.42014
1.990448
2.517301
4.498103
6.03104
1.924182
0.2296812
3.171479
4.003489
2.598059
2.998069
4.572853
0.135785
3.330784
5.448161
2.587488
2.473386
4.472701
3.188462
2.683161
4.815742
3.852594
0.9005691
2.057861
4.548629
3.748051
2.944528
3.873387
3.684206
3.058166
2.964891
3.799557
3.015381
3.929152
3.741113
3.128913
3.491232
2.861902
2.325158
5.620361
5.279076
1.584745
0.9658092
3.566343
4.923125
3.432195
2.027732
3.189691
4.529963
1.828716
1.932999
4.682479
4.223881
1.475139
2.227781
3.851196
3.654973
2.71779
3.750282
2.673789
3.95356
2.867919
4.144014
3.856514
3.549415
3.433472
2.634986
4.09481
3.048891
3.806462
4.006691
2.002805
1.910583
4.340927
6.003561
0.5423792
2.774271
5.505373
4.266842
2.02218
1.424733
3.292526
3.565655
4.981641
2.118909
2.011335
1.89833
4.139807
5.630423
2.573463
0.5795199
1.390407
2.956074
6.422724
4.231903
0.5216429
1.240849
2.804277
6.000389
3.647638
0.8231669
1.97558
3.827676
5.565265
1.888246
1.550905
4.103074
3.901727
4.032598
3.782583
2.410217
6.393491
3.387947
0.7662609
5.437386
3.457567
0.2883102
2.20212
5.407593
2.657912
1.85716
1.924557
3.200382
3.064696
4.995338
4.356117
2.021669
2.822584
1.945965
3.161335
6.177098
1.734742
2.262646
4.088979
3.366336
2.142767
2.228791
5.178679
3.798125
0.2596191
2.96901
5.26795
4.192537
1.54173
3.067401
4.398506
4.032593
3.43215
4.834655
3.789724
2.406338
6.400603
3.217204
0.3810385
3.393539
4.788228
4.041193
3.478557
2.244216
2.808238
4.486892
4.224994
2.196089
1.923501
4.028954
3.825937
3.878296
5.982399
1.749371
1.141952
2.802819
3.78155
4.163254
4.512927
2.246847
1.925232
3.759331
3.480207
2.549321
4.993996
3.894259
0.7023767
2.079338
3.059959
4.254738
4.287762
1.471628
2.793336
4.23302
5.214692
2.06301
3.174551
2.699531
4.791961
3.358515
1.781201
3.666271
3.571781
3.226948
5.03182
2.437218
3.182073
4.801848
3.864377
0.996012
2.322896
5.899965
2.803123
0.9749772
0.7634149
3.357151
4.824386
2.677186
1.418916
5.764953
1.917213
2.11424
4.23884
3.926158
2.892418
4.91188
2.981291
2.144756
3.627926
3.86978
3.71701
4.466059
2.381253
1.813979
4.85921
3.708823
1.297849
1.712142
3.84516
6.292851
1.621675
1.795693
3.505558
3.52124
3.472044
4.763407
2.097079
3.267874
2.979425
3.794715
4.24634
2.742028
0.9611793
3.467031
4.103866
3.945788
1.738919
3.471029
2.789359
3.404778
3.695863
2.886901
2.639871
2.943536
4.113859
2.486705
3.492472
5.00088
2.050814
0.2696118
3.521967
5.420289
1.088259
1.0461
3.279997
2.627059
9.050285
2.745399
-0.3343926
3.974055
2.311138
0.9617333
1.462202
2.580019
3.295865
3.420357
3.969095
3.912355
2.797254
3.3699
3.058616
1.921894
6.39434
5.431004
-0.1492186
1.7835
2.868591
5.523578
2.310239
1.421057
3.703382
4.020535
3.943403
4.694495
3.077752
4.05835
3.847321
2.603495
4.426102
4.86328
2.527067
3.483279
3.229749
5.855362
4.424193
2.690794
2.183397
3.055445
4.01262
2.292015
3.567592
4.553213
3.35769
1.615126
2.441545
3.611686
4.119115
5.445354
2.947243
2.602844
3.487203
4.785369
2.844643
2.30953
2.835023
4.85369
2.017834
2.049784
3.176086
3.0927
2.517668
5.122522
4.677819
2.958068
2.871149
3.608643
6.003243
1.674108
5.567291
2.891039
3.329332
3.310802
3.619547
3.622558
2.127528
2.504997
4.676164
2.742692
1.652721
4.049477
4.098647
2.431846
3.30932
4.915538
2.37491
3.447613
3.91893
3.580188
1.512712
3.225205
6.213891
2.688234
1.587855
1.400122
1.34507
4.890231
3.715149
1.429203
3.672392
1.198598
1.7881
3.977247
4.453316
2.151235
0.285619
1.283265
3.184082
3.910295
4.612418
1.834527
2.553725
5.582295
3.824703
0.9266483
3.466734
4.453937
3.711146
2.755135
4.352478
4.281227
5.180885
2.265248
3.173949
3.313393
4.18868
3.96726
2.985231
5.112098
2.854979
1.556289
3.770499
2.896624
2.503591
5.594257
2.94605
0.7880768
2.335203
4.505334
2.299153
3.479138
3.062471
4.22431
3.190924
1.510293
3.771921
3.444458
5.057341
3.150818
1.046103
2.666011
6.111413
2.064501
0.7157605
3.366294
2.779514
4.739229
3.459822
1.607387
2.473273
3.790193
3.559216
2.635548
4.813576
2.512925
1.847376
4.381328
2.719681
1.774942
2.711749
3.157773
3.027077
4.48201
2.285995
1.014415
2.398019
3.222013
5.423167
1.648888
2.060612
3.119123
3.473485
2.614118
3.547011
3.883953
3.579333
2.965597
2.540028
3.407053
2.774152
2.843652
8.154606
3.378659
-0.8716528
1.896697
2.59168
2.932348
5.679127
3.190067
1.656119
2.973692
3.851838
3.318486
3.923887
2.972658
2.7306
4.787253
3.509139
4.099948
2.014373
3.221013
3.327705
4.080607
3.938207
3.359954
3.470342
2.835658
3.867655
2.350947
2.789176
3.593187
3.440531
1.539223
2.297858
2.826577
4.014584
2.652299
4.108396
4.388192
2.630085
3.589212
2.398609
4.347024
4.835818
4.045325
3.933846
1.052284
3.574359
5.695618
2.229222
-0.2725818
1.704665
5.647842
2.915647
0.1940968
2.539893
2.441607
4.386677
3.028282
0.3554358
2.829154
3.199758
2.95702
3.988586
3.846165
1.781745
2.923174
4.236298
2.969649
2.715471
5.410716
3.349614
1.910008
3.783791
4.885963
3.025258
3.874494
4.537354
2.99821
4.477477
4.37083
1.766768
3.652853
4.860979
3.55912
3.230989
4.960978
1.888171
2.292965
3.899711
4.259572
0.8683881
2.115449
3.737263
4.674757
0.5052045
1.20935
3.070949
3.632085
3.084922
3.595382
4.789793
2.979323
2.664339
5.354139
2.936796
2.233663
4.534174
3.170171
3.660914
2.723756
3.647216
3.911583
2.579538
2.524868
2.733328
3.853536
2.00585
1.227196
3.914038
4.346644
1.70295
3.730165
4.145265
2.805657
2.040509
4.289798
4.770114
2.262626
0.759724
1.38707
4.081891
5.119419
2.872175
1.066427
2.1446
5.114468
3.175638
0.3918698
1.542983
6.395982
2.432001
2.263452
1.791453
2.220312
6.652447
1.325431
1.192622
2.09301
5.969197
5.582978
2.289027
0.7452728
4.519853
3.285254
4.03616
2.100868
2.028898
3.789502
4.644344
2.502445
2.354241
2.610967
4.214051
3.814873
2.05569
3.325862
2.902524
3.75707
3.553077
5.100671
2.627718
1.882471
1.243603
5.493003
3.922474
2.270268
2.965935
2.786425
4.887465
2.821204
2.666641
3.632632
2.571716
1.9206
3.522645
4.990594
0.7583888
2.138222
4.971049
4.997876
1.1053
2.368237
5.504107
2.102942
1.521035
2.697145
4.159445
4.321831
3.089672
1.486839
4.549639
5.014551
1.979266
3.154272
4.326861
3.2073
4.858989
1.796346
2.992227
2.557998
3.242095
5.609592
2.7387
0.6268327
2.200998
3.580457
2.288291
3.589141
3.474633
4.859762
2.740712
2.570778
5.221379
3.098141
0.9147564
1.558161
4.49498
4.699616
2.524631
2.115151
2.888384
4.385301
4.227078
3.810702
1.586528
2.29201
5.138796
4.55048
2.423462
2.880518
4.204393
5.872526
1.834211
0.4725085
3.661471
3.591835
3.770801
0.3648433
2.564318
3.928147
3.125262
2.727308
3.813044
1.610912
2.728089
4.245292
4.552582
1.754814
3.090904
3.848063
1.220171
4.052648
6.665871
1.388706
0.1460533
2.091577
6.508588
3.892599
0.3843978
1.678824
5.51824
3.229501
-0.1606793
5.095973
4.390974
2.52111
1.563962
3.878922
5.788088
3.098312
0.8587514
3.798369
3.765837
3.248848
3.243466
4.563151
4.684457
2.888657
1.443758
3.825753
5.190724
2.049132
0.9771544
3.779891
5.668671
1.944445
2.74351
5.44917
3.084358
2.35781
2.192996
4.09219
3.838639
3.273962
3.692543
2.290948
3.172633
4.664193
2.563949
2.488334
2.333835
2.994004
2.855969
2.151724
3.600715
2.487624
2.355459
3.076875
4.968175
2.491357
2.752905
3.680934
2.133662
4.831084
4.662978
2.005553
2.77956
4.285234
1.376892
2.586489
3.192967
3.728362
2.467611
1.504518
1.8737
5.885128
3.343997
2.306833
2.560114
4.318297
4.46851
3.599929
4.11609
3.040851
4.664777
3.197374
4.938629
3.413641
2.268385
4.727454
3.576058
3.594347
3.072545
3.550488
2.729519
4.803432
2.081157
3.101294
1.982987
2.452602
4.978967
2.417522
0.6653823
4.141051
2.60105
2.694887
4.71461
1.991517
-0.1811123
1.468906
3.940845
3.557565
4.865407
3.170418
2.865484
2.607719
5.170767
3.008748
1.617237
3.26387
3.051948
3.773098
3.862761
5.726018
1.050747
0.5089428
2.718278
5.950996
1.723845
1.637266
0.9027544
6.17042
2.684977
0.8909209
2.320372
6.598627
2.889786
2.312136
