54.97667
55.62149
56.9763
57.57809
56.68226
55.91577
56.44299
57.30828
56.71633
56.64824
57.27546
57.14806
57.06055
56.83437
57.38332
57.12181
56.68163
56.99453
57.43493
57.14727
56.974
56.23557
56.60398
57.11654
57.00759
56.80428
56.97645
57.27951
57.23631
57.27499
56.58897
56.81596
57.20558
57.60427
57.04393
56.6448
57.00305
57.40874
57.03541
56.79036
56.81754
57.34042
57.16081
57.44184
56.74807
56.49751
56.80217
57.23788
57.59399
56.81379
56.27325
56.84243
56.65382
56.69594
57.14201
57.22331
56.76246
56.6201
56.96608
57.38815
57.00444
56.85036
56.85073
57.74444
57.6545
56.89699
56.89579
56.74144
57.25901
57.46945
56.67659
56.55943
57.27636
57.52127
57.142
56.84847
56.71238
57.0182
57.35291
57.0688
56.68297
56.45933
57.34898
58.03611
56.09216
55.94912
56.8018
58.0377
56.61811
56.00723
56.51336
57.31134
57.86214
56.97658
56.32409
56.99086
57.09233
56.9411
57.46466
57.13741
56.78268
56.80842
57.30307
57.42697
56.60815
56.47327
57.291
57.26701
56.49692
56.22055
57.27345
57.63063
56.25032
56.50781
56.85904
57.36734
57.01959
56.8932
56.86962
56.92829
56.94889
57.10041
57.40591
57.03348
56.17926
56.50452
57.12704
57.46131
56.97543
56.90592
57.20622
57.44296
57.44495
56.72009
57.33753
57.55143
56.76389
56.87861
56.72039
57.28123
57.29081
56.78976
56.79963
57.18581
56.83392
56.99209
57.10855
57.4907
57.02293
56.34372
57.3371
57.98767
56.54452
56.33529
57.26376
57.12764
56.67321
57.09364
57.24785
57.43352
57.27295
57.76946
57.3037
57.01525
57.14893
57.43973
57.75218
57.29911
57.28185
56.88739
56.9837
57.99967
57.0072
56.66966
56.96287
57.64268
57.72137
56.8123
56.5567
57.60813
57.20678
56.86777
56.88437
56.90466
57.36265
57.47466
56.96679
57.35675
57.39235
57.15597
57.47984
57.49297
57.13439
57.17739
57.24734
57.59838
57.09246
57.19447
57.70798
57.5209
57.22984
57.12251
56.68927
57.18942
57.45311
57.67164
57.32818
57.34782
56.88993
57.81048
57.59917
57.32746
57.10459
57.32416
57.7896
57.39238
57.11132
57.00253
57.16932
57.23854
57.52508
57.30674
57.14204
56.96499
57.32708
57.07287
57.07201
57.35368
57.09889
56.81904
57.28675
57.81525
57.13524
56.5799
56.82671
57.72041
57.24121
56.82389
57.88841
58.00367
57.84716
56.67427
56.78521
57.86905
58.47675
57.13802
57.11513
57.16278
57.7002
57.7144
57.52206
57.43906
56.84539
57.06255
57.53868
57.78757
57.56046
56.90605
56.62555
57.56059
58.05476
56.995
56.79245
57.69073
58.03244
57.22993
56.54892
57.83221
57.92085
56.92485
56.72129
57.68118
57.77621
57.32738
57.32333
57.04271
57.25043
57.52177
57.98748
57.4451
57.27977
57.17956
57.48799
57.84291
57.48783
57.88401
57.55621
57.23104
57.11041
57.8362
58.10086
57.14565
56.83083
57.97316
57.84719
57.10659
57.04939
57.7614
58.25693
57.30387
57.06996
56.82828
57.31985
58.19232
57.7478
56.95044
57.22184
57.50856
57.51643
57.25406
57.63908
57.50578
57.24663
57.623
57.35835
57.34691
57.82186
57.72258
57.7347
57.39845
57.40517
57.50363
57.78013
57.32752
57.31767
57.11571
58.04126
56.54903
57.00365
57.45778
56.64784
56.99361
57.53393
57.42365
57.01293
57.28338
58.12464
57.86328
57.1504
57.50011
57.25423
57.16094
57.4242
57.45455
57.46461
56.88563
57.08992
58.16515
57.40762
56.99955
57.69948
58.00444
57.27477
57.58697
57.71545
57.41125
57.78657
57.24484
57.06482
58.04664
57.81609
57.5633
57.09655
58.00332
55.6579
57.19506
58.08119
56.8302
56.49374
57.02508
57.64605
57.80687
57.68665
57.715
57.58539
57.72223
57.55755
57.51858
57.62949
57.58868
57.10697
57.81461
58.16528
57.06902
56.43897
57.90221
58.02346
57.39842
57.13509
57.22645
57.64967
57.60392
57.38596
57.48349
57.42217
57.74965
57.35085
56.97337
57.31107
58.34088
57.62658
56.84566
57.55551
57.87633
56.62332
57.20499
58.07067
58.19286
57.58967
53.17068
54.13403
57.40101
57.02864
55.95041
56.31152
56.54374
58.04327
58.21732
57.0039
56.52009
57.03959
58.08295
57.52606
57.55618
57.44086
57.29038
56.47833
56.86324
57.53764
57.53304
57.49148
57.69983
57.29792
57.00463
57.97761
57.12815
56.33718
56.51138
57.7014
57.75718
57.38329
57.45206
57.21251
57.54241
57.92824
58.07024
57.48442
57.37309
57.32344
57.54794
58.39
57.79087
57.29874
57.91304
58.30807
57.37926
57.27248
58.33804
57.94763
57.51169
57.87841
58.13614
58.09408
57.77832
57.08348
57.48567
58.28685
57.85073
57.14752
57.55208
57.60823
57.77116
57.39048
57.92141
58.15343
57.40729
57.0536
57.52526
58.48063
56.88176
57.26441
57.46397
57.47213
57.92093
57.5842
57.57743
57.52085
57.19846
58.12791
58.12052
57.53685
57.45407
56.87887
56.97987
57.78487
58.14199
56.78422
57.24819
58.04248
57.1571
57.16681
57.6849
57.26246
57.29683
57.65877
57.65445
57.47645
57.99775
58.03806
57.47992
57.40229
57.33559
57.43964
57.47419
57.8457
57.88028
57.81858
57.63272
57.4614
57.88244
58.23049
57.05818
57.42408
57.99601
57.76013
57.24093
57.83072
57.66895
57.31582
57.18654
58.11136
57.61299
56.69524
57.66004
58.15586
58.07092
57.23736
57.3443
57.91631
58.33706
57.59078
57.71587
57.78157
56.96941
57.44471
58.23766
57.88681
56.93076
57.43612
58.2202
57.24147
57.04978
57.48211
58.10356
57.713
57.36942
57.40402
56.98048
57.76402
58.27269
57.52405
57.31397
57.43036
57.99325
57.56237
57.07286
57.44832
57.63634
58.14977
57.12841
57.34771
57.90656
57.50833
57.84233
57.69728
57.1095
57.9061
58.38487
57.43144
56.83775
57.32763
57.81866
58.06763
57.9249
57.4664
57.03342
57.01329
57.91737
58.0607
57.44096
57.79053
57.46511
57.23244
57.80385
58.12786
57.73343
57.55264
57.84859
57.39231
57.28927
57.83485
57.966
57.98162
54.91013
55.5564
57.76044
57.32363
57.1091
57.43176
57.79182
57.06661
57.41051
56.95449
57.75986
57.6622
57.48856
57.48084
57.30833
57.81971
57.80127
57.62367
57.66006
57.82957
58.01993
57.41668
57.70801
58.43757
57.18981
57.20603
57.4044
57.90437
57.5806
57.19465
57.03157
57.90562
57.4395
57.5028
57.94345
57.81358
57.34025
57.37458
58.03857
58.33136
57.54219
57.59566
58.19765
57.9548
57.52939
57.21598
57.56512
58.30145
57.07311
57.44854
57.08129
57.6525
57.77352
57.11197
57.17575
58.24591
57.6755
57.17282
57.58653
57.26614
57.46761
58.03588
57.78305
57.19615
57.51794
57.77216
57.70521
58.13064
57.84583
57.44488
57.95823
58.04219
57.90846
57.9399
57.95662
57.52389
57.72937
57.92911
57.50518
57.38085
57.5583
58.15879
57.9691
57.46899
57.80901
57.91457
57.94266
58.23372
58.10267
57.60413
57.18028
57.71693
58.53093
57.96077
57.32093
57.57249
57.79976
57.57082
58.16748
58.48065
57.46685
57.16263
58.06138
57.76083
57.64853
58.12501
57.88342
57.75056
57.82744
58.07362
58.01918
57.56929
57.49778
57.36154
57.68533
58.13426
57.65889
57.23831
57.35662
58.16531
58.5918
57.65493
57.47349
57.497
57.76922
58.21265
58.0249
57.27755
56.77633
58.13311
58.46737
57.58276
56.45539
57.11855
57.4976
57.42199
57.50001
57.64881
58.12365
57.67437
57.07442
57.40457
58.15016
57.57144
56.74453
57.82569
58.07816
57.46716
55.23979
57.06771
58.00393
57.12636
56.56687
57.06893
57.50705
57.52063
56.89843
56.89129
57.96019
57.55234
56.62626
56.88371
57.83939
57.40935
56.93881
57.5887
58.06922
57.08715
56.81581
57.51873
57.98154
56.92719
57.17753
57.9672
57.84713
57.4064
57.33194
57.56712
58.0354
57.40026
57.5606
57.81829
56.86015
57.43086
58.08438
57.18369
57.3014
57.50364
57.46507
55.96451
57.09944
57.43243
57.09172
56.47339
57.32594
57.73221
57.96932
58.08316
57.21227
56.68843
57.83278
58.24166
57.28606
57.49035
57.80047
57.47723
57.69945
57.45861
58.14724
57.77094
57.76106
57.52776
57.01433
57.8194
57.90997
57.27044
57.44079
57.38456
58.01655
57.78602
57.54065
56.60517
56.89171
57.95272
57.31359
56.82838
57.88285
58.00127
57.3902
56.84389
56.96657
58.21351
58.36488
56.75748
56.70977
58.27345
58.32826
57.37132
57.45839
57.74255
57.1981
57.05787
57.04624
57.47902
57.548
57.444
57.61385
57.37764
57.45749
57.45831
56.97377
57.37855
57.76242
57.67931
57.26252
57.67327
57.70884
57.99264
57.04796
57.16836
57.84095
58.17679
57.72229
56.95893
57.24728
58.15794
58.53706
55.98411
56.85213
57.98916
57.42192
56.58413
57.51139
57.7962
57.61678
57.61156
57.82147
57.15596
57.41098
57.87824
57.38745
57.39337
57.42815
57.72512
57.73415
57.48629
56.88725
57.27209
58.11862
57.71183
57.11797
57.73714
58.16433
57.62423
57.14779
57.53439
57.95215
57.91162
57.72721
57.4426
57.59011
58.18869
57.47232
57.41888
57.34232
57.89804
57.72306
57.262
57.78777
56.56406
55.49792
56.90392
57.41902
56.85489
56.85511
56.97902
57.22334
58.23791
57.39871
56.79067
57.44105
57.68945
57.64796
57.85952
57.24176
57.8039
57.48406
57.51601
57.67412
57.55639
57.45176
57.3045
57.6832
58.45033
57.81308
56.93599
56.98427
57.62276
58.29185
57.79387
57.51202
57.5204
58.07077
58.30049
57.37745
57.21745
57.92347
58.34987
57.85027
57.70506
57.72765
57.50309
57.9908
57.90866
57.65491
57.4897
57.85962
56.74466
57.11757
57.87663
57.39529
57.13306
57.57425
55.58307
56.27971
57.59274
57.07922
56.8727
57.4695
57.84361
57.78841
57.98796
57.85023
57.42439
57.99916
58.04387
57.43805
57.84999
58.08818
57.11803
57.7237
57.82599
57.58625
56.262
57.18837
57.17965
57.71771
57.4882
57.4311
57.52456
58.499
57.67007
57.14385
57.52365
58.45557
58.32887
57.85591
57.19346
57.33718
57.97202
58.16642
58.23496
57.7328
57.81735
57.76876
57.74711
57.23272
58.07137
57.97709
57.65765
57.41337
57.22521
57.52978
57.76973
57.50914
57.97743
57.77189
57.33668
57.6322
57.90781
58.13961
57.78649
57.53862
57.99079
58.45248
57.34233
57.00354
58.14597
58.35843
57.74676
57.66581
57.04659
57.09237
57.74238
57.7924
57.66817
57.11576
57.73527
57.65173
57.15349
57.71783
58.03439
57.67344
57.50501
57.8613
58.27189
57.72796
57.37987
57.46572
58.31235
57.28122
56.51757
57.60449
57.60353
57.00414
56.79053
57.6991
58.19142
57.95144
57.09554
57.33862
57.4514
57.89575
57.65926
58.0102
58.15665
57.59799
57.95603
58.5469
58.27967
57.4845
58.093
58.64395
58.3364
57.90109
57.9131
58.31231
58.20315
58.17456
58.11486
57.90818
58.26656
59.04016
58.05575
57.50965
57.53287
58.28981
59.09206
58.11003
57.90432
58.09773
57.64585
58.53119
58.45819
57.94053
57.8642
58.60983
58.15631
58.6114
58.11324
57.92449
57.94411
58.34869
58.01957
58.13629
58.12619
57.63657
58.23312
58.7821
58.03307
58.11991
58.32265
58.16284
58.24533
58.32783
58.6779
58.62852
59.07938
59.1357
58.6473
59.35563
59.26949
59.0611
58.91957
59.6243
59.91916
59.79927
59.56767
60.37377
60.43637
59.16988
59.73811
60.50934
60.69866
60.0854
60.06356
60.89167
61.01332
60.93191
59.79723
60.84023
61.45958
60.90117
60.78155
61.48123
61.73642
60.71288
61.43398
62.30921
61.99238
61.97933
62.19842
61.96948
