280.6882
281.0717
281.0707
280.9186
280.6872
280.5153
280.6586
280.6728
280.7393
280.7816
280.7344
280.6624
280.6796
280.797
280.5752
280.5833
280.7509
280.7789
280.7396
280.6356
280.5651
280.54
280.7286
280.6794
280.6627
280.6959
280.6542
280.6917
280.7191
280.7186
280.7173
280.8362
280.7668
280.6655
280.6849
280.6301
280.6877
280.6125
280.6971
280.7051
280.7011
280.7065
280.6553
280.5994
280.5127
280.6925
280.7721
280.7082
280.5633
280.4485
280.569
280.6157
280.5154
280.5838
280.5082
280.4806
280.461
280.6588
280.6447
280.627
280.6281
280.6812
280.7383
280.726
280.5457
280.5816
280.5977
280.7219
280.7866
280.7335
280.851
280.7986
280.709
280.647
280.5909
280.5837
280.7672
280.7788
280.7448
280.6577
280.6118
280.6212
280.5253
280.2447
279.9877
280.5689
280.6313
280.4056
280.432
280.5037
280.7009
280.7007
280.5738
280.5918
280.706
280.7452
280.7087
280.7473
280.5917
280.506
280.6058
280.6356
280.6918
280.5952
280.6459
280.7093
280.7214
280.6871
280.6429
280.7222
280.6246
280.3972
280.3591
280.4928
280.5473
280.5977
280.567
280.5544
280.6489
280.6399
280.5826
280.6188
280.505
280.4703
280.6381
280.7784
280.6587
280.5619
280.6983
280.64
280.6336
280.6635
280.5928
280.7097
280.6872
280.6044
280.6981
280.7179
280.7189
280.7268
280.6823
280.5714
280.5256
280.5315
280.5672
280.5986
280.7047
280.6247
280.6244
280.7546
280.8227
280.3558
280.3112
280.6189
280.5821
280.5629
280.6398
280.7278
280.6877
280.6151
280.6278
280.5284
280.5869
280.6788
280.6662
280.7931
280.5967
280.591
280.5124
280.5176
280.6998
280.5444
280.4778
280.6884
280.7807
280.6609
280.5851
280.5897
280.6576
280.667
280.4514
280.4356
280.5215
280.5705
280.6484
280.6075
280.5812
280.5772
280.621
280.6967
280.7174
280.5183
280.5869
280.7528
280.8287
280.7332
280.7768
280.7347
280.6825
280.6845
280.7109
280.7421
280.7767
280.8411
280.8034
280.6148
280.5543
280.6855
280.7055
280.6779
280.6516
280.6445
280.7921
280.7018
280.621
280.6284
280.6342
280.7544
280.7995
280.7896
280.7484
280.7586
280.6507
280.6695
280.6245
280.6572
280.7511
280.6328
280.5461
280.8257
280.8778
280.522
280.2253
280.416
280.557
280.7021
280.7118
280.8339
280.6765
280.6706
280.5819
280.6832
280.7743
280.8375
280.6006
280.4542
280.628
280.7724
280.7211
280.8186
280.744
280.7793
280.739
280.828
280.9293
280.7275
280.6478
280.6934
280.8098
280.8486
280.678
280.6494
280.7733
280.6269
280.5951
280.6882
280.7571
280.8636
280.6429
280.7579
280.8187
280.7002
280.5937
280.5795
280.5754
280.7243
280.8312
280.8185
280.7107
280.6912
280.6315
280.6836
280.7484
280.7549
280.6541
280.6799
280.6602
280.7501
280.8184
280.7868
280.7367
280.7311
280.8051
280.7676
280.6923
280.728
280.8324
280.8414
280.6796
280.6974
280.7751
280.7947
281.0205
280.7782
280.6311
280.7136
280.7777
280.6814
280.5891
280.4432
280.5348
280.5013
280.6216
280.7759
280.7621
280.8912
280.834
280.8605
280.6385
280.8252
280.8501
280.7847
280.8148
280.8836
280.8538
280.863
280.6002
280.0983
280.4412
280.4287
280.6392
280.6356
280.6492
280.6815
280.696
280.8762
280.7058
280.5827
280.579
280.5091
280.7309
280.772
280.8712
280.7834
280.6868
280.6814
280.748
280.7093
280.6429
280.7783
280.7036
280.6398
280.6787
280.6049
280.7135
280.7061
280.6403
280.7019
280.8284
280.7119
280.6709
280.7532
280.7539
280.3553
280.0685
280.3562
280.3097
280.3796
280.4468
280.5586
280.6474
280.6501
280.5973
280.5963
280.5859
280.586
280.5731
280.4942
280.5812
280.6461
280.706
280.6826
280.4493
280.424
280.5703
280.6528
280.5872
280.534
280.6341
280.7036
280.705
280.6822
280.6403
280.7475
280.7397
280.6463
280.6871
280.7596
280.8239
280.6512
280.6068
280.5782
280.5516
280.5205
280.7273
280.8813
280.7394
280.5799
279.2908
278.4937
279.4797
279.702
279.6593
279.8849
280.1161
280.4347
280.3405
280.273
280.2896
280.4152
280.4641
280.408
280.4728
280.4779
280.4862
280.3565
280.1376
280.2961
280.292
280.3957
280.3612
280.3788
280.5625
280.6361
280.1906
279.7803
280.0692
280.3078
280.3446
280.3412
280.2917
280.3387
280.5021
280.5158
280.5382
280.4567
280.5052
280.5015
280.5204
280.5677
280.5761
280.4701
280.5277
280.496
280.3525
280.4493
280.6551
280.5161
280.4381
280.5487
280.5614
280.4676
280.4723
280.4921
280.6272
280.7438
280.6684
280.4865
280.5914
280.6432
280.576
280.5272
280.6105
280.6028
280.601
280.6194
280.6697
280.7584
280.5284
280.3849
280.4587
280.5014
280.5626
280.478
280.5302
280.5163
280.5469
280.7539
280.7974
280.6037
280.5415
280.3716
280.3077
280.4387
280.4831
280.2971
280.4157
280.4427
280.4096
280.4825
280.5656
280.587
280.6401
280.7
280.5847
280.6121
280.5696
280.6224
280.593
280.6674
280.6974
280.7632
280.6405
280.6397
280.5449
280.4096
280.5351
280.5791
280.5643
280.5681
280.4776
280.5428
280.6056
280.6814
280.5938
280.5952
280.6299
280.5921
280.7133
280.6606
280.5164
280.4669
280.4501
280.5986
280.4319
280.3866
280.4563
280.5416
280.5096
280.4598
280.552
280.6157
280.5854
280.7499
280.7605
280.6431
280.5638
280.6775
280.6678
280.6201
280.6947
280.7279
280.7968
280.5675
280.5369
280.6232
280.6901
280.7702
280.7153
280.4942
280.4581
280.5204
280.7146
280.5715
280.5531
280.6087
280.4707
280.2812
280.3658
280.4949
280.4568
280.5469
280.5088
280.6212
280.5443
280.628
280.7055
280.5772
280.5715
280.6737
280.8026
280.6449
280.5891
280.4758
280.325
280.5451
280.6677
280.7096
280.5786
280.4586
280.3564
280.4908
280.6113
280.5947
280.6068
280.5978
280.5285
280.4975
280.5639
280.7063
280.6201
280.5819
279.8528
279.423
279.983
279.9692
280.0246
280.1859
280.3356
280.1282
280.1929
280.4071
280.5065
280.4461
280.3783
280.4406
280.4341
280.549
280.4675
280.5958
280.529
280.5089
280.5943
280.5137
280.5638
280.4649
280.1872
280.1718
280.4482
280.5331
280.3272
280.38
280.4668
280.7005
280.5948
280.4506
280.5754
280.4972
280.3776
280.4622
280.628
280.6017
280.5341
280.5508
280.6143
280.4554
280.4428
280.5465
280.6886
280.569
280.5734
280.5901
280.5714
280.6118
280.5884
280.5677
280.5321
280.6766
280.4861
280.3906
280.4947
280.5268
280.6348
280.6825
280.52
280.5958
280.573
280.6334
280.5415
280.683
280.5418
280.5085
280.5387
280.5195
280.4579
280.5142
280.53
280.5354
280.6482
280.754
280.7089
280.6379
280.5868
280.6031
280.5223
280.5544
280.437
280.4766
280.5162
280.4365
280.4596
280.4848
280.5347
280.7233
280.7202
280.5107
280.4363
280.5728
280.5909
280.6087
280.5731
280.5689
280.4756
280.4657
280.6025
280.608
280.6138
280.6995
280.5392
280.4733
280.5192
280.5082
280.4746
280.503
280.5219
280.5432
280.7355
280.7165
280.5612
280.5936
280.6497
280.6946
280.7109
280.5672
280.4298
280.5725
280.594
280.7111
280.5704
280.5623
280.6008
280.7816
280.7374
280.5377
280.3796
280.2074
280.5517
280.5865
280.5056
280.4608
280.4963
280.369
280.3917
280.4428
280.5308
280.4526
280.5351
280.5895
280.5457
280.3976
279.675
279.8459
280.16
279.9931
279.87
280.0761
280.2993
280.3662
280.4087
280.4687
280.6167
280.5169
280.3475
280.4553
280.6272
280.524
280.3741
280.4744
280.3932
280.249
280.2194
280.4826
280.5072
280.3329
280.4197
280.4919
280.4357
280.3205
280.38
280.4975
280.5003
280.3745
280.4943
280.527
280.371
280.5402
280.5722
280.5669
280.5039
280.5898
280.4882
279.8839
279.9456
280.1058
280.1907
280.1977
280.3526
280.4528
280.4843
280.3792
280.2155
280.3261
280.5281
280.5539
280.5594
280.4629
280.472
280.4776
280.3984
280.4693
280.5521
280.429
280.4462
280.3969
280.4421
280.6462
280.5871
280.4793
280.5156
280.5292
280.4425
280.4705
280.4547
280.4485
280.2888
280.4059
280.4351
280.3432
280.3568
280.289
280.2306
280.2004
280.3553
280.6153
280.6467
280.3519
280.4319
280.4688
280.4362
280.2728
280.1967
280.4211
280.4534
280.4375
280.2959
280.3346
280.2563
280.2327
280.2466
280.339
280.4201
280.353
280.4697
280.5842
280.5803
280.4634
280.4614
280.3905
280.4619
280.495
280.3821
280.5049
280.506
280.4764
280.3777
280.2865
280.3705
280.4723
280.4962
280.1221
279.8971
280.2404
280.1934
280.2276
280.3991
280.4788
280.4297
280.4551
280.4014
280.3384
280.1534
280.3243
280.4174
280.3534
280.3484
280.4877
280.5965
280.5731
280.4367
280.5392
280.6229
280.5071
280.4875
280.4955
280.453
280.4491
280.4534
280.5919
280.5269
280.3579
280.4104
280.2852
280.3825
280.4919
280.4179
280.3715
280.3242
280.5199
280.4487
280.3565
280.4407
280.3487
279.2019
279.769
280.103
280.0851
280.0831
280.2027
280.382
280.4467
280.3164
280.3832
280.4996
280.667
280.57
280.4941
280.4223
280.4228
280.4749
280.5306
280.5621
280.4495
280.5197
280.6336
280.7024
280.6078
280.2305
280.2538
280.4442
280.5346
280.6327
280.6024
280.5428
280.5029
280.4754
280.3771
280.3579
280.3622
280.515
280.5742
280.4904
280.4751
280.5015
280.4699
280.4328
280.4355
280.5474
280.5658
280.6972
280.3379
280.0567
280.0912
280.2202
280.3168
280.3657
279.8492
279.4344
279.9018
280.0273
280.0545
280.2307
280.2238
280.2601
280.2632
280.3809
280.3732
280.4355
280.528
280.4691
280.6974
280.5818
280.3695
280.2356
280.4483
280.4438
279.8565
280.0704
280.1928
280.462
280.4211
280.3934
280.551
280.6132
280.4601
280.4554
280.5642
280.6865
280.5566
280.5056
280.4102
280.6882
281.0717
281.0707
280.9186
280.6872
280.5153
280.6586
280.6728
280.7393
280.7816
280.7344
280.6624
280.6796
280.797
280.5752
280.5833
280.7509
280.7789
280.7396
280.6356
280.5651
280.54
280.7286
280.6794
280.6627
280.6959
280.6542
280.6917
280.7191
280.7186
280.7173
280.8362
280.7668
280.6655
280.6849
280.6301
280.6877
280.6125
280.6971
280.7051
280.7011
280.7065
280.6553
280.5994
280.5127
280.6925
280.7721
280.7082
280.5633
280.4485
280.569
280.6157
280.5154
280.5838
280.5082
280.4806
280.461
280.6588
280.6447
280.627
280.6281
280.6812
280.7383
280.726
280.5457
280.5816
280.5977
280.7219
280.7866
280.7335
280.851
280.7986
280.709
280.647
280.5909
280.5837
280.7672
280.7788
280.7448
280.6577
280.6118
280.6212
280.5253
280.2447
279.9877
280.5689
280.6313
280.4056
280.432
280.5037
280.7009
280.7007
280.5738
280.5918
280.706
280.7452
280.7087
280.7473
280.5917
280.506
280.6058
280.6356
280.6918
280.5952
280.6459
280.7093
280.7214
280.6871
280.6429
280.7222
280.6246
280.3972
280.3591
280.4928
280.5473
280.5977
280.567
280.5544
280.6489
280.6399
280.5826
280.6188
280.505
280.4703
280.6381
280.7784
280.6587
280.5619
280.6983
280.64
280.6336
280.6635
280.5928
280.7097
280.6872
280.6044
280.6981
280.7179
280.7189
280.7268
280.6823
280.5714
280.5256
280.5315
280.5672
280.5986
280.7047
280.6247
280.6244
280.7546
280.8227
280.3558
280.3112
280.6189
280.5821
280.5629
