-2.088157
-1.306619
-0.1497161
0.6105477
0.08805088
-0.8505397
-0.3760483
0.7586619
-0.1729755
-0.1838374
0.4666694
0.3057539
0.3903923
-0.2497147
0.7798015
0.5113249
-0.2391388
0.1362631
0.6538725
0.3138353
0.3339407
-0.3622634
-0.2136788
0.2671576
0.2711824
-0.01644833
0.1234931
0.5907536
0.3651789
0.5906816
-0.2663495
-0.07831339
0.5384767
0.6874829
0.3092674
-0.1031173
0.06490407
0.7507567
0.2532707
0.09680504
-0.1049168
0.4210531
0.3413143
0.6260419
-0.129055
-0.3947882
-0.04469923
0.5478849
0.8424937
-0.02681703
-0.5527109
0.4399935
0.2644207
-0.02898849
0.1149788
0.3539053
-0.03205866
-0.2414986
0.2027376
0.6537855
0.03114108
-0.086576
-0.2069438
0.7614624
0.7919387
-0.1459294
0.07995784
-0.1204951
0.1988961
0.71606
-0.2516466
-0.6054613
0.2421829
0.6778109
0.1004731
-0.1886815
-0.3394061
0.04156402
0.399836
0.4177296
-0.01861795
-0.6358697
0.307906
1.697595
-0.540851
-0.5913562
-0.2597533
1.371963
-0.2203612
-1.206254
-0.2703228
0.4554543
0.9955508
-0.1999044
-0.8622985
-0.0468568
0.2705453
-0.3009747
0.2617176
0.3718482
-0.09924626
-0.2446649
0.3679872
0.3515646
-0.2863509
-0.6063718
0.2382366
0.334794
-0.4872098
-0.9729932
0.1980251
1.277189
-0.6225678
-0.4526978
-0.02497312
0.5864386
0.03726443
-0.06802915
-0.1938278
-0.09546901
0.08460762
0.2126337
0.5481191
0.1719811
-1.070059
-0.6831239
0.1812816
0.6755431
-0.2506758
-0.3508429
0.232494
0.2879918
0.726815
-0.331725
0.2633278
0.6962365
-0.2916037
-0.04754177
-0.5384151
0.2840731
0.3409173
-0.1957794
-0.395992
0.2586469
-0.01936055
-0.2032201
0.1802439
0.4745392
0.1168953
-0.8721267
0.06423326
1.567983
-0.0565121
-0.8546269
0.2349898
0.161041
-0.4683649
0.1352177
0.2343767
0.3853159
0.05904556
0.7529859
0.3072076
-0.0189208
-0.1266531
0.4376173
0.7759236
0.1271766
0.2519959
-0.06099299
-0.3031935
0.9573318
0.09361377
-0.5836439
-0.2261876
0.5377414
0.6321357
-0.3527977
-0.8289229
0.3923993
0.3447162
-0.2625932
-0.4506232
-0.3590147
0.06416972
0.3231806
-0.1830555
0.05172512
0.2660989
0.086576
0.1428256
0.4096102
0.1093357
0.03976816
-0.1269574
0.4966786
-0.1672399
-0.05592685
0.5917702
0.2447833
0.01239797
0.1096197
-0.6161587
-0.2369989
0.2137274
0.3163098
0.05026539
-0.01175337
-0.3344775
0.5992098
0.3537138
0.2007366
-0.2466902
0.02226055
0.6251253
0.4457069
-0.1766562
-0.3166736
-0.03654764
-0.06485826
0.2435634
-0.05509477
0.1069878
-0.2802576
0.03889538
0.01216268
-0.1416815
-0.1231242
-0.2584273
-0.5045694
-0.03024836
0.7619013
0.1913278
-0.5838454
-0.7329715
0.388214
0.1595406
-0.7114359
0.5167449
0.7505053
0.6463243
-0.5568688
-0.6984586
0.5585781
1.354541
-0.2123223
-0.3123093
-0.2689849
0.4983463
0.4024777
0.1786186
0.2177639
-0.4743416
-0.4516335
0.05832414
0.5400614
0.3901088
-0.519801
-0.7677103
0.1295926
0.9457338
-0.2200201
-0.7901375
0.1462062
0.8907321
0.1693417
-1.084331
0.5423194
0.8310809
-0.3357658
-0.8053403
0.1883033
0.4579868
-0.1981329
-0.2171801
-0.3529974
-0.2457563
-0.201318
0.5462483
0.01703501
-0.05775649
-0.1759282
-0.1337594
0.5243109
-0.04312057
0.4455399
0.1181683
-0.1708132
-0.3746755
0.249846
0.8259752
-0.3013087
-0.8946974
0.5085113
0.5625288
-0.3906193
-0.4552535
0.08243737
0.8394088
-0.04683528
-0.4609177
-0.5205462
-0.2270332
0.6642869
0.3809777
-0.4578533
-0.4331828
0.005895633
0.556631
0.05356232
0.3883708
0.04659554
-0.1533124
0.3396179
0.001735676
-0.332503
0.3605365
0.1466502
0.3033279
-0.2885918
-0.1294055
0.02918554
0.4355107
-0.01786817
-0.1865559
-0.2621871
1.127991
-0.4373322
-0.08130278
0.2641346
-0.7004642
-0.4369153
0.2530359
0.09953132
-0.4410384
0.004050899
0.6547698
0.5628146
-0.2297104
-0.1130632
0.07423253
-0.3250281
-0.3130358
-0.04354953
-0.05722911
-0.4652213
-0.5786434
0.8370053
0.1499983
-0.7436661
-0.05084876
0.7095506
-0.3546768
-0.04804083
0.4335231
-0.1352775
0.3460481
-0.01923611
-0.5852056
0.4582196
0.3855867
-0.01745117
-0.5173228
1.619647
-1.079239
0.05413672
1.098008
-0.2650894
-1.117418
-0.4870928
0.2776425
0.4516038
0.1719599
0.2349715
0.1656537
0.2255119
0.1058203
0.187142
0.2297291
0.2182053
-0.3957611
0.1617081
1.180543
-0.07305142
-1.372401
0.4528978
0.7627575
0.03406759
-0.5600848
-0.218043
0.04423121
0.1349109
-0.1177104
-0.09346858
-0.2284747
0.3133095
0.04231272
-0.6519291
-0.2953402
0.9521866
0.1435604
-0.7190255
0.01012202
0.6686792
-1.045785
-0.2794843
0.5198938
0.7567304
2.686109
-1.856727
-2.453779
0.6711822
0.3596886
-1.290779
-1.013206
-0.7384592
0.745005
1.071664
0.1455261
-0.8528095
-0.4887434
0.867121
0.244565
0.02287444
0.08128592
0.9201927
-0.2726069
-0.6971254
0.0348185
0.3369259
0.04633764
0.3436688
0.005162457
-0.5193323
1.69706
0.6913782
-0.91936
-0.8914332
0.4098542
0.5483944
0.001402684
0.1633851
-0.3980474
0.3175316
0.3540224
0.7445889
0.1698522
-0.3067948
-0.1462353
0.1304775
0.8462974
0.3167123
-0.4124033
0.4075161
0.9551014
-0.0005370172
-0.3680435
0.7634749
0.5598246
-0.3019219
0.1254035
0.6740349
0.6206828
0.2750549
-0.4877373
-0.1745166
0.8032367
0.3507432
-0.557243
-0.1528062
0.02803395
0.1912846
-0.3435519
0.3369942
0.7448491
-0.1536004
-0.7080348
-0.1447394
1.450802
-0.3918963
-0.1053876
0.005208531
-0.05563964
0.5215868
0.2164201
-0.07968816
0.09957861
-0.4594494
0.4946345
0.5879259
-0.03643903
0.4678194
-0.1416287
-0.5935588
0.3266928
0.7323167
-0.7628043
-0.5501611
0.6572442
-0.4414673
-0.6772235
0.0451206
-0.3519654
-0.3655929
-0.2289979
-0.05277646
-0.1584235
0.3353743
0.5760163
-0.08468314
-0.06520921
-0.3374153
-0.1338853
-0.1842317
0.1423206
0.304126
0.2571996
0.0977159
-0.3301469
0.4749981
0.8771948
-0.3858791
-0.2762766
0.5459105
0.4049628
-0.6109981
0.3268974
0.1971115
-0.2081553
-0.5263601
0.6866209
0.3132799
-1.036034
-0.1909404
0.744885
0.6169634
-0.6024439
-0.3671755
0.3419147
0.820233
0.1424991
-0.01334265
0.2968278
-0.8468475
-0.4019921
0.6049754
0.4121633
-0.9077749
-0.3073156
0.8023373
-0.3377477
-0.6054491
-0.2075404
0.4200611
0.2297618
-0.4024911
0.1117699
-0.5661576
0.1085924
0.801011
-0.003886008
-0.2633318
-0.3009426
0.4791762
0.06389537
-0.4107799
-0.06448486
0.1008842
0.9804206
-0.3655293
-0.4908261
0.4979579
-0.1304887
0.3027478
0.2874293
-0.4991214
0.02081336
1.205642
-0.174413
-0.9213423
-0.4514719
0.1347533
0.4711543
0.4831888
-0.2349816
-0.5117537
-0.6398864
0.2614323
0.5384916
-0.3068735
0.2481887
-0.1787311
-0.5660767
0.2402703
0.5488604
0.15954
-0.3087583
0.4072248
-0.2740247
-0.4470573
0.2191262
0.2700043
2.234232
-1.10577
-1.736988
0.5615001
0.1901678
-0.6426702
0.0530974
0.719566
-0.2410677
0.2561347
-0.5978456
0.1689942
0.1450012
-0.1636417
-0.01793664
-0.3334223
0.1252311
0.1605554
-0.1859571
0.1944867
0.07399084
0.5333412
-0.1250803
0.0984584
1.197278
-0.09687635
-0.3730817
-0.04675562
0.5542898
0.2602668
-0.4110587
-0.6288853
0.2583454
0.03903797
-0.4040698
0.1161736
0.172977
-0.3561251
-0.4688487
0.2173969
0.8112152
-0.1048686
-0.2324988
0.5587632
0.4190178
-0.09230008
-0.5866852
-0.1947525
0.630974
-0.9706744
-0.6645836
-0.5567314
-0.03797419
-0.09105621
-0.5296721
-1.153119
0.4798364
0.1888
-0.8363923
-0.1992826
-0.4192759
-0.5247127
0.3562298
0.006257536
-0.7242066
-0.2970922
0.01647371
-0.2013745
0.3661724
0.4035538
-0.4368851
0.06620787
0.3122313
0.05742929
0.304193
0.4342183
-0.2056759
-0.2369924
0.2685116
-0.384475
-0.6766112
-0.4123775
0.3909103
0.1386086
-0.3838437
-0.1226556
0.1823663
0.08043848
0.3118078
0.289975
-0.05174518
-0.5614526
-0.209632
0.8784977
0.3182386
-0.6362697
-0.2227591
0.0724483
-0.3080316
0.2396913
0.7378114
-0.4254893
-0.7596549
0.2692592
0.191144
-0.3355555
0.3331097
0.04985757
-0.335467
0.05930194
0.4392046
0.4566439
-0.381381
-0.2150108
-0.5619835
-0.3926437
0.3557666
-0.03879293
-0.8265406
-0.5830325
0.2966135
0.9153376
-0.2289397
-0.385973
-0.2666922
0.1192775
0.4647164
0.2818803
-0.5316387
-1.153863
0.3946474
0.8391742
0.2255317
-1.135896
-0.2942194
0.01245209
-0.3591106
-0.2573383
-0.1756251
0.5663961
0.1707492
-0.4451681
-0.2183971
0.5973952
0.1931491
-1.314286
-0.02084529
0.5281419
1.215119
-1.86972
-0.3721683
0.8049265
-0.254034
-1.253552
-0.5608518
-0.04572024
0.2733546
-0.7549026
-0.8344376
0.2564495
0.262495
-1.037753
-0.8419117
0.380639
-0.009594502
-0.709864
-0.1601794
0.8877322
-0.168282
-0.7542355
0.0862539
0.6084564
-0.5799678
-0.5844831
0.4188498
0.5291139
-0.1970182
-0.1746904
-0.02867882
0.7451646
0.1044551
0.0002237965
0.417293
-0.6588776
-0.1312247
0.6246476
-0.3800643
-0.3032393
-0.07494315
1.183993
-1.333939
-0.1317297
0.1998973
-0.353824
-1.200892
-0.3791321
0.2900391
0.4425214
0.8191098
-0.5052961
-1.051125
0.2136362
1.014308
-0.2956716
-0.2487557
0.1702279
-0.08807889
0.1569209
-0.2514827
0.7279675
0.07759187
0.1339988
0.1734361
-0.7994984
0.09712618
0.3454723
-0.4976938
-0.2225963
-0.3567235
0.5107532
0.3925893
0.4270108
-0.7621509
-0.7830461
0.6228017
-0.1796453
-1.106996
0.4038474
0.6320017
-0.03950762
-0.6718308
-0.617936
0.5915494
0.9318153
-0.92628
-1.205725
0.637932
1.0614
-0.1713153
-0.1825628
0.3123632
0.2551761
0.2202187
-0.4791631
-0.1241235
0.1642197
-0.241855
0.125627
-0.3400376
-0.1641364
0.05525264
-0.7055176
-0.248901
0.1353454
0.3963832
-0.5772724
-0.01795565
0.2043193
0.6832693
-0.4602866
-0.458634
0.3002959
0.6346889
0.170864
-0.6502305
-0.4746881
0.5330457
1.710733
-1.378641
-0.7622818
0.6544647
0.01144759
-1.199435
-0.1468522
0.2507289
0.09383407
-0.2219812
0.3531018
-0.3139825
-0.1421954
0.2804635
-0.4009358
-0.3232071
-0.2495287
-0.0280765
-0.07615169
-0.1748575
-0.9098656
-0.6431001
0.4644889
0.02979157
-0.640847
0.07278426
0.6423118
0.1110136
-0.6496097
-0.4208216
0.2700253
0.3830161
-0.1995214
-0.1954829
0.002095473
0.7339803
-0.1907042
-0.01234703
-0.3946686
0.3555917
0.2260234
-0.6269112
0.2543099
0.6586869
-1.316888
-0.4311199
0.01195012
-0.6958571
-0.8981871
-0.5437536
-0.4799627
0.7180723
-0.124305
-1.06739
-0.414196
0.04544953
-0.220694
0.200659
-0.5880327
0.1213151
-0.12006
-0.167618
-0.06439508
-0.3120682
-0.3714599
-0.4250811
-0.3566531
0.7458681
0.1273501
-1.025497
-0.8372515
-0.2369811
0.6296217
-0.007886819
-0.4387138
-0.3376346
0.2978259
0.7808723
-0.304341
-0.4124435
-0.04737544
0.5015835
-0.00151737
-0.4074017
0.0113705
-0.4240117
0.1251717
0.07259551
-0.1974962
-0.4476521
0.9233161
-0.4113857
-0.5351501
0.3591175
-0.376296
-0.8168929
1.268639
-0.8214242
-1.111758
0.1807859
-0.5147683
-1.271176
-0.4673718
0.05386158
-0.1327516
0.2701294
-0.07617711
-0.4941424
-0.1120546
0.1113725
-0.7652058
-0.3242416
0.4230518
-0.8734192
-0.0387143
-0.2235807
0.5921242
-1.569062
-0.3339112
-0.6790397
-0.02100488
-0.532819
-0.6101265
-0.6978172
0.4820419
-0.3945391
-1.00662
-0.6357637
0.3497836
0.1608455
-0.2244139
-1.019681
-0.8610457
-0.09131997
-0.02472841
0.1684071
-0.5090607
-0.3826407
-0.3468038
-0.2589198
-1.11734
0.1504872
-0.3977557
-0.549287
-0.6642544
-1.166531
-0.5433332
-0.1942371
-0.7321118
-0.01727506
-0.3270982
-1.05917
-0.5637301
-0.3454488
0.04853077
-0.3630707
-0.7480611
-0.1983409
0.3966308
-0.7755973
-1.356378
-0.112995
0.287069
-0.4538321
-0.4414698
-0.3915011
-0.6717938
-0.168831
-0.3222626
-0.3960947
-1.130964
-0.04910723
0.02435569
-1.083987
-0.4362676
-0.1849817
-0.4667986
-0.8690566
-0.4615243
0.2285596
-0.5753171
-0.8112497
-1.019376
0.2477669
-0.3211468
-1.671325
-0.5627258
-0.2639492
-1.179214
-1.694672
-0.6854948
-0.02391646
-0.3328676
-1.172162
-0.9563149
-0.9375792
-0.196047
-0.9449499
-0.5368319
-0.09381428
-0.9815943
-0.7330452
0.02110219
-0.04124637
-1.00612
-0.9799864
0.1160407
-0.02909034
-1.007774
-0.8473951
-0.2166791
-0.4465473
-0.4628157
-0.872361
-0.9564629
-0.8701077
0.3696871
-0.6437295
-1.609739
-1.496944
-0.9415536
0.2103098
-0.9751484
-1.312379
-0.9732707
-1.422486
-0.5953168
-0.6043966
-1.129564
-1.597784
-0.5040519
-1.586651
-0.7872936
-1.485321
-1.673723
-1.841396
-1.466955
-1.845778
-1.863034
-2.047789
-2.493857
-1.462449
-0.5698552
-1.468912
-1.216548
-0.7361546
-1.045598
-1.234025
-1.2093
-0.8235883
-0.7863754
-0.7373946
-0.6529363
-1.213716
-0.4913853
-0.5719026
-0.9430518
-1.318072
-0.6124234
-0.4280418
-0.7284731
-1.317335
-0.7447225
-0.05069268
-1.786751
-1.34545
-0.5819011
-0.4632391
-1.293029
-1.658621
-0.8795834
-0.4147319
0.03201449
-1.443127
-0.4949604
0.4078659
-0.6099392
-0.7829416
-0.1452712
0.1611461
-0.905827
-0.5714518
0.6373212
0.08825815
-0.4054259
0.1848967
0.6731596
