28.50045
28.55549
29.61544
29.19211
28.90787
29.01563
28.95998
29.08848
28.64162
28.92377
29.06389
28.87054
28.31898
29.23539
29.13194
29.05617
28.65263
29.65292
28.77423
29.00111
28.935
28.28743
29.26416
29.11647
28.98621
29.42497
29.21916
29.18799
28.67051
28.44328
28.74954
29.43702
29.07401
29.63592
29.26313
29.07876
28.88011
28.62195
29.21839
29.03525
28.81948
28.61729
29.25178
28.5831
28.95954
28.42773
29.35335
29.58543
28.80264
28.97041
29.02433
29.15906
28.81798
28.94431
29.32699
28.95586
29.05648
28.98686
29.22495
28.41406
28.50434
28.54706
29.38983
29.17175
29.28456
29.21517
28.25809
28.21185
29.42179
28.93407
29.22189
29.1523
28.25883
29.49077
29.44603
29.15936
29.16848
29.26691
28.99826
28.37437
28.57206
29.31911
28.95194
29.02847
28.88363
28.37864
28.45346
29.17692
29.15629
29.01075
29.57837
28.63381
28.92517
29.73767
29.43776
29.22188
28.84206
29.37341
29.24341
29.3081
28.49822
29.13025
29.09042
28.92697
28.35077
28.98471
29.67008
28.44803
28.46431
29.68117
29.14786
28.88563
29.19768
29.37992
29.3327
28.87156
29.25601
29.1126
28.63017
29.31237
29.09468
29.09472
29.1363
28.44498
28.88595
29.41664
28.99123
28.41818
29.15915
29.41883
29.11915
29.30114
28.74323
29.03222
29.2584
28.95817
28.5636
29.20146
29.35936
29.47099
29.0277
29.22962
29.35733
29.14253
29.21849
29.41054
29.40298
28.81943
28.74416
28.70357
28.8255
29.00614
29.19992
29.24069
28.85067
29.09483
29.37462
29.40426
29.29932
29.02547
29.15581
29.15228
29.52676
28.92522
29.333
29.08542
29.49358
29.38481
29.26693
28.78033
28.91153
29.10224
29.14145
29.32576
28.68397
29.43577
29.16441
29.14382
28.43223
29.64983
28.73533
28.8954
29.43872
28.85271
29.035
29.80152
29.35749
29.26877
29.24428
29.13677
29.2467
29.33829
28.66814
29.30955
29.3836
29.19534
29.45303
29.25066
29.00581
29.21016
29.57447
28.93541
28.6337
29.48625
29.53712
29.39875
29.18551
29.23799
29.16591
29.33364
29.37628
29.10422
28.95952
28.872
29.09163
29.12135
29.56747
29.09965
28.57707
29.30481
29.39718
29.34413
28.88022
29.07113
28.68609
29.26464
29.46956
29.42134
29.3886
28.40084
29.32467
28.95929
28.99682
29.19003
29.4217
29.54978
29.3541
29.32464
29.68523
29.12743
29.20211
29.22741
29.24815
28.7328
29.28956
29.05873
28.9702
28.96043
29.28778
29.5367
28.99579
29.16516
29.11424
28.67714
29.40223
29.32635
29.25139
29.39405
28.74863
28.64074
29.62616
29.56404
29.45721
29.77258
29.61413
29.40675
29.46951
29.21329
28.76122
29.70636
29.15024
29.50582
29.64529
29.38972
28.77809
29.36446
29.19043
29.69469
29.6352
29.08085
29.13112
29.38295
29.34384
29.61546
29.47843
29.68123
29.51481
29.46453
28.35188
29.46806
29.61142
29.5951
29.72951
29.14119
28.47796
29.45113
29.63929
29.51879
29.73203
29.26942
28.59413
29.71145
29.52294
29.77823
29.05736
29.27803
29.48199
29.50132
28.9325
29.19399
28.98782
29.87193
29.16817
28.89235
28.34454
29.19613
28.94306
29.60673
29.63429
29.4386
29.95602
29.76577
29.26912
29.11682
29.64054
29.42699
28.69997
29.04528
29.20391
29.3007
29.13115
28.93762
28.80867
29.79297
29.54552
29.00967
29.65659
29.54661
28.69189
28.84507
29.372
29.48268
29.10105
29.14765
29.23905
29.20723
29.71589
29.72578
29.49528
29.65481
28.76322
28.65735
29.28302
29.5682
29.53388
29.69202
29.64247
28.00657
29.60005
30.0209
29.30657
29.69753
29.85751
28.19246
28.15769
29.3075
29.67835
29.48524
29.6095
29.22651
29.4895
29.19266
28.70505
29.44472
29.20341
30.14639
29.61498
29.48569
29.12407
29.39715
29.32953
28.86005
29.07678
29.32981
29.55575
29.55885
29.64058
29.58664
29.25583
28.52217
29.72002
29.76646
29.63725
29.70422
29.34234
29.04313
29.44894
29.3181
29.39477
28.94545
29.45874
29.82672
29.08314
29.77662
29.64905
29.20987
29.69605
29.59683
27.86373
26.71507
28.67825
29.1955
29.23183
29.43027
28.96608
29.37011
29.25376
29.50734
29.0375
29.45255
29.11145
29.18442
29.36619
28.99949
28.85272
28.41464
29.1576
29.47269
29.41076
29.52444
29.13036
29.19217
29.08117
29.30823
27.86701
28.67167
29.47945
29.29556
29.52958
29.37493
29.2481
28.9461
29.29474
29.50889
29.4426
29.52705
29.31975
29.31744
29.18767
29.44644
29.53774
29.17016
29.2357
29.41793
29.30687
29.03931
29.83953
29.74286
29.52066
29.83859
29.56221
29.5841
29.06461
29.0904
29.14544
29.76102
29.55475
28.40655
29.75222
29.95812
29.38621
29.57359
28.89635
29.3601
29.70695
29.52057
28.8202
29.27221
29.22653
29.02666
29.43037
29.63698
29.45716
29.53766
29.31076
29.68413
28.62761
29.40166
29.57624
29.56719
29.68946
28.91624
28.72042
28.82033
29.66917
29.97588
29.48613
29.59414
29.0436
28.66449
29.88671
29.67063
28.99042
29.87711
29.83546
29.58217
29.8906
29.71645
29.37342
29.48773
29.76375
29.1887
28.83063
29.04673
29.27564
29.5121
29.31454
29.40862
30.06502
29.32182
28.84948
28.31573
29.28363
29.79664
29.66678
29.50928
29.61698
29.80762
29.1124
29.31763
29.38198
29.42925
29.4483
29.25676
28.66953
29.49069
29.80095
29.67344
29.29618
28.89499
29.02265
29.75349
29.93556
29.59146
28.88671
29.30192
29.63993
29.23998
29.60216
29.80927
29.57841
29.23953
28.90617
29.59888
29.71925
29.31278
29.35875
29.16708
29.44727
29.33742
29.13889
29.61081
29.9282
29.45401
29.57487
29.29319
28.73767
29.0748
29.76069
29.42093
29.88185
29.60131
29.613
29.23921
29.09178
29.48051
29.7756
29.47356
29.49657
29.37105
28.6576
29.87383
29.65467
29.30755
30.2024
29.61119
29.26972
29.42494
29.33897
29.75628
29.54066
28.57262
29.52821
29.80515
29.96465
29.41475
29.48079
29.477
29.48882
29.2147
29.7418
29.50403
28.25612
27.59968
29.36813
29.77276
29.56323
29.63548
29.46884
29.31286
29.36561
29.30032
29.28027
28.79445
30.12376
29.41901
29.5983
29.94258
29.66105
29.58197
29.83312
29.58584
29.58835
29.28865
29.29686
28.97839
29.70675
29.41404
29.6059
29.27805
29.14039
29.1668
29.57486
29.56663
29.69596
29.02948
28.92902
30.19318
29.43377
29.53439
28.89481
29.336
29.6793
30.06732
29.51954
29.59143
29.91838
29.49372
29.03936
29.15144
29.81109
29.75968
29.60948
29.60805
29.44872
29.16583
28.42791
30.12289
29.63341
29.70184
29.64263
29.94034
29.14587
29.21175
29.74778
29.41822
29.74111
29.6559
29.51389
29.65641
29.766
28.48917
29.7892
30.105
29.76784
30.23348
29.46527
29.64044
29.42529
29.64077
29.47556
29.1466
28.92237
29.83537
30.03731
29.92785
30.0269
29.67552
29.40185
29.67061
29.49166
29.70555
29.114
29.42994
29.92482
29.79397
29.42068
29.76902
29.08853
29.10432
29.18964
30.05731
29.61676
29.35311
28.58048
30.18406
29.81226
29.72604
29.69169
29.61507
29.72214
29.11163
29.62776
29.09722
28.83898
29.31599
29.97354
29.69514
29.64042
29.30824
29.07301
29.65072
29.97697
29.82889
29.19728
29.01737
29.62258
29.87856
29.47206
29.40433
29.25873
28.87324
29.01347
29.68158
29.55482
29.4513
28.88809
29.38414
29.8357
29.61122
29.60317
29.56595
29.37778
29.03055
29.36948
29.59936
29.1601
29.4912
29.40324
29.29262
28.63176
27.94538
29.38611
29.2825
29.29555
29.51714
29.83903
29.19857
28.86734
28.83763
29.86889
29.59704
29.38035
29.81587
29.39688
29.5754
29.41921
29.10849
29.63391
29.30269
28.95075
29.52408
29.7542
29.62279
29.3488
29.09637
29.74669
29.65136
29.1359
29.04392
29.4553
29.71852
29.23901
29.54267
29.6498
29.47163
29.49121
29.63199
29.10723
29.35318
29.2106
28.18032
28.58205
29.54354
29.12621
29.51578
29.97676
29.60285
28.67042
29.86918
29.61888
30.10015
29.48226
28.86821
29.62442
29.69685
29.25223
29.70937
29.11685
29.64968
29.2065
29.68603
29.34668
29.66657
29.45754
28.78182
29.34022
29.77806
29.51829
29.66227
29.27338
29.32203
29.53476
29.07661
28.64101
29.71718
29.84141
29.25452
29.85244
29.17851
29.68258
29.44709
28.84514
29.03258
29.71682
29.69803
29.19301
29.47674
29.90287
29.51462
29.23391
29.47304
29.31195
28.69561
29.24354
29.6018
29.23681
29.2613
29.64138
29.33778
29.74628
29.54637
29.42715
28.53224
29.69492
29.80104
29.62268
29.72813
29.99832
29.45418
29.20034
29.49886
28.82666
29.47476
29.95399
29.77258
29.48464
29.74381
28.8127
29.3125
28.98117
29.72805
29.54868
29.64301
28.78401
29.79891
29.21238
29.61772
29.77885
29.56906
29.14512
29.75186
29.64546
29.4336
29.19007
28.81322
29.85572
29.76438
29.51597
29.38093
29.40187
29.18431
29.20451
29.60153
29.3308
29.2227
28.79811
29.72201
29.81827
29.70409
29.71171
29.30579
29.04219
29.60121
29.18108
28.60108
29.68347
29.64336
29.48058
29.51845
29.76785
29.6992
28.10433
28.36507
29.28459
29.9181
29.61905
29.45454
29.57957
29.95056
29.67191
29.33379
28.93229
29.67484
29.95093
29.57396
29.55589
29.74566
29.55692
29.56895
29.37596
29.25444
29.51232
28.66624
29.69345
29.82145
29.56953
29.90131
29.68478
28.64565
29.88202
29.83388
29.5899
29.47393
29.79064
29.90909
29.25337
28.91281
29.71274
29.64231
29.17934
29.85522
29.64583
29.33164
29.11264
29.72287
29.44791
29.4354
29.59154
29.0329
28.50186
29.34855
29.73348
29.63852
29.81911
28.2626
28.38204
29.60452
29.20182
29.30889
29.78601
29.4336
29.68858
29.01898
28.94423
29.97055
29.17981
30.01671
29.84081
29.91064
29.24317
28.8429
29.6829
29.45084
29.77101
28.91218
29.49677
28.8936
29.26934
29.68867
29.41393
29.5454
29.93659
29.86088
29.36797
29.76166
29.66426
29.6246
29.89124
29.40798
