53.36613
52.73069
54.36997
53.48067
53.22663
53.62314
53.2718
52.6697
53.12606
53.90178
53.21708
54.01358
54.23338
54.35168
53.53666
53.44217
52.47169
54.09546
53.57483
53.68687
54.00416
52.78415
54.52706
53.79136
53.76389
53.59431
53.65631
53.25134
54.08751
53.84467
53.2355
53.49636
53.78497
54.12872
53.97069
53.85562
52.61954
52.72929
53.5958
53.98918
54.20526
55.06747
54.21766
53.75089
53.82613
53.42453
52.46983
52.78704
53.8818
54.15607
53.59673
53.81486
52.64794
53.19746
53.72862
54.24545
54.77778
53.5934
53.37856
53.30061
53.02266
53.986
53.73543
53.65468
54.02203
53.99823
53.82947
53.59396
53.96461
54.10555
53.12177
53.64584
53.2474
53.98792
54.15496
53.88267
54.22808
53.62215
53.97184
53.22631
53.06376
53.77431
53.60045
53.02056
54.00682
52.76467
54.19287
52.55343
53.60379
54.26342
53.14899
53.35353
54.32164
54.20351
53.40921
53.53785
54.38103
53.37405
55.34764
52.92582
52.31298
53.89573
53.74669
54.15091
54.94112
54.12049
53.8098
53.6491
53.36146
52.40041
54.31507
53.80733
54.1144
53.21406
54.17401
53.80169
54.19506
54.98317
54.17868
52.68235
52.85821
52.71525
54.10963
54.09713
54.31322
54.38226
53.73761
53.65869
54.32779
54.00058
53.64734
54.75306
54.09267
53.52864
53.56407
53.80085
53.46008
54.13985
54.19235
52.9343
53.64819
53.07366
54.47868
55.24392
52.89762
52.94793
52.87228
54.77889
53.9051
54.88836
54.26503
52.97551
54.13788
53.88675
53.40115
52.89175
54.0993
53.98386
53.41904
54.26338
54.47226
53.61847
53.69818
54.23534
54.12365
53.55316
53.31274
53.4606
54.3047
53.90003
54.00148
54.04327
54.33511
53.95572
52.69893
53.70521
54.65717
53.36756
54.35734
54.72717
53.5798
53.44703
53.19655
53.60265
54.89544
53.81712
53.01058
54.05346
54.76236
54.06786
54.79419
53.70583
53.17324
53.157
54.63435
54.11979
54.21598
53.62875
54.35235
54.06316
53.94296
54.08814
53.13189
53.67878
53.54986
54.22089
54.65807
54.25346
54.31486
54.62738
54.40753
53.1469
54.27541
54.52863
54.06365
53.91854
54.42772
53.32566
53.7282
54.26083
54.37528
54.48089
54.21836
53.51771
54.25359
53.07577
54.53951
55.34351
53.60043
54.5933
54.33707
54.26334
54.50558
53.281
54.43711
54.65874
54.55933
54.01141
53.66303
54.242
54.18739
54.94115
54.85734
54.3747
54.09531
53.96219
53.86308
54.38068
53.62798
52.49927
55.00179
53.91553
53.16794
54.24062
55.06029
53.99538
54.44683
54.84745
54.40259
53.8573
53.04351
53.65271
53.75071
54.7878
54.41869
52.42392
54.35824
53.8026
54.56789
54.89703
53.73285
53.70328
53.79508
54.14063
54.54054
53.93373
54.21594
54.41568
54.20707
53.91494
55.00954
54.77015
54.30434
53.7969
54.51208
53.99302
52.94662
54.50394
54.21511
54.15508
54.91978
54.11714
53.98541
54.11383
53.99242
52.97596
54.29879
54.70729
54.44625
54.57162
55.17095
54.15941
52.89825
54.11188
54.11834
54.21579
55.00032
54.16953
53.15298
54.1146
54.13757
54.85245
54.55252
53.80739
52.74446
54.6143
54.61694
54.38502
54.51574
54.72225
52.87651
54.32772
54.28726
54.67949
53.96011
53.97585
53.40023
53.52702
53.46883
53.63335
54.07138
53.88075
54.92254
54.41153
54.15294
54.29883
53.83928
53.94571
54.21774
55.07788
53.94463
53.46779
55.07447
53.48998
54.97425
54.88211
53.69653
54.00209
54.14492
54.3097
55.21859
53.56559
54.51205
55.28988
54.21854
52.62418
54.60266
54.69916
54.72804
55.01813
54.18697
53.64055
53.95085
53.9323
53.24952
54.20621
54.44878
54.15539
54.70642
53.214
54.08262
54.42105
55.2979
55.56188
54.38096
53.93116
54.40419
53.46488
53.93922
54.04334
53.39281
53.99959
54.19519
54.45375
55.51389
54.45758
54.17449
53.5808
54.20124
53.23242
54.56297
54.28135
54.33957
54.42008
54.35892
54.65777
53.39399
53.56446
54.43713
54.43195
54.16927
53.80475
54.34599
53.8381
55.47616
55.25634
54.01983
54.918
50.95486
50.02564
53.56779
53.45423
54.19868
54.3755
54.75418
54.44251
54.36047
53.50822
52.88495
54.14734
54.38069
54.54379
53.24257
54.8358
53.9414
52.01387
53.06079
53.52555
54.76025
53.86239
54.51815
54.92229
54.93626
53.31764
53.3124
52.69356
54.18657
53.91676
54.12673
54.74586
54.24651
54.11082
54.62389
53.54922
54.5019
54.24773
54.5521
54.92515
54.33842
53.40655
54.41034
54.03169
54.44502
54.61826
54.49317
55.1737
55.01889
54.16293
54.48182
54.10876
54.91388
55.18254
54.15013
53.75092
53.71626
53.21858
54.86028
54.05722
55.02243
55.1782
54.37394
54.60279
54.74805
54.47529
54.17804
54.08102
54.57651
54.3596
53.03754
54.89577
53.51928
54.77956
54.60224
54.13778
54.48141
54.40855
53.56914
55.21235
55.03339
54.5479
55.04417
53.74506
53.54268
54.33816
54.97456
54.43417
55.19289
54.69552
54.49187
54.59039
53.19743
54.84119
54.16927
54.69946
55.32511
53.27111
54.46718
54.86584
54.20323
55.1622
54.34337
54.28516
52.82999
54.11818
54.74397
54.87537
55.7676
54.93842
54.65841
54.16467
54.11604
54.11829
55.2168
54.21562
54.5027
55.43809
54.83951
53.81173
54.21518
54.16303
53.80386
54.47929
54.28342
54.86342
55.00151
54.38057
53.9035
53.94425
54.4607
54.48426
54.77719
55.43007
54.04417
53.24211
54.46594
54.44741
54.63595
55.24126
54.92028
54.61042
54.62711
53.70414
53.5838
54.55221
54.2544
55.08941
54.06897
54.93509
53.9833
55.02668
53.57227
54.67126
54.30936
55.25357
55.08061
53.05713
54.02947
54.29342
54.50245
54.82017
55.11613
54.49466
53.98362
54.33697
53.70079
53.58785
55.14067
54.24934
53.66801
54.61571
54.93414
53.61953
54.53379
54.61142
54.98619
54.75568
52.85234
54.12848
54.82942
55.12259
55.16296
54.9287
54.59713
53.90678
53.77862
54.68245
55.10535
54.91607
55.3712
54.03787
52.92489
55.22902
52.3311
52.45232
55.34489
54.95701
53.41479
54.61291
53.71299
54.02805
54.23547
54.25435
53.64646
54.69874
54.40495
54.58681
54.69682
53.52209
54.87113
54.44527
54.45201
53.65257
54.39365
54.94216
54.12664
54.4766
54.02868
53.88907
53.2275
54.33302
53.88231
54.25672
54.40022
54.79666
54.03716
54.09103
54.55008
54.97274
54.59432
54.67387
54.95313
54.38245
54.20994
54.10559
54.16464
55.15871
54.30571
53.58606
54.66712
54.19261
55.31461
54.68529
55.19933
54.24001
54.14267
54.51771
53.21862
55.56261
54.89862
54.28053
55.82191
55.01502
53.2553
54.6846
55.09086
54.68271
54.82185
53.99463
54.57403
54.67595
55.16399
54.25327
54.46224
54.68777
55.00062
54.14369
54.7453
54.50932
54.19374
54.91774
55.0626
54.26749
55.28596
54.77649
53.89781
54.65272
54.29787
54.39287
54.09273
54.41478
55.43336
54.6963
53.42718
53.49541
54.69722
54.69935
55.6756
55.76845
54.47073
54.54356
54.62523
54.2692
54.71544
54.5179
55.42974
53.8467
54.31745
55.26951
54.33475
54.76514
54.76702
54.79272
54.16376
53.88512
53.41524
53.71161
55.41158
54.93711
54.68294
54.55521
54.74648
54.41834
55.20448
54.77683
54.34555
54.69337
53.43865
53.6078
54.72678
54.51478
54.39802
53.83014
54.40073
54.44386
54.14471
53.49907
54.54913
54.30482
54.41593
53.67468
55.36218
53.66735
54.77445
54.17269
53.51506
54.9096
53.94325
55.15834
54.44934
54.14657
53.33751
52.77889
52.89689
55.42604
54.44772
54.49942
54.11317
54.14148
53.47985
53.82044
53.95975
53.89474
53.78483
54.72738
54.45344
54.08609
54.82657
53.73845
54.46781
53.73325
54.57248
54.16591
54.41089
53.24208
54.38091
54.48627
54.43602
54.77234
53.98356
54.31101
54.49104
54.46253
54.48868
53.80073
53.37085
53.91466
54.51774
54.23808
53.66464
53.49944
54.80991
53.44058
54.0008
54.26151
53.73068
53.97205
54.06105
54.43524
54.54573
54.38564
54.31429
55.03557
54.10055
54.17196
53.65429
54.1085
53.7094
54.87231
54.22504
55.11395
53.94986
52.79608
54.71892
53.95459
54.42941
55.44367
55.26129
54.12411
54.63547
54.02166
53.85493
54.27326
53.9099
54.24826
54.46975
54.59914
54.24475
54.16475
53.82019
54.92176
54.7794
54.42619
54.14092
53.49273
54.29989
54.65442
54.7168
54.92461
54.23118
53.90462
54.26075
54.07164
54.36209
53.05646
53.21165
54.26945
53.97007
54.96246
54.3324
55.13943
54.55421
53.48492
53.6338
54.74495
53.9185
53.40986
54.29661
54.83593
54.34513
55.14981
54.70728
53.51588
53.24771
54.04961
53.94838
55.23127
53.87373
54.74633
53.72563
53.97694
53.51346
54.25801
53.89001
53.8854
55.47158
53.92448
53.74451
54.42604
53.6402
53.91743
54.19233
54.0473
55.09502
54.50373
54.68985
53.73712
54.55434
54.36152
53.58388
53.08609
54.55938
54.2855
54.60989
54.13062
55.20698
55.0707
53.52201
53.45562
55.12084
53.99623
54.54242
55.14521
54.77765
53.54405
54.14703
54.12003
53.65503
53.60709
54.56415
54.40707
54.99421
53.62749
53.1158
53.86376
53.97297
54.51073
54.47356
53.56083
53.67262
54.45382
54.27409
54.74228
54.48288
53.81025
54.63161
53.98504
54.78882
54.68583
54.04013
52.7072
53.91606
53.97578
54.49761
54.93208
54.30516
53.78922
55.36907
54.46267
55.12811
55.43501
54.7322
54.64934
53.94413
54.69341
54.10448
54.74714
54.25375
54.76047
54.00448
53.98594
55.22938
54.61628
54.95369
54.67034
53.58947
53.71244
55.31974
54.28341
54.69307
53.69337
52.78815
54.31731
54.47134
55.07475
55.12944
52.33763
51.38182
53.65883
53.69798
55.11554
55.5078
55.59878
53.63505
54.90957
54.31663
55.17732
53.55515
54.97745
54.99819
54.8429
55.5662
54.59972
54.26355
52.62339
54.46766
53.94075
54.30773
53.94026
55.12354
53.36447
54.85627
53.24188
55.63847
54.75787
55.33857
55.13272
55.13539
53.94262
54.63489
55.728
