-1.85024
-0.4079856
1.622372
0.1525058
0.8743456
-1.597228
-1.571031
-0.9375613
-0.2223999
1.0289
0.364045
-1.868796
1.771992
1.074995
-0.4579743
1.527252
-1.383848
-0.9015695
-0.3968045
1.505692
1.116664
-2.734507
0.4624076
2.662321
0.007094345
-0.3393513
2.147314
-1.316092
-2.111283
1.35549
2.601008
-0.3242595
0.555971
-0.6352753
0.3063884
2.217375
0.9172202
-1.266011
-1.459352
1.33992
2.10539
0.07327881
-1.559928
0.1995885
0.8785051
0.8625873
1.408809
0.524563
1.160495
-0.4718967
-0.3318144
0.09850631
-3.393687
0.6934327
0.9568106
-2.583712
0.5208461
-0.4386719
2.263044
0.4860819
0.2412378
-1.842156
-0.2024952
2.474781
0.8135111
-1.2361
0.3624681
1.322957
-0.7029866
0.5938278
-1.205255
-0.4310795
2.620525
1.392209
-1.687175
-2.2364
1.719665
3.123726
-2.568385
-1.483878
2.289759
1.643468
-2.494251
0.4123796
1.396747
-2.176333
-1.411882
1.760736
1.443639
-2.16555
-2.013161
-0.8935623
3.635267
1.252
-2.147995
-0.08448191
-1.10964
-0.3717559
2.537904
1.739458
-1.123581
-2.987323
0.4586353
3.639851
-0.9348594
-2.776916
-0.4866174
3.477678
-1.426121
-2.826076
-0.3915196
1.669112
0.591923
0.1000862
0.5839999
-0.2674971
-1.27055
-0.3543519
-0.8207198
2.132825
0.2052118
0.5531145
-0.6798226
1.360481
1.24589
2.362404
-2.962442
1.107995
2.849031
1.37544
-1.478681
0.05993845
-0.3240353
1.798328
-0.8173463
0.5805229
0.3752498
-2.08406
-1.426793
3.04801
0.6042201
-3.47292
-1.081331
2.45551
-2.801367
-1.975966
2.761422
0.2588701
-3.247042
-0.8181639
0.4444937
0.2247009
0.9002606
0.07803486
-0.5744339
-1.34621
0.170182
2.457655
-0.4655564
-0.6754795
0.5517486
2.164815
0.6280982
-0.04460223
-1.855093
0.03571822
2.635945
0.8215364
-0.7122757
-2.142241
-0.9599701
2.722696
1.45233
-2.95749
-0.8297142
-0.507746
2.921972
0.1547108
-3.898242
-0.04994102
3.120942
-1.87464
-0.7254744
-0.6102605
-1.767788
0.08161686
3.837121
-0.2272436
-1.495715
-2.298903
0.1125549
3.941095
-0.04776757
-1.073117
-0.277366
-0.7659859
-1.050327
-0.03622929
3.221339
-0.6750975
-1.119507
-0.8667634
-1.285514
-0.6809875
0.1672562
0.8238775
-2.081978
-1.018392
0.3012873
2.082957
-2.301205
-2.013461
4.454022
0.7698041
-3.108361
1.709317
3.862165
-0.8644815
-2.540841
1.991756
3.231257
0.7120498
-0.2053028
-1.779881
0.07872742
1.277865
2.637866
-1.938464
-1.687984
1.576282
2.821478
-0.225947
-1.594826
1.427711
1.583549
-0.8503466
-2.67763
1.543579
2.647765
-2.134455
-0.568979
0.4023137
1.236701
0.9026415
-0.6633656
-0.05983989
0.1565081
-0.1773483
0.91761
1.568239
-1.304357
-0.3989123
3.000112
-1.332248
-2.582977
2.598668
2.124918
-0.6538411
-0.3887529
0.6340538
2.222105
-0.1571598
-1.774334
-0.2765604
1.524762
2.75983
-2.162973
-1.156726
3.643161
-0.7100461
-3.321246
-0.19276
2.44667
0.6059222
-2.655347
-0.079761
-0.1957816
1.844101
-0.07255691
-1.956178
-0.7138529
2.548795
-0.3271609
-2.199254
-1.444822
-0.05771127
0.9645295
0.3657951
-0.4186476
-2.316232
-2.766889
2.193826
1.062842
-1.289707
-1.240602
-1.065377
0.8464037
0.8329915
-2.088798
1.782161
-0.1009641
-1.428532
-0.7909691
0.9985687
0.5689736
-0.469139
-3.29102
0.3996822
2.720128
0.272327
-2.069721
-0.6061869
-0.2299927
-1.096062
2.602425
0.1318027
-2.601174
-0.8787576
1.806896
0.7906146
-0.1548515
1.42281
0.5052614
1.664627
-0.3528797
-2.588209
1.647988
0.02106179
-1.360664
0.7819038
-0.115081
1.167434
-0.1071568
0.4410822
0.6851405
1.449136
0.6985407
-0.1039259
0.4513009
1.078638
-2.09043
-0.4608047
1.873406
-0.04032119
-3.294168
-1.718219
0.2378765
2.52374
0.2290006
0.4517143
-1.414689
-1.440346
1.029635
2.694499
-1.253448
-1.586948
2.230731
0.9537714
-2.195405
1.467556
2.577986
0.248582
-1.461956
3.248298
-0.1621405
0.4123019
1.860903
-2.548768
-1.197204
2.843038
1.167433
-2.077936
-0.3406521
0.0496207
1.435311
1.254581
-0.4727546
-2.243095
0.4250016
2.002968
-0.5330166
-1.932173
-0.7345648
0.4755535
0.7107235
-3.426556
-1.294948
3.607323
-0.6534988
-3.00401
-1.843272
1.74597
-1.588402
-0.7787519
0.767082
0.9126111
-0.1627391
-0.109929
-2.697384
0.2713934
2.356498
-1.152575
-2.382185
-1.111292
-1.872679
-0.5976586
1.990398
0.3573402
1.432586
-2.540006
-2.169636
3.298916
-0.4083053
-2.354831
0.5244315
-0.9324144
-0.5738334
1.176327
1.915203
-1.525284
-2.556264
-0.3931113
0.5920482
0.5789405
1.68209
0.7061217
0.1574317
0.398231
1.88694
1.015327
0.9854489
1.189557
1.452363
-0.8599654
1.656625
3.609051
-2.016479
-2.94615
2.506332
1.370884
-1.787074
-1.225137
-0.5923203
1.826218
-0.124679
-2.252388
0.6653011
0.6996687
1.034067
0.3335108
-1.00854
-0.6857494
2.889487
-0.3235359
-0.8828861
-2.426977
0.3278582
2.870577
-0.03693492
-2.706614
-0.9950694
0.8440798
1.11209
0.942814
-0.258979
-0.4767112
0.6884128
3.054538
0.2949402
-0.6169742
-1.93578
2.053419
2.142024
1.031014
0.1285208
-0.1932054
0.09324446
-1.194934
2.432833
0.7124548
-0.05105795
0.2287671
-1.079641
0.5960274
1.854485
0.0856329
-0.1141586
-1.370075
0.2713197
-0.480441
0.2623099
1.927538
0.04889019
-1.539926
1.479698
1.246615
0.4235616
-0.1477152
-1.066732
-1.503665
3.466204
-0.2300615
-2.936595
-2.616446
0.8503478
1.24757
-0.1106749
1.021358
-1.194303
-0.04117416
1.936554
-0.490876
1.029198
-0.8423271
-2.081691
0.008240897
2.83494
0.2335994
-2.178724
-0.4494335
-0.04124336
-0.8283593
1.09975
-1.928031
-0.695632
1.987422
0.7035063
-2.742351
-2.695358
-1.246615
2.690551
0.6237871
-3.75066
-1.36103
2.799525
0.4855687
-3.339378
-0.07458392
2.207073
0.3742729
-2.955768
-0.6879832
3.440736
0.4401738
-1.982617
-0.5500279
2.674229
0.5169396
0.2053367
-0.1827619
-0.3333253
-2.375873
1.192216
2.731119
-1.628213
-0.3764273
0.4414755
0.3812408
-0.1857242
0.1927611
0.3874984
-0.2857496
0.7881461
1.866287
-0.6974831
-2.054422
0.0674271
2.173272
2.172905
-2.541631
-1.426616
-0.03553237
0.9918448
0.5404087
1.098016
0.2201359
-0.3136669
1.244886
0.8842305
1.3999
-0.6454849
0.2512085
1.209069
1.625557
-1.55612
-1.961411
-1.250669
2.183625
0.16254
-1.311629
-0.6228039
1.266992
0.682906
1.529822
-1.008313
-0.5940773
2.138859
-0.4582657
-2.773416
0.6769332
1.362976
-1.780182
0.4657091
0.2413288
-2.177569
-1.320995
2.294745
-0.2664066
-1.546127
0.8969481
0.07430843
0.5539392
0.5793614
-0.5927157
0.5385514
2.199297
0.2745078
0.9930752
-2.964078
0.003320447
3.47044
-1.038726
-1.844451
-0.4012305
2.666484
1.784301
-0.8171279
-3.382885
-0.007794218
3.455133
0.1117559
-3.193417
-2.00401
1.719542
0.3794623
-1.618251
0.08651762
-0.6280088
1.768834
-0.8920271
-0.6865544
0.2429929
-0.07032736
-1.382009
0.09918716
1.406361
-0.4769482
-1.664031
-0.0007864601
-3.4838
1.279118
0.08574412
-0.2097755
0.3543462
-1.154586
-0.551495
0.1775995
1.104784
1.367182
-0.8427501
-0.7993655
0.2968735
-1.5431
0.6053572
1.960831
-0.5970974
-1.23096
-2.471256
-0.4823719
1.912177
0.03687569
-3.27263
-1.200335
1.255789
0.6733257
-0.6519561
-1.15554
-1.770785
0.3665374
3.937162
-1.77155
-2.151352
-0.3525815
-0.5803884
-0.1386573
1.086784
0.3217619
-0.6929079
2.444016
-1.263464
0.7534122
1.862505
-0.3947351
-0.8675807
-1.79342
-0.4796136
2.641876
-0.03923777
-2.840699
0.586511
-0.5961675
-0.2985627
0.5269024
-0.1647253
0.4208154
0.29754
-1.453026
-1.017037
1.653756
1.598989
-0.8153541
-2.75076
-0.3007637
2.970232
-1.669664
-2.649914
0.361209
0.2390885
-1.769146
1.381222
0.0810217
-1.37859
3.939017
0.4044591
-1.898806
-0.5610971
1.911826
1.487314
1.362785
0.4997581
-0.8330838
0.122585
2.181437
-0.3597324
0.3674586
0.7448665
2.228679
-2.654266
-3.013204
0.9143513
1.625774
-0.01991502
-1.526561
-0.3056446
1.315091
1.508328
-1.491896
-2.125618
-1.224404
2.563108
1.276556
-3.61029
-1.56165
2.116627
-0.02229527
-1.870606
0.1800641
1.742349
-0.7498533
-1.897461
-1.104555
0.9603263
0.979338
-1.319705
-1.199996
0.6108338
-0.8612963
-0.4870822
1.50446
-0.3819058
-1.145957
0.02851651
-0.1185115
1.094296
-0.4127067
-0.2908734
1.269651
2.323047
-3.636777
-1.04207
2.835383
0.9222725
-4.069944
-1.801562
2.790969
-0.6975858
-0.7388556
-0.2244553
0.3040498
-0.499475
-0.8229976
1.781016
-2.090316
-2.536511
2.369825
0.0252353
0.9976448
-0.4860871
-2.509906
0.8343144
3.563917
0.4424033
-4.133695
-0.5554087
1.799894
0.5825952
-1.853467
-1.294566
2.7118
0.822239
-1.585343
1.558184
0.8897212
-0.3387903
0.5209612
-0.5523699
0.3538581
1.646069
-1.762232
-0.5814953
1.355392
-0.8695155
0.7307137
0.9141647
-0.5818471
-2.307096
0.2251757
1.540276
-0.2680923
1.075742
0.4359025
-1.275197
-1.462416
1.016189
-0.2439574
-0.6839522
1.737065
-0.1539195
0.02418417
0.3193541
-0.03427847
1.943321
0.593337
-0.3106526
-1.635835
-0.5338792
2.96071
-0.6315681
-2.037389
1.185803
-0.335795
0.5059229
0.4813049
-3.049548
-0.6128764
0.07398923
0.248668
-0.6993382
-0.4789098
0.4967699
2.39212
-0.9709281
-0.0821299
1.828784
-0.3170362
-0.1046261
-0.9130976
-0.7450181
2.395755
1.516054
-1.817585
-0.4444301
3.381838
-0.6782609
-2.51759
2.501947
1.895448
-3.162259
-1.175488
3.522433
-0.6659797
-1.764757
0.7544425
1.229344
-0.6574018
-1.842891
-2.027626
-0.765681
1.863871
-1.700258
-2.238057
-0.1853834
1.154531
1.002302
-3.217484
0.1290614
2.413538
-0.7581664
-2.530734
1.155086
1.552877
-1.227061
0.3764672
1.141343
0.5812737
1.427601
0.3295631
-2.413665
0.7271155
1.713543
-1.039845
-0.9835247
1.226995
0.3393914
-0.4183378
-0.2594002
0.4793041
-0.0393987
0.7861285
-1.325323
-0.8669441
-0.02751073
0.4721207
0.2728327
-1.248843
-0.3132446
0.109801
-0.1733884
0.746945
-2.000983
-0.9487643
2.847557
-0.2937747
-2.821037
-2.170486
0.3269143
2.023965
-0.8324951
-0.3345178
-1.09002
-0.4884019
1.005308
0.5318689
0.197867
-1.176457
1.342158
-0.7782398
-3.84803
0.8750869
1.494262
-0.5266564
-1.740052
-2.190305
1.385933
0.05781617
0.9521925
1.178017
-0.5309393
0.3808099
1.221295
-2.415938
-0.3659171
2.863421
-0.7416608
-2.881796
-0.8511215
-1.165472
-0.9536695
-0.3778877
-1.148781
-2.269938
0.1539678
0.8613441
0.5630524
-0.3263265
-0.05547279
-1.013556
1.421831
-0.5324556
-1.666242
2.518841
0.2945127
-3.913447
-0.7044756
3.10254
-0.7396335
-3.217832
0.2684008
-0.3171171
-4.497156
0.4188803
2.093565
-1.613459
-2.364499
-2.614644
0.6685326
0.4098569
-1.231341
-0.08395137
0.9633868
