1.480726
2.100926
2.964709
4.551171
2.851674
3.174893
3.688251
3.88477
3.509846
4.650183
4.488511
1.688985
3.188346
5.489731
3.860214
2.399723
3.380903
4.143554
3.992309
1.525072
3.817506
5.979239
1.267417
1.580155
3.770575
4.09782
3.240221
2.980138
5.333556
4.579041
-1.171982
2.295617
6.06125
2.645459
0.5977997
2.058711
5.480494
3.076115
3.021899
3.521154
3.014468
4.799204
3.087658
2.438993
3.122619
3.917716
2.223081
2.541646
3.817359
3.085678
2.001394
4.993037
2.527638
2.612374
4.145373
3.688964
2.070888
2.849746
2.481934
5.83343
2.095044
0.4373723
3.526114
4.98319
3.775186
2.918734
3.501261
2.503242
4.214705
5.368676
3.383406
1.735823
2.915967
4.803762
4.512138
3.890258
4.142892
2.96576
4.86613
3.861604
2.258853
2.689306
6.002576
3.819557
1.187058
1.979594
3.424064
4.79329
1.751309
1.705507
4.339636
3.47827
3.56618
2.921546
3.133415
3.986769
4.215482
2.069838
2.819817
3.821264
4.014285
3.824346
3.68918
3.888224
1.764644
2.99968
2.952132
3.688425
5.359915
1.405606
1.951113
4.017482
3.914994
4.937399
1.789596
1.573921
3.80408
4.230457
2.764192
2.515662
2.67667
2.286725
5.005216
2.737692
0.8337244
1.547882
3.737219
3.511211
1.749731
3.511758
2.765769
4.433144
3.52386
1.783921
2.135471
6.091117
1.752697
1.973543
3.150519
6.074883
2.313465
1.211396
1.518503
5.453503
3.563875
0.9723719
1.739401
4.240229
2.670115
2.466438
3.629857
4.120317
2.966202
2.958077
3.559097
3.49023
3.107867
4.385992
3.301417
3.363547
2.403808
5.832921
3.946803
1.107542
3.231354
4.258644
4.94575
2.567214
3.767915
4.488348
2.806035
3.017904
4.013521
3.25649
3.57944
2.792403
2.444653
5.244321
3.585536
1.678815
2.294944
5.278233
3.919634
0.4870562
1.63939
4.987209
2.504616
3.813574
4.545305
4.04955
2.890839
4.573359
3.875868
3.728093
1.765937
4.152062
3.859512
3.327178
4.430728
2.452029
2.494411
2.708627
3.042065
3.558457
3.285133
1.800115
2.529571
3.946782
3.958895
1.951339
1.402471
3.045148
4.850766
2.857998
2.29551
3.102149
3.704381
3.780633
3.833302
4.20962
2.84602
3.006061
4.344114
3.423262
6.131253
1.668658
0.4266599
5.621421
4.129089
1.047081
2.010933
6.466117
3.014127
0.3038045
0.8118396
4.051046
3.765611
2.491685
3.110407
4.100421
3.127757
1.756892
3.327337
6.30447
3.501635
2.354854
2.279989
2.994182
4.092335
2.768352
4.320184
3.068475
1.989807
3.43696
3.061108
2.851014
2.503875
2.376267
2.485228
3.064723
4.799392
1.421766
2.143007
2.435008
4.604232
3.399854
1.184897
5.415003
2.508138
1.935275
3.033564
3.748126
4.127212
3.002399
2.373838
3.505014
6.280297
1.834456
0.5329132
3.518916
5.642394
2.77402
0.9551585
2.13269
2.39274
4.641298
3.669233
1.834446
2.281589
5.331006
1.781045
2.455558
2.612318
5.650333
4.249177
2.077474
3.203353
4.768434
3.418839
1.997152
3.364152
3.292779
2.009783
5.358725
5.392028
1.490717
2.21726
2.413954
4.940332
3.489023
1.72655
5.107501
3.63099
2.954133
2.829645
3.594307
5.34903
1.554032
4.026787
4.818939
3.294087
1.144537
2.836862
1.036703
4.892404
5.202681
2.543496
0.9220358
2.281756
4.52561
3.204311
0.6668003
4.288272
3.296089
1.296808
3.905499
5.539508
3.990597
0.9181625
3.485713
4.409431
3.123167
1.063298
4.063022
4.524216
3.796846
1.416415
2.265698
3.54064
3.502276
5.304398
4.258641
1.790509
1.711737
6.698594
2.73262
2.029973
4.483696
2.416014
2.107298
5.585411
3.856083
1.120945
3.232884
1.644764
3.713233
4.39933
1.601988
0.7460715
4.095049
5.988426
3.073706
1.844265
3.536035
4.906759
4.004514
2.791528
3.063414
3.791702
4.218732
3.15209
1.744157
6.617181
3.929613
-0.2261245
2.801916
4.748973
2.162837
3.374879
5.162961
2.824056
0.9513685
0.5378436
3.321475
4.750304
4.589021
1.174068
2.085728
3.699016
5.926965
1.941136
1.580221
4.330723
4.645324
4.410605
4.685529
4.502429
2.390656
7.44598
4.506091
1.252349
2.347837
4.048728
2.283792
3.568863
2.793406
1.322514
3.420687
3.648955
3.825009
1.952983
3.548585
3.622507
2.162039
3.45685
7.461537
2.027368
1.54516
3.203806
5.390506
2.747545
3.464671
2.532617
2.400659
5.766722
3.297521
1.585611
1.071063
5.001951
4.663821
0.490798
2.407834
5.632598
2.798
1.367114
2.908987
3.637114
5.497864
1.129827
2.327441
2.746069
5.533752
3.765809
2.75452
3.220291
1.21453
4.818212
4.518684
3.223463
1.867734
2.951486
4.764204
3.91837
3.750268
3.120873
2.878114
4.197674
3.041827
4.384129
1.956252
2.468872
3.69543
2.610911
5.564265
2.932174
1.746051
2.129009
3.669843
6.016529
1.34122
1.095499
4.260392
4.011546
2.654211
2.269558
2.899246
4.428153
3.304387
2.476605
4.536676
4.871389
2.967269
2.233922
3.076081
3.728224
2.437211
5.174911
4.701531
2.029017
1.295567
3.232864
4.714069
2.449034
3.166536
3.29502
3.610502
4.549277
2.169129
3.404012
5.951783
2.518291
2.386518
3.487547
3.372399
2.806854
6.509166
3.622289
0.8384039
1.770274
4.004783
5.461786
2.007052
1.241073
4.842351
5.304156
1.398317
0.8577089
2.833096
3.586884
4.634553
3.27494
2.301511
4.10936
3.254662
1.506842
3.889431
3.98334
1.520032
2.019285
4.152122
3.947574
3.04117
2.283266
2.119433
2.127341
5.683933
3.466406
1.45282
3.84733
2.653927
3.257119
2.770996
4.3634
2.40787
3.279376
2.598141
3.484213
4.04214
4.446918
4.416326
1.666203
2.932887
3.171523
5.514545
3.026337
0.3883067
3.626862
3.228744
2.991061
3.391553
2.904542
4.141343
2.760804
1.895238
3.044482
4.175663
4.483032
3.782027
0.6567975
1.741472
5.683765
3.290392
0.2811857
2.601859
3.616684
5.230484
2.081735
2.518226
4.027758
2.890639
3.281467
3.730553
1.981883
3.088254
5.032454
3.627836
2.748579
2.936059
4.686574
2.552935
2.175241
3.904362
4.843322
2.53932
3.197212
2.786844
2.251476
2.606985
3.43236
5.489997
3.751108
2.603129
3.265721
7.185124
1.410216
1.524416
2.314215
2.59152
3.738208
4.125903
2.962867
1.959592
2.232665
3.873729
3.502486
4.76727
3.052267
2.633786
4.94133
2.710625
2.52246
3.668156
3.609414
2.291709
2.506984
5.355107
2.815459
0.3615706
1.299428
4.128486
3.127609
2.986364
4.582036
1.853289
0.3867323
4.02469
5.23242
3.398538
3.127666
4.313221
3.344434
2.502493
4.271442
3.715399
3.789449
2.15285
4.315809
3.415826
4.766985
2.001286
0.9413788
3.502204
5.729715
0.8303957
0.6026034
2.283472
5.148996
3.073045
3.025727
2.333101
5.395278
4.261684
2.733858
3.974201
3.57107
3.898674
3.980053
5.219411
2.517032
1.503597
2.956987
2.448431
5.122579
1.753391
0.6739345
1.609811
3.656377
4.444707
3.43108
0.7096545
3.192039
2.512677
4.545761
2.88383
0.3350157
5.283474
3.599238
2.877126
1.505365
3.568162
4.213145
5.177761
2.973845
1.318243
4.868572
3.787095
3.314174
3.912714
2.509491
2.618988
4.100753
3.03452
2.809556
3.645528
4.186236
2.448589
-0.2361635
3.561229
3.458458
2.867068
2.642496
5.405356
1.592813
2.197676
3.409635
3.429528
3.89438
4.063701
2.618877
3.266896
2.908952
3.262448
3.115771
4.329012
4.102136
1.043591
1.439932
3.482
4.340908
1.387081
1.766088
6.809027
1.777796
0.1879623
0.8823915
4.333795
5.820186
1.386424
2.380504
1.745929
3.934126
2.125016
4.625412
3.020035
1.119727
2.954428
5.267357
2.578546
1.356285
5.559744
3.223664
2.235757
4.409764
3.760263
1.835309
3.130243
4.550936
1.58032
3.938505
4.875701
2.881649
1.607408
4.838739
3.582714
4.059669
2.082942
4.176659
4.842418
3.147624
1.926551
3.296653
4.127847
1.870763
4.122123
3.711559
1.566111
2.825901
4.080356
2.807702
2.404238
3.415697
7.645947
0.8622001
0.5646908
3.100021
3.190469
2.983092
3.93351
4.003004
3.769681
4.680327
1.41913
2.882164
3.709027
4.133189
2.69814
2.657586
3.769439
3.700338
2.047418
1.889117
3.642813
3.767631
2.943581
3.620113
4.808318
2.367935
2.400398
2.857816
4.008102
3.808867
3.283684
3.871435
4.64867
1.532548
3.567925
5.133372
1.036527
1.990369
4.08709
3.262463
2.868614
4.738993
1.942787
2.04035
5.759961
2.833984
1.201583
3.796619
3.113452
4.033975
4.852541
2.454765
1.869567
5.967763
5.017136
1.575575
2.922805
2.553943
2.610838
2.77699
6.397406
1.301276
0.2752953
3.175982
3.410209
2.398823
3.637065
3.947449
1.083761
3.382415
3.486791
2.693999
2.876924
6.150371
3.317828
2.014626
5.022706
3.603345
2.486123
2.441492
4.93153
3.782623
-0.4395856
0.7620583
4.471031
4.163078
1.440013
1.334977
3.862237
1.856781
3.514668
5.733902
0.9185494
1.764973
2.067526
3.283756
3.304741
1.932347
2.863983
4.384225
2.292361
1.852555
3.126469
3.327115
4.81505
4.312151
4.146102
2.5118
2.08782
4.502032
3.916714
3.019623
3.307817
3.880059
1.877433
2.758993
2.990975
4.451076
1.474488
0.9686123
5.316005
4.33523
1.184201
2.72716
3.619337
2.981665
2.098298
4.441479
2.793443
3.263927
3.931524
2.372723
4.688148
3.213668
2.08534
3.337983
4.851952
3.177509
2.345721
3.056382
3.059809
4.849607
3.75434
3.506473
3.916338
4.581293
2.351926
4.04147
3.002593
3.853735
4.150504
3.787309
2.018962
3.099175
3.813284
4.176894
2.394838
2.909128
2.760987
3.841502
3.479944
4.08354
3.66304
2.544549
3.270305
3.803729
3.000316
3.386516
4.839279
3.151161
1.888588
2.059436
3.889919
3.392717
3.57603
2.463672
4.119281
3.226951
2.08081
1.304645
0.9672661
2.922109
6.053502
2.93057
1.415974
1.388005
1.853621
5.07003
3.9972
1.766301
1.577909
4.343298
4.369411
2.20226
3.409236
1.273834
2.700969
2.982283
5.628268
0.5414671
0.563825
3.820795
3.994907
3.508918
2.172879
2.920449
6.681251
2.418037
0.8300479
