54.17178
52.58176
53.81672
53.57696
53.54642
53.81549
53.03669
53.86169
54.27513
53.82163
55.25525
54.13592
53.61621
53.30028
52.68902
52.34915
54.54682
52.99324
54.48172
54.05378
53.89886
52.81087
53.41645
53.50404
52.68389
51.78699
54.8406
54.00683
53.80013
53.4046
53.94785
53.02315
52.69609
53.79561
52.68859
53.77487
54.34421
54.82869
53.7203
52.45708
52.81071
53.94653
53.89599
53.71865
54.61721
53.00891
54.04116
53.38546
53.48755
54.64567
53.83833
51.99664
53.92542
54.01921
53.62855
53.72518
54.15651
54.17529
53.82335
53.98748
53.45193
53.37038
54.02404
53.6138
53.4326
53.42666
53.9231
54.00598
53.31391
53.96029
53.39874
53.25458
54.66529
53.81601
53.55717
54.01721
53.51431
53.67539
53.81272
53.65956
52.41602
53.26416
54.22053
52.70396
54.27932
53.42447
54.26194
53.84545
53.75763
53.64299
52.87635
53.68637
54.11744
53.63382
53.24473
54.01543
53.47857
54.62755
54.44476
54.62775
53.93001
53.53308
53.38395
53.63952
52.71343
54.0734
53.93048
53.57
54.21048
52.15624
53.97222
53.74422
53.82549
54.53025
53.48267
54.00383
53.88251
53.72107
53.54865
53.89672
53.7419
53.05168
53.13996
54.33055
52.95616
54.81094
53.13647
53.72497
54.37283
54.20317
53.77214
54.02179
53.21688
53.9692
53.30677
53.81047
53.53182
52.95266
53.68565
54.16805
53.92051
54.756
54.51469
53.90143
53.84422
53.11848
54.41362
53.67394
53.49852
52.80705
53.94583
53.51941
53.78259
55.8616
54.81999
53.78762
53.1501
53.85921
54.40826
54.00082
54.77828
54.18256
54.07859
53.17503
53.48836
54.60043
52.70664
52.29458
53.69863
53.92779
54.65058
54.17015
53.57103
53.66956
53.77044
53.77163
53.66155
52.74352
53.93504
54.34694
54.04421
54.13994
53.94749
52.55084
54.99739
53.47972
54.181
54.05225
52.82715
54.349
54.00719
53.99323
54.13529
54.32494
53.80919
53.64587
54.15584
54.01655
54.13121
54.0185
54.83576
53.31082
53.68047
53.5649
53.15067
54.35624
53.78699
54.54818
54.09987
52.98631
54.16061
53.84963
54.34437
54.0864
54.09066
53.36929
54.06283
53.80383
52.54744
54.08207
54.4912
53.50126
53.4771
54.72905
53.9233
53.86843
54.98366
54.20655
53.63288
53.41712
52.72222
53.75439
53.52862
54.52366
55.08054
54.36964
53.16637
53.17622
54.51126
54.09548
54.47069
53.7187
53.72395
53.95981
53.92752
54.66967
54.32982
54.35386
53.28841
54.33368
53.9768
53.62767
54.18224
54.06791
53.17632
54.29508
53.94136
54.34196
54.17735
53.45164
53.60941
54.9785
52.28664
53.98563
53.91117
55.24163
54.86125
54.25407
54.02039
53.31959
53.25596
54.95926
54.82459
54.38551
54.78962
54.20848
53.90374
54.42273
53.83744
54.76882
53.85227
54.38044
54.02071
54.17265
54.04502
52.99203
54.10965
54.07058
53.90389
54.21856
54.51502
54.16408
53.87537
54.24176
54.21197
54.05714
52.8628
54.77515
54.05687
54.47797
54.66155
53.10655
53.89119
54.94635
54.29722
54.54712
54.96608
53.99218
53.28788
53.39294
54.12
55.05367
53.92704
54.0794
53.94303
53.71886
54.08741
54.36779
54.35498
54.64441
53.88734
53.90625
53.96707
54.10975
54.09938
54.03572
53.73717
53.4974
54.06166
54.92496
54.30832
54.18917
53.19426
54.34836
53.69245
54.19352
53.74562
54.60983
54.36085
54.20921
54.88937
54.35213
53.76644
54.52007
54.10996
54.03621
54.19648
54.10117
54.30854
54.49112
54.81294
53.97015
54.7551
54.49081
54.24226
53.93485
53.21147
54.34956
54.17342
55.15682
54.82388
53.16774
53.38797
54.00748
52.89937
53.984
54.41952
53.98533
54.29686
54.01356
54.09016
52.59948
54.5646
53.46001
54.80201
54.96084
53.81457
54.22204
53.80289
53.94114
54.7794
53.95084
53.84305
54.42258
54.34406
53.29564
54.57128
53.07911
53.02854
54.04116
54.11382
54.62701
54.08394
54.0654
53.98449
54.65603
54.44805
53.06401
54.19172
54.30138
54.77371
54.69189
54.71346
53.28484
53.6217
54.96003
54.0371
54.6727
51.30546
51.23289
52.52951
53.931
55.08434
54.45789
54.24016
52.8201
55.00216
54.06392
53.35214
55.11636
54.53959
53.94682
53.90312
54.37254
54.43048
52.7117
52.24974
54.23357
54.58928
54.69702
55.03786
54.43366
54.48481
54.28853
52.85892
53.76306
53.98684
53.70047
54.23534
54.44511
54.32674
54.04728
54.32374
52.85833
54.12183
54.2749
54.34472
56.11393
53.74456
54.27962
54.65173
55.16921
55.24087
54.55552
54.736
53.16437
54.28163
54.91528
54.74039
54.94802
54.78457
53.90241
54.01286
55.42242
54.53744
54.25919
54.05388
54.68908
54.02531
53.56461
54.09568
54.69793
54.68766
54.75598
54.69836
53.38374
53.83773
54.19334
54.49463
54.37563
54.69293
54.19264
54.04474
54.66494
54.90306
54.77357
53.72526
54.35079
54.16381
53.38846
54.63551
54.21414
53.86577
54.64452
54.18634
55.08005
54.00819
55.20625
55.06106
53.65288
54.81867
54.76974
54.92132
53.83718
54.6737
55.04744
54.33072
55.68848
55.22434
52.28025
53.92507
55.29457
55.12971
54.7457
55.7304
53.63335
54.61287
54.76151
54.58414
53.72924
54.36824
54.13874
54.27317
53.9884
54.81918
55.29831
54.54229
53.85415
53.11159
54.69207
53.91725
54.34503
55.64023
55.39267
54.47008
54.30411
54.70698
55.23353
54.16452
54.67943
54.36184
54.76558
54.73778
53.42974
54.35326
54.91933
54.25341
55.15525
55.16278
54.61882
54.28083
53.37692
53.48015
54.49244
54.84086
54.77886
53.88729
53.01559
54.2542
55.08587
54.52908
54.814
54.85262
54.39146
54.37881
54.83931
54.3693
55.06096
53.58514
54.23759
54.40012
54.36362
54.32529
54.6248
53.66318
53.50983
54.91851
54.33472
55.09053
54.7819
54.00308
53.43655
54.72364
54.64852
54.51707
53.69709
54.9355
53.80547
54.92406
55.38537
54.77473
54.62447
55.14519
53.42212
54.58115
54.75189
54.75506
54.3643
54.74516
53.44839
54.01581
54.551
52.53561
53.15837
54.11761
54.77739
54.39201
55.34222
53.96998
54.16013
54.00206
54.38384
54.70999
54.4283
53.41918
53.67924
54.36116
53.66079
55.04688
54.39911
54.99726
54.20363
55.03684
54.24386
54.49245
55.41013
53.72848
53.74756
54.76521
54.00746
54.39035
54.04784
54.06918
54.43189
55.1428
53.87204
54.51791
54.79366
55.31665
54.47425
55.57298
54.49078
55.38403
54.41012
54.87047
54.36433
54.87269
53.62548
54.01783
55.14384
54.30032
54.95263
55.05239
54.31229
54.36447
54.32928
54.93174
54.07031
54.15911
54.15124
54.79025
55.21538
54.98256
53.94987
54.56008
54.94419
54.2896
54.48344
52.83409
55.1088
55.24571
54.68151
54.48482
55.16949
53.51589
54.57017
53.77809
54.94362
54.95095
54.41876
53.96083
54.00702
55.50334
55.37412
53.95993
54.11656
54.56863
55.05791
54.18323
54.58692
55.26331
53.90858
54.51949
54.1742
53.89448
55.21059
54.03725
53.07219
54.19806
55.44417
54.32113
55.33576
55.28518
54.23751
54.62606
54.52846
53.44499
54.74288
55.26109
54.33344
55.46788
55.1898
53.99042
54.65445
54.68754
54.37848
53.11601
55.11662
54.74231
55.03121
55.29577
54.19881
54.68058
54.16922
54.56427
55.21412
54.8738
53.36619
54.58085
54.67497
54.03055
54.21069
54.38222
54.17498
53.73416
55.48308
53.43646
54.58355
54.70013
55.43956
55.43015
53.87089
54.28708
53.94832
55.16941
54.59833
53.45177
53.16623
54.98048
54.70874
53.65456
53.97065
53.39183
54.54319
54.37755
53.99713
54.15487
55.35084
53.5799
54.79189
54.81657
54.64219
54.06336
53.35002
54.0083
54.90938
53.73135
53.7121
54.35914
53.9409
54.6952
54.08756
54.60721
54.40913
54.54787
55.14012
54.18157
53.85814
54.66132
54.15214
54.8925
54.67563
53.15749
53.35254
54.41735
54.34791
54.19723
54.50369
54.01566
54.67201
54.01783
52.40711
53.33312
54.36602
53.84502
53.74766
54.87682
54.11424
53.92143
54.61366
53.4275
53.64595
53.78368
54.29068
54.03855
54.07941
54.7579
54.21734
54.51359
53.6685
54.35333
54.0902
54.91488
55.17298
54.30395
54.01446
54.40523
54.39857
54.32523
54.09614
53.74945
54.46343
54.61033
54.11747
54.75939
53.29342
53.47502
54.03605
54.2364
54.68822
54.841
54.86991
53.40886
52.88304
54.55089
54.49807
54.54203
53.30912
54.78614
53.65349
54.90128
55.23749
53.92411
51.90545
53.61206
54.13705
54.67926
54.84636
54.30761
54.14658
54.71606
54.91392
54.11925
54.58947
53.86887
54.49457
53.46179
54.91211
53.4934
54.34445
53.91764
54.23701
54.8863
53.99706
53.89816
54.65247
53.99975
53.07875
55.56949
53.60816
54.36092
54.58532
54.42445
53.429
54.39478
54.72224
53.91822
54.51346
54.1596
54.86848
53.24146
54.33022
53.84404
54.32639
54.75185
54.75021
54.89679
54.30067
54.45975
53.685
54.26553
54.78925
54.26673
54.93514
54.96329
53.52711
53.90855
54.74332
54.96404
54.53427
54.12659
55.72114
54.25145
54.55797
55.30468
54.48698
52.65025
54.67702
55.56253
53.67677
55.18409
55.33155
52.40266
52.95353
54.01912
54.00126
54.10123
54.82191
54.6571
54.54817
54.44186
54.61769
53.90044
54.55952
54.22024
55.55996
54.40184
54.61249
54.18855
54.31477
54.55922
53.91658
54.23233
54.84947
54.97543
54.94396
54.71702
54.36098
54.9325
54.07461
53.94927
54.83996
54.04992
54.40044
54.98209
54.70181
54.65307
54.07983
53.08311
55.55183
55.00977
54.55801
55.06866
55.36686
53.9635
54.60408
54.39835
54.29513
54.22725
53.78577
54.13343
53.43504
54.03026
54.68878
54.91481
52.71373
52.30344
54.00753
55.10712
54.01416
55.12912
55.46206
54.94685
54.86429
54.07283
53.71111
54.92646
54.50501
54.23568
54.83131
55.03934
54.19157
53.9059
54.64307
55.09517
52.17521
54.38246
54.24171
54.62527
54.73825
55.13181
54.38617
54.75036
54.67091
54.7549
55.30542
55.05251
54.41976
54.25916
54.31866
