155.8741
158.4174
161.5012
161.9313
155.9749
155.6004
160.6676
162.3599
158.6119
159.345
162.415
161.6611
158.5397
158.7032
163.4874
162.5669
160.1651
162.9472
161.0835
161.2096
159.3212
158.6359
160.0984
163.9104
163.0045
159.0109
157.0329
159.2034
163.2523
164.6243
161.788
157.5657
158.1626
162.2544
164.0905
162.2837
161.189
162.9781
164.3815
162.9809
157.9265
161.7937
164.6882
165.2607
161.5926
160.961
160.564
159.0286
161.0007
160.8472
160.1419
155.4994
157.9137
161.9304
159.7139
158.3046
158.1909
158.8228
160.672
161.423
157.7579
161.3459
164.1733
163.9988
160.2467
161.6088
163.1432
161.5699
161.9287
159.5222
160.0558
156.7428
159.6373
161.952
161.8121
156.9875
156.0673
161.5544
163.001
162.5339
161.0064
158.9597
159.8348
162.1631
159.3619
159.6444
159.9172
163.3974
161.1895
162.1108
159.2295
161.5081
162.8396
163.2055
158.6083
160.5893
163.05
164.0123
160.0282
160.1736
162.6386
164.3104
162.2098
160.2945
161.438
159.6045
158.3987
160.7919
162.1946
160.5652
158.4256
155.7504
154.3125
160.8914
163.0484
161.1628
157.6669
157.2475
162.7444
158.9677
157.7025
160.2651
162.6182
159.9552
160.3416
161.7242
158.077
158.7761
164.943
163.8621
163.2367
162.5524
159.8061
159.3733
162.4039
165.0757
163.6818
160.7469
155.1608
157.1476
164.5145
164.9655
161.9035
158.3075
158.1484
161.5108
164.4023
163.4375
157.3534
159.2772
160.5113
164.4558
162.4653
160.4779
158.9866
160.8148
159.5462
158.888
160.152
162.1958
164.4882
164.7404
161.5798
163.5999
162.0818
164.3751
163.5654
162.8573
158.9325
158.4884
163.6824
164.4875
161.0063
159.8793
162.2475
162.5559
161.8715
160.6913
163.2512
162.1996
162.9515
164.1773
162.6709
162.4034
165.1573
160.3996
160.4844
163.1167
163.1057
163.537
160.8831
160.2227
162.9522
163.2503
162.952
161.8115
156.491
157.7787
162.4509
165.1582
161.8928
160.0332
160.9221
162.9875
162.8304
162.8497
163.7619
162.1917
162.3297
162.1485
163.4913
161.7765
157.2635
160.4742
162.9267
163.077
164.868
162.5989
159.6615
158.3394
159.484
161.7933
160.9545
163.2374
161.7891
160.0608
158.7803
160.3517
163.855
164.2076
162.8977
160.3539
157.2897
160.7679
160.8648
161.1889
164.3946
162.431
161.7551
160.8106
160.511
160.6104
161.5901
162.1316
164.6324
161.7217
160.1995
162.6382
162.6101
160.0213
159.5594
163.7432
162.5594
162.3161
162.3253
163.1041
162.4221
161.0918
159.4662
160.1134
163.778
164.3788
161.1784
161.1986
163.5106
165.6168
164.9694
163.9758
162.3961
159.8059
159.5621
163.9392
162.8544
161.5775
160.2394
158.4726
162.7545
163.8583
162.3596
160.8798
161.3967
160.9256
163.2011
164.6336
164.7283
162.5594
163.1422
163.0576
161.4904
163.2997
162.9522
166.2279
159.3396
163.0483
164.4649
161.4591
157.426
160.3726
163.0383
163.5878
160.7341
164.6728
164.1539
163.6809
158.8802
160.7251
163.634
166.4756
163.0323
160.9497
162.2848
162.9748
162.2335
164.5352
163.4363
161.3161
163.6338
164.5405
163.769
163.5414
163.0232
161.5512
162.0354
161.8276
162.0586
164.1746
164.7866
156.0725
159.6505
162.4693
160.4877
161.4698
162.7318
162.7475
164.4104
162.1195
159.4893
164.4764
165.0148
163.2214
156.9321
159.6419
163.3659
163.6006
161.8353
154.865
160.0045
163.8152
163.7572
162.6826
161.3359
159.744
160.8445
161.8491
162.6627
163.0012
163.1929
162.3702
160.4671
164.0612
160.4023
161.9713
165.5952
163.7965
157.4442
157.1019
160.8348
160.4076
159.371
157.491
162.2857
163.3914
163.6001
162.1794
161.785
162.3869
160.5955
161.1526
164.8295
164.5565
157.8224
159.6124
164.4761
163.4769
162.6422
164.1998
162.626
159.7252
159.0305
160.8706
162.9646
163.069
165.9021
163.5385
160.5986
164.5757
165.3781
164.3269
157.8707
161.7031
165.0824
165.1675
161.7129
161.3609
162.0913
164.2451
166.2376
164.0991
155.8451
147.9436
152.1722
158.3006
160.6392
158.3355
154.6612
159.6369
161.9242
162.0775
161.1181
159.6815
158.4841
161.4293
164.133
164.4509
163.0773
158.9182
155.8924
159.7812
162.9299
161.274
161.6387
162.978
161.9166
156.6695
158.4935
160.4966
160.3463
160.6129
160.1611
158.4473
158.3233
161.0336
163.5808
163.7222
162.839
162.1154
164.1461
162.961
160.3876
161.9383
165.2757
163.7393
161.7525
162.0924
164.2106
163.7946
161.0816
160.5314
160.8271
165.6857
166.9511
164.7691
161.3845
162.585
166.0616
164.2805
162.9875
162.729
163.9277
161.5724
162.941
164.5225
164.7564
161.0869
163.1196
164.9426
164.8395
162.7713
158.2287
157.6376
161.9314
162.1141
159.7126
162.0981
164.8789
164.2786
161.3663
158.1183
161.7464
164.099
159.4842
159.4982
161.7595
161.0561
158.5826
159.2084
157.759
158.4167
163.4827
163.8743
160.097
159.7689
162.1167
165.8084
165.1309
158.7659
158.7065
165.097
163.1399
161.641
158.5836
160.2822
164.247
164.265
163.0582
163.4335
165.4274
165.8613
164.5747
162.2688
164.8642
164.5568
162.6358
163.39
163.1666
158.0877
161.1329
163.8974
164.0799
160.3835
159.6228
158.3285
154.7879
161.6253
162.7791
161.8409
160.7061
158.8083
157.417
164.4283
164.223
162.22
156.0789
159.1877
167.0898
164.2838
163.4316
161.9843
163.4559
157.5639
158.7491
164.974
164.8238
161.991
159.8605
162.5025
159.5783
161.0264
162.6176
164.8003
165.5264
166.648
162.9439
160.747
161.1933
164.1851
158.65
159.0621
165.6279
165.1898
162.8765
159.728
161.3825
164.4516
162.2605
162.4878
164.5588
163.8572
162.6735
161.5641
161.7037
166.1877
165.269
161.8173
156.2789
159.4017
166.5073
162.072
161.1257
163.6644
165.3313
162.3758
157.2056
160.8296
164.4715
164.332
161.0239
157.2686
160.8429
165.9883
165.3865
161.515
157.2064
153.072
156.2488
160.0534
162.0955
161.1219
163.4796
160.4005
157.8988
161.5656
165.1358
164.2542
159.07
161.7736
165.706
165.3211
164.8026
160.9951
158.276
161.7089
163.1411
163.8093
158.5282
159.4273
162.5937
161.2393
163.3034
163.0227
161.5132
162.1976
160.5706
159.1431
162.109
157.6199
159.0678
163.9583
164.5696
161.4432
161.9709
163.1541
165.5194
163.3602
163.5533
165.7299
163.0231
160.066
158.5316
161.3348
164.0084
164.1774
163.5598
158.2372
157.6472
162.7475
164.7438
163.5957
160.8475
159.6397
162.7643
164.627
162.6507
158.2439
159.1203
165.7323
165.3974
162.0633
156.7715
159.3532
164.0027
166.5974
164.3999
160.6318
162.01
163.4879
163.0478
160.5672
159.6675
162.3177
162.981
164.7354
160.8496
161.9003
164.1953
163.2891
161.2555
157.3909
162.6782
165.8463
165.1479
163.1275
164.5216
165.6978
162.3789
159.8051
158.6039
162.3666
165.1001
164.4625
158.41
160.159
164.0603
163.4407
161.0292
164.8648
165.6628
164.7823
165.6127
163.4023
164.7835
165.6398
164.7654
162.9884
163.5883
164.6154
164.3036
160.267
163.3216
162.3389
160.5795
162.5555
165.9577
164.3817
164.4873
166.6445
162.1418
162.7972
160.0305
157.9457
163.5071
162.7181
164.5404
163.0362
160.259
155.8952
162.4291
165.9088
161.9242
163.5616
163.4494
162.7622
160.9081
159.9196
163.588
167.5666
165.1379
159.7295
158.7456
162.7999
162.8374
156.0359
155.7486
159.2729
161.4313
161.61
160.2884
160.7558
160.6465
159.1613
160.6941
164.3392
162.3419
158.2033
158.901
159.4725
159.2506
163.0675
162.4387
159.7649
163.4202
163.7934
163.0492
162.9837
161.2865
158.9418
163.0828
164.6186
162.6462
158.0055
160.5127
164.3484
162.3282
159.3782
159.361
161.2816
163.3269
162.7121
163.6214
159.4366
159.0137
161.1032
159.4881
154.6963
157.0035
162.4583
162.0254
156.0797
159.5932
163.7799
161.2533
161.1391
163.0681
165.0212
161.9379
159.0595
159.6522
161.6901
164.8664
165.4495
164.491
163.9449
163.8178
163.151
162.5594
164.2601
165.5383
160.5479
159.1931
163.6349
163.107
162.8591
163.0562
162.5948
161.0123
162.5957
160.719
160.8292
161.0067
164.4727
163.7645
165.024
163.7408
164.518
164.0202
161.1892
158.658
160.4505
163.9455
164.8714
163.1668
158.7384
159.6149
160.7773
162.2156
159.5008
156.4491
159.0948
163.2281
163.1067
162.6826
162.0083
160.1324
157.5826
156.8508
160.1656
163.0823
162.1792
159.9504
162.2687
159.7795
158.893
162.7501
162.5638
163.8062
160.0938
157.3394
161.434
165.0656
163.6395
160.7153
160.8902
160.4017
163.1652
164.6997
164.3159
160.0043
163.5296
164.4512
162.3825
158.9971
162.035
163.3347
163.0981
163.0882
165.2284
163.4261
161.9579
163.0321
160.8985
158.7602
160.4274
162.8349
159.7053
160.6358
161.7662
161.7534
160.8201
161.1572
161.3016
163.6805
164.6979
158.7729
159.616
164.2032
162.6709
158.796
160.7985
163.8974
164.4697
162.9768
160.4447
156.0892
154.3526
157.149
160.1597
164.7635
161.1324
156.3945
156.1814
162.5065
163.4341
160.9115
160.3861
163.1292
164.7068
164.2194
162.5193
160.3892
156.7533
159.5017
157.6379
158.3331
161.9741
161.4537
159.9107
162.0212
163.6497
160.5772
161.7524
161.694
164.154
162.1388
162.3716
162.5415
161.7705
163.2256
164.5937
162.3913
163.5084
164.6642
164.0664
163.3394
160.8481
161.2162
161.7144
163.0188
161.8091
164.6953
157.0491
156.5775
158.6408
162.1526
161.9665
162.6553
159.4483
150.6566
154.2454
162.2471
163.2966
162.809
164.0571
159.3462
160.0136
164.6666
163.7278
163.5042
161.1842
160.2
160.4247
161.6752
164.9011
159.6644
159.8016
159.6287
159.452
158.5882
160.8005
160.2347
158.3559
159.1599
162.3145
162.5313
162.3195
163.6505
162.0259
161.3586
164.2975
164.0433
164.5537
