700.2303
706.189
723.9684
732.0289
715.3971
711.0672
722.3527
725.5847
722.0977
721.0462
727.738
729.6296
723.8511
729.1462
724.5506
721.8345
722.5471
727.3345
731.1555
731.3647
716.3578
714.1901
722.5056
726.4308
721.6608
721.8015
727.4573
719.1712
723.9482
727.5643
717.5406
718.8758
721.0931
733.1337
727.2402
722.3085
723.3416
723.788
724.0968
722.4715
724.4376
731.6967
728.4542
729.4682
721.2854
714.446
717.7604
724.4774
728.9357
724.246
710.4963
705.5749
718.1494
725.5912
731.7261
731.3607
718.5843
717.2294
718.9951
722.9705
719.5382
719.5283
725.2709
734.133
730.068
724.5625
717.9008
713.9124
724.8241
725.704
723.7917
725.7433
727.1559
733.8417
730.1622
726.4221
722.17
719.425
721.9155
719.9432
716.7323
721.3744
728.4005
715.4947
708.0023
711.7419
723.9542
734.205
721.9356
714.145
713.2294
726.2133
733.1742
725.996
717.3779
723.0972
718.835
725.5123
730.4365
724.6913
721.1707
717.5421
725.677
723.2626
715.5416
717.5011
723.8369
726.4575
717.4747
720.7317
724.9196
720.1193
716.4399
715.7381
719.2
725.1371
723.1225
718.6439
722.7935
720.8634
721.4384
728.9094
726.7245
725.7881
713.8433
716.7951
724.1662
724.397
725.1369
722.4904
724.7723
730.2327
723.5192
718.8669
725.7061
727.5701
719.4648
716.0811
722.3715
722.8033
729.3708
728.4429
724.1821
723.5813
718.5394
724.1173
721.2379
724.9221
717.9382
717.6077
727.1189
719.1777
714.0901
719.2606
723.813
717.5251
715.0779
719.1252
723.655
724.0258
727.8154
732.2637
725.3666
712.9041
714.9229
721.2141
729.8193
727.3461
718.6162
716.0528
720.4323
731.2922
718.5916
718.5379
720.8268
725.5037
729.9368
722.2233
725.3461
727.8837
727.6072
718.9443
723.9369
722.1153
720.066
722.7855
723.8155
721.1683
721.205
722.1198
724.501
725.3492
719.911
721.0997
724.7337
726.189
724.8932
725.1433
729.9566
731.3367
719.8508
721.5376
721.8271
722.5502
722.4468
728.4623
723.2005
724.5338
720.5897
725.2549
725.3796
721.6448
720.2272
722.6609
726.8251
721.5137
724.3783
717.9673
714.9642
720.085
723.1987
726.5112
722.1677
722.3311
723.2981
723.676
724.1519
726.8375
720.4861
715.745
723.8712
723.045
723.3038
720.801
718.4347
727.8926
718.7492
716.6423
725.7456
729.119
728.4547
716.5776
718.882
726.1958
735.1275
724.1599
722.7338
721.3461
717.8276
726.1829
725.8116
726.7764
713.7034
718.5294
723.1232
731.8067
725.9515
718.6561
717.6305
725.419
727.9802
721.1672
720.0673
729.6232
732.8961
725.1862
716.7896
727.4359
725.7233
719.7593
724.7037
729.7733
731.9582
730.5661
720.765
715.7754
720.4745
722.7355
729.2411
724.2917
727.3123
719.0795
726.9415
733.0555
726.9808
725.9263
723.901
717.6517
715.3207
726.2516
732.2748
722.7631
720.8735
729.5412
728.4888
721.1034
717.9226
728.983
736.2827
723.81
718.6234
711.1102
725.5209
736.5333
732.5681
722.6528
725.639
725.501
715.3672
720.0894
728.1166
724.5612
721.5273
720.5927
722.7975
722.5219
727.1932
728.9478
728.3428
728.5357
722.7006
721.1638
727.1589
720.3032
723.9102
720.522
712.8666
704.0759
725.6847
729.9533
721.3087
715.6
721.8813
721.472
715.6826
719.6945
728.9142
731.5373
720.6985
723.7333
719.2307
719.4584
725.3814
726.285
725.8395
714.9992
720.4877
728.487
722.2371
728.2246
728.3141
725.977
718.8541
722.1609
725.3223
723.3332
725.2673
720.8017
725.7
728.8836
728.8638
728.3795
719.7859
692.4025
696.0911
723.4192
730.728
723.5825
722.4381
715.5385
720.953
725.7049
724.1854
724.4839
723.8951
720.4133
719.9511
719.5466
721.5843
721.1254
718.6946
727.8359
724.3904
717.6878
714.6855
726.0881
723.7905
722.0846
721.8553
718.8816
721.0743
723.8835
721.7618
718.3745
722.5648
726.7134
720.1786
714.467
722.392
733.5984
731.5797
719.6754
724.0765
727.2707
707.7862
720.4249
727.8776
734.4916
659.1451
640.6179
692.561
726.1027
727.3199
715.7217
708.5889
709.5212
720.4149
725.449
711.8139
709.4616
720.1609
724.0803
721.2543
724.1968
719.1388
699.9688
703.9293
719.8602
721.9676
719.6795
717.4425
718.407
713.3885
712.7181
697.9604
704.1975
712.6419
715.7209
724.2221
719.6984
719.8179
714.7667
714.6004
715.0166
726.0669
725.7399
720.6863
719.065
716.5936
720.7978
730.8082
724.1729
721.8944
723.1841
728.5552
716.5999
721.0306
723.9102
721.5974
723.7902
723.679
724.0507
727.1427
719.313
708.6743
714.0645
726.7774
720.5629
718.2944
717.8929
725.5371
716.6124
719.1883
723.465
723.9688
717.9464
717.5823
718.7734
715.1501
711.866
719.4764
716.5352
719.8266
722.4488
722.4785
721.2636
716.1448
714.2718
724.3527
730.3726
725.77
713.3981
710.0811
717.8867
724.7728
732.8653
717.2835
721.4631
722.8554
719.5832
719.0771
721.8024
718.2006
719.1909
729.4728
722.683
725.277
723.3696
724.4232
715.7062
718.4885
716.934
717.9608
723.0094
726.1022
724.5992
724.2529
724.7552
720.8636
717.9868
723.8515
714.0599
717.5883
726.0627
726.6653
722.3122
724.7059
721.8072
721.2067
722.3828
726.867
719.6918
717.3743
721.251
727.1332
727.8971
715.343
716.0509
723.4185
727.7737
717.821
728.452
722.764
717.716
722.5665
730.2018
724.8479
718.6509
720.9213
727.0167
717.3036
714.7657
722.4097
724.1343
725.9482
722.6003
716.2225
708.1013
723.8473
727.2637
720.9686
720.3774
717.544
723.7936
719.1074
714.2144
716.1859
719.4036
726.9073
715.6471
719.7083
717.9532
721.3995
715.5648
717.7375
712.8231
727.3115
726.9752
724.0894
713.6483
715.8929
719.5557
728.5405
727.0081
721.5544
716.0875
713.7693
728.5222
723.8381
718.2651
725.6309
719.3582
718.361
723.3746
724.5197
719.4576
723.7557
720.3921
716.5443
714.3965
726.6851
727.481
686.6658
675.8997
704.5461
721.4378
721.5779
721.7463
715.2042
697.7732
708.1233
717.121
714.3667
717.5859
718.6798
726.0134
718.4724
712.4468
723.2205
722.7459
720.4307
716.2144
723.6375
722.9207
717.8222
719.2228
715.9796
714.4371
715.0452
717.4714
717.0099
719.6479
713.4958
709.5156
727.3845
716.7634
723.1895
722.802
725.7044
717.6949
716.2991
721.2045
724.2411
718.0563
720.3433
722.66
722.8409
715.4785
714.9781
724.7589
724.7192
719.574
721.2644
715.2992
722.1739
727.5501
719.869
728.2374
728.9711
720.0664
723.592
721.4879
714.4263
719.2041
728.1355
723.6802
721.7924
722.3243
717.7408
722.8397
723.3015
720.7151
721.4987
727.032
726.0614
720.6589
716.2191
719.1992
721.4434
724.5118
723.7034
722.1791
722.522
719.9003
726.0083
722.5697
718.0801
723.8466
719.4123
720.9968
728.364
724.5477
716.949
714.3707
721.1456
729.1825
725.1264
722.4481
719.9011
722.1306
717.069
726.3658
729.5501
719.0656
717.6298
723.9075
717.9135
724.2817
727.8062
725.7312
721.717
722.6151
721.0861
720.7875
722.5184
717.1534
719.7101
726.7565
728.9146
720.3809
719.3928
715.3822
729.6788
733.8761
728.2731
719.9537
715.662
718.1007
728.4995
721.926
713.8155
710.5316
729.3545
728.0395
709.3907
705.8624
714.181
721.3118
720.3231
720.5803
721.6468
724.7336
722.3549
708.3437
717.1708
726.4
716.7513
717.4335
727.0907
725.0308
682.5739
692.7621
721.9446
729.5844
722.0002
715.0657
712.3287
717.2068
712.7677
711.488
714.8457
724.3499
716.1401
710.6657
716.6879
722.9937
718.3086
713.0991
720.2743
722.948
714.2683
711.003
719.2968
718.364
713.246
714.6315
724.9995
722.1701
718.7817
711.7304
716.0276
719.8088
711.2386
718.3172
720.4418
709.715
716.1711
723.2261
717.4869
717.5471
719.1611
685.9697
700.5551
723.0008
721.4924
715.4072
711.3127
710.6844
718.4639
727.588
723.9416
717.6132
709.081
721.6313
723.3079
716.3929
724.873
719.8134
721.2677
718.7542
721.8879
721.4282
722.5854
721.9773
718.0737
713.9301
720.0896
722.6786
721.9853
725.0452
716.8909
719.7984
721.1415
714.1998
705.6353
716.9249
724.8179
722.8304
715.9877
722.3022
719.6122
717.1183
707.2874
708.8831
729.4586
725.2278
711.3864
710.3906
727.8407
727.6206
717.5277
719.4167
715.7473
700.207
702.7633
719.0804
722.7867
722.8414
719.8369
718.3379
714.7336
717.0273
715.9132
712.2444
716.7733
722.8869
721.2735
724.8157
724.7836
726.3832
720.046
707.8247
714.3168
725.4559
728.2042
723.0051
715.4125
715.4273
723.304
709.6159
699.6485
713.8044
718.651
719.6936
708.4184
712.8128
718.233
714.4529
725.1809
721.676
708.5771
716.4175
719.4555
721.9372
717.5039
713.3839
719.7409
719.1312
715.8201
712.7288
720.9863
722.4303
722.3871
716.2869
721.1511
724.328
719.2651
717.1608
722.5381
725.8353
724.0691
726.581
716.7206
718.8497
724.8602
714.9696
709.8175
718.5078
724.4316
721.914
718.8662
720.2867
675.606
690.9404
712.3303
719.8147
715.7233
712.261
710.7494
716.1329
722.6817
719.2313
715.9448
722.579
718.8942
720.597
721.5352
714.0953
715.6536
720.0327
721.4775
720.2365
716.6923
714.6363
718.9893
725.1718
730.9215
728.5605
717.4742
713.1511
720.2401
723.9537
718.89
722.371
719.7857
725.4047
721.3813
714.2267
713.8038
723.0231
728.6168
724.3138
722.4107
720.451
718.5788
715.8453
719.195
715.9606
715.1183
696.5526
702.2597
718.6321
724.6851
718.4811
712.3258
675.3956
674.424
704.0308
724.3818
721.5246
715.2607
716.2189
714.3393
715.0054
722.3035
719.9716
714.0554
720.045
716.9405
721.8593
722.9135
710.2234
716.325
723.0648
722.6084
695.792
706.0536
710.2131
717.8214
715.72
718.5002
714.8055
722.1008
730.6465
719.1857
711.7315
715.254
730.5674
730.2346
725.3946
627.7159
633.7719
649.2256
656.8867
641.9509
639.0363
648.4147
651.394
648.0278
646.6343
653.2111
654.9046
649.5922
654.2743
650.0357
648.1973
648.2783
653.21
656.0307
655.9737
643.1473
640.9107
648.7656
652.0264
647.3819
648.1449
653.275
645.5378
649.6855
652.5909
643.967
644.8555
647.4316
657.781
653.3627
648.1315
649.5516
649.3175
649.5581
648.0869
650.3887
656.9263
653.6791
654.3553
647.8698
641.3574
644.1987
649.5908
654.1381
650.4809
638.146
633.2214
644.3013
651.7738
657.1725
656.489
645.0333
643.863
645.4923
649.2781
645.6581
645.8604
650.7119
659.06
655.5606
650.9112
644.6932
640.8538
650.5451
650.9595
648.8096
651.2985
652.4288
658.9329
655.1037
652.1025
647.6312
645.75
647.903
645.9375
643.2336
647.8022
654.3503
642.858
636.4167
639.2717
649.8763
659.8986
648.0798
640.9427
639.8249
651.7239
658.179
651.8758
644.5195
648.7361
644.8269
651.6515
656.0204
650.2486
647.3867
643.9231
651.6559
649.0743
642.4324
643.9907
649.7818
651.3525
644.1429
646.4932
650.4587
646.7695
643.4918
642.7443
645.4841
650.7066
649.265
645.0447
648.9227
646.9208
647.575
654.524
652.6339
651.4709
641.0909
642.8445
650.7307
650.4017
651.0122
649.0956
650.5349
654.7184
649.3137
645.6231
651.3826
653.2134
645.6502
642.3718
648.663
648.6609
654.8055
653.691
649.8651
649.2702
645.4412
649.8517
647.637
650.8447
644.2382
643.8193
652.8505
645.4432
641.233
645.3687
649.4235
643.9534
