102.1142
101.9124
100.7301
101.9677
103.3218
103.9794
100.9367
102.197
104.8813
103.9466
102.3449
103.8581
105.4174
105.7582
104.4855
102.5419
102.3046
104.1113
107.004
105.9177
102.3874
101.0442
101.8662
104.1708
103.7544
101.8563
102.0708
104.2694
104.4423
103.1896
101.5783
101.3935
104.4045
106.592
105.4733
101.4396
102.3061
104.5814
106.5276
106.622
103.6821
102.8407
104.4858
103.3754
103.8214
101.3556
101.823
103.9676
104.4857
104.1609
101.7308
100.7588
102.9012
104.2777
105.1398
103.7569
104.2731
104.3239
104.7475
104.949
104.6068
104.7378
105.1798
105.9564
106.2614
105.4837
102.9331
104.2056
106.2541
104.7056
103.1734
103.2978
106.2616
104.0574
102.4711
104.0048
105.767
104.9209
103.2561
101.7707
103.7834
105.9732
104.8508
103.8428
101.7074
102.1831
103.5808
104.9673
106.7726
105.1704
103.8317
104.5702
106.7373
105.4668
101.2147
101.2199
104.6368
104.3462
103.8789
103.5319
103.7351
103.4237
103.5348
102.0614
102.6215
102.8078
103.7287
103.7608
105.0889
103.549
102.8124
103.8351
104.9366
102.7089
101.3224
103.8873
105.4239
106.1447
104.1724
103.049
105.0767
105.0031
104.5643
102.9878
100.9735
101.4042
103.6303
105.7837
104.0807
103.331
105.1952
106.6396
105.6918
103.3283
103.0417
102.6797
102.4728
103.4178
104.7579
102.4626
101.2177
102.1659
103.3594
104.4616
104.1894
104.3238
105.1605
105.4114
104.3807
106.2883
104.9534
102.7055
100.5803
102.2222
104.7582
105.0043
101.9539
101.6442
103.3961
104.9214
105.6839
104.4813
104.9646
104.8925
103.7679
102.2309
102.1793
103.2694
103.6177
101.4244
102.033
102.5524
105.5588
105.3531
101.1058
102.1655
104.1984
106.5916
104.5155
102.5163
101.3804
103.2138
103.8638
103.4911
105.1103
106.1305
103.2739
104.1885
105.5418
107.2139
105.5589
102.267
103.1093
104.7181
107.4272
105.6264
105.0824
105.1514
104.2941
105.53
105.6439
104.9299
105.1828
105.11
103.116
103.1574
103.6746
106.2307
104.4241
105.4506
105.0339
103.7295
105.2809
105.8979
105.4917
104.3899
103.6456
103.9724
105.1701
102.4933
101.99
104.0842
104.8465
105.9115
102.7234
101.2903
101.8055
106.2414
105.4507
103.1006
102.2721
102.9623
104.205
104.8623
105.9368
104.891
104.6657
103.2614
104.127
104.7796
103.7759
103.3708
105.0857
106.5188
105.0934
104.163
104.997
106.3381
104.8364
104.5769
106.5586
105.8309
102.0485
103.6001
105.0109
106.8601
106.8913
103.8542
103.3379
103.7732
103.036
103.8112
103.533
103.5412
103.8219
102.8919
104.791
104.5068
104.6818
102.5697
102.9866
104.946
107.5074
106.2949
104.3064
105.1245
104.8673
102.832
103.1104
105.1488
105.591
103.2644
103.7355
104.5668
108.2663
106.2898
104.6932
105.3313
103.8542
103.8376
105.1901
107.0614
106.0879
104.0836
104.6951
106.9736
107.693
106.298
104.5885
105.8669
106.9637
104.1504
103.5139
104.7344
106.8958
104.6499
102.0583
103.3232
104.6294
103.371
104.7203
105.3973
106.1744
104.439
105.6334
105.9826
105.9425
106.1682
106.4389
106.7296
106.3184
105.1955
105.6807
105.4933
105.7135
105.1292
102.4502
100.5925
103.4498
106.6757
104.7193
104.4519
105.1177
104.9349
103.5015
103.877
105.3566
105.7641
104.2902
102.7995
103.3128
106.2005
105.0088
102.9135
104.0167
103.4067
102.3144
104.6433
104.9545
101.5635
100.5972
103.3722
105.7368
106.621
103.7835
102.6467
104.2787
105.3095
105.3312
105.6834
105.5047
105.5079
105.9514
103.8834
100.8672
102.8779
105.6674
106.4323
104.0965
103.737
103.666
103.8318
105.4531
106.1188
102.4602
104.062
105.2824
105.0358
105.2232
105.5126
105.9756
105.09
104.4852
102.8161
102.686
105.3551
107.583
104.7241
105.0198
107.1883
104.5825
102.825
104.816
104.9513
103.9884
104.1346
105.1985
106.5472
105.2431
104.7864
104.8245
103.754
101.7205
102.6318
103.7242
104.0927
106.0464
105.7773
100.5177
94.90034
97.58643
99.23512
102.7857
104.7802
103.1708
101.2875
104.0895
105.3038
102.7007
99.93383
101.3596
103.9463
105.7075
106.1726
105.4663
103.9481
101.891
103.2766
104.952
106.4443
106.6
105.3607
103.7767
103.2277
103.3191
103.6511
103.9073
100.5822
101.8002
103.5555
105.272
106.466
105.5547
104.7301
103.9461
105.4792
103.0087
102.057
104.4982
107.2724
105.5124
103.0882
104.2505
105.1915
104.2896
103.5473
102.2936
103.3361
105.3773
106.8456
104.4433
104.0862
105.5775
104.0636
101.5365
100.8773
103.5231
104.3336
106.3916
104.2904
102.9009
100.9571
102.1196
104.8701
107.1152
105.6399
101.9521
101.518
104.7054
103.9824
105.1511
104.0674
103.4774
104.4513
107.1257
107.4521
107.7791
104.922
104.0658
104.4047
105.0889
103.0501
102.0687
105.7649
105.584
104.7963
104.0654
104.3516
106.0586
106.5797
104.935
105.6674
105.3733
103.2557
101.8981
104.6889
107.7549
106.8896
104.3562
103.2101
103.9897
105.1094
104.5241
106.2648
106.6637
104.123
103.2143
105.3424
106.5855
105.0607
106.2501
104.0809
102.9083
104.3551
107.3134
104.9975
103.2722
103.2569
104.7167
104.1677
105.0646
107.1155
106.7365
106.2859
104.8997
105.801
106.1263
105.7989
104.4798
103.3644
104.7696
107.1396
107.2461
104.4614
103.8455
105.5891
106.275
106.3889
105.7414
106.2336
104.5499
103.588
103.4983
104.2564
106.6479
103.6976
102.5891
103.7345
104.8718
104.4314
104.3995
104.1478
103.3949
104.7765
106.1235
104.5813
102.6243
104.1842
106.5191
105.5321
104.2135
105.0171
105.9514
105.5969
105.9073
104.0739
102.3021
102.3594
105.129
106.9756
105.9717
100.9668
101.0806
102.9711
106.225
102.4351
100.1631
102.1423
102.6654
102.5934
104.9966
107.1998
103.5866
100.9542
102.6176
105.475
107.0194
104.7884
104.5743
104.7452
103.9508
102.8193
101.5018
101.5261
100.4783
102.5672
104.076
103.9555
104.8512
104.4161
102.8478
103.4003
102.0212
104.6309
106.441
105.6015
105.6343
104.2452
104.0034
105.3425
106.4036
104.89
104.363
104.8432
106.8279
106.7372
106.2716
102.3033
102.2918
103.9205
104.9335
103.9438
103.2807
103.9187
105.6988
105.4348
105.8464
102.7279
102.4846
104.6892
106.701
104.0332
102.8388
104.6406
105.0692
105.4773
106.1006
105.1555
104.1402
104.9163
104.2531
105.2456
105.6905
103.8997
104.7883
106.6149
106.5517
103.8568
103.3111
105.4267
107.3101
103.4252
102.5295
104.1476
106.3898
105.4671
102.9914
104.0534
106.4813
104.5461
104.0477
105.9475
107.4196
108.0193
105.4876
104.1613
103.3016
105.4468
106.3502
106.2295
103.2195
102.721
103.6363
104.2015
106.4115
106.1253
103.0496
102.4223
104.8121
106.7206
108.2618
105.9877
104.0647
106.2115
107.3319
106.5388
105.2377
105.606
106.871
105.1431
104.2636
105.926
107.9062
106.5951
104.8304
102.9992
104.8419
105.3585
106.0824
106.9705
105.9634
104.4481
105.9691
105.7107
105.6077
104.8042
104.2601
102.8057
104.5765
105.0981
105.8808
103.1781
101.373
103.3131
104.97
104.5624
105.1234
102.0705
104.0096
105.3452
106.3021
105.6663
105.4993
106.948
105.6923
104.1865
104.3548
103.8114
104.36
104.8293
105.7692
105.9997
105.165
103.2353
104.8201
106.4442
107.3058
105.4185
103.9205
104.7016
104.3655
101.7692
101.3827
101.6084
104.2257
103.8779
103.5915
103.785
103.7433
102.153
103.8573
106.059
105.4939
102.7679
101.7507
103.3215
105.2477
104.4541
104.0696
103.9968
102.8053
102.291
103.255
105.3539
104.9234
102.6109
103.4095
104.1671
104.0314
103.8656
102.3956
102.5156
103.6874
105.8588
104.3372
100.2897
102.9647
103.815
104.7109
103.9949
100.514
97.77724
99.07497
102.1206
105.1016
104.3488
102.8012
102.3542
102.5139
103.3154
105.6877
106.0171
104.6184
102.8062
104.7327
107.5973
106.9105
104.983
104.229
106.186
105.6633
107.3966
103.8927
104.1314
105.3811
105.1827
104.3791
103.5212
103.4317
105.0872
105.0702
105.1128
104.4792
101.9651
100.3215
102.1823
102.7084
104.8777
102.3974
103.1114
104.5676
104.6174
102.7532
103.1601
105.4985
106.098
106.662
106.2906
104.229
104.7745
104.8165
103.9026
104.0577
103.6098
101.8825
102.5185
104.5749
106.0364
103.7007
104.4008
104.5164
104.1822
105.1737
103.5261
100.655
102.7402
105.7965
105.0367
103.5223
103.1868
104.8052
105.228
105.0796
106.0984
104.9933
105.4506
105.9054
105.4969
104.7792
102.5554
102.0244
103.8663
105.0667
106.2444
105.7656
101.1251
100.8659
104.7869
105.0097
103.4738
102.5365
105.4444
105.3385
101.698
103.8908
104.7327
103.5924
104.2504
105.0498
105.6514
105.0222
104.9642
103.3451
102.4698
104.2238
106.3462
103.9147
103.8536
103.9832
106.993
107.7271
105.9836
104.0853
104.071
104.8705
105.0584
106.1686
104.5872
103.8632
106.221
105.92
103.5463
97.08961
99.49293
102.8317
102.7573
100.1879
101.0618
102.5562
100.4157
100.9329
101.0956
104.2463
105.2808
102.0623
102.5968
104.7243
105.5511
106.1444
104.5364
104.123
105.753
105.4904
101.7763
100.9761
103.9354
105.9095
106.361
103.2016
102.4734
103.1739
104.3129
105.3278
105.3048
104.5916
104.0025
104.6262
105.118
105.1799
104.4568
102.6091
103.6925
104.8841
107.144
103.9121
103.0573
104.0582
105.4342
105.205
102.7534
102.1778
104.1409
104.076
104.1362
103.9276
100.3934
99.17234
101.678
100.516
100.1303
102.5153
103.0484
104.7428
105.655
105.1191
105.0782
105.8295
104.8055
102.3595
101.6347
103.739
105.8304
102.8665
104.7541
106.3747
104.1352
102.2924
103.4779
105.8128
104.8043
104.8593
105.2952
103.5533
103.4171
104.4583
105.2164
104.0815
104.5405
105.2026
106.1814
