0.8834832
2.67246
2.395111
2.72666
4.487976
2.208544
3.169869
4.917361
2.661496
1.944865
5.459095
3.491672
0.4179411
3.388227
5.875935
2.787672
1.37184
1.841181
3.087868
3.014655
3.627978
4.683206
4.167497
1.365776
2.476359
4.122851
5.295835
3.556852
3.849646
3.008203
4.283808
3.723499
3.719114
3.565449
3.553813
3.515283
4.636884
3.340249
3.173961
1.940755
3.316628
4.493291
2.911974
1.988961
1.90474
4.488639
4.0624
3.082803
3.353104
4.072134
3.134976
2.687139
5.841893
3.014165
1.306541
3.788305
3.863354
2.902449
4.725668
4.059649
1.953206
4.714383
3.862372
3.16744
3.943127
3.324337
4.592808
3.487787
0.9089648
4.927592
3.934675
0.1773036
2.585607
4.698022
4.329511
1.299657
0.796751
4.609941
4.290179
2.402623
2.21361
2.490845
4.898177
3.095494
0.6304568
2.70577
6.321227
1.716001
0.60369
1.326475
2.75833
6.060713
2.876011
1.28524
3.706144
3.67675
3.822681
4.144271
3.564338
3.111021
4.412742
4.150466
1.670903
2.563073
5.676668
4.108163
1.571501
3.492046
3.968032
3.608976
2.23913
4.485612
3.620315
2.504741
3.124296
5.001582
2.471734
2.35061
2.573755
3.851215
3.177179
2.745704
3.973099
3.959401
2.121307
2.372954
2.704198
5.304538
4.213592
0.8056616
2.199632
4.646281
3.041698
2.228716
4.068755
4.055032
3.279794
1.41352
3.576772
2.349451
4.658284
4.635033
2.765986
2.722883
4.010088
4.948594
2.19113
1.823699
4.533849
3.379727
4.457565
4.937806
2.16148
3.035802
3.434786
4.099619
2.46747
2.229392
3.545617
3.722176
2.573398
2.816994
4.428019
2.911377
1.959002
3.868117
5.793881
2.094603
2.568063
3.75979
3.517463
4.096992
2.714229
3.836928
4.335601
4.526632
1.990422
1.379523
3.260319
5.354734
4.074171
-0.2299939
0.6247192
3.212993
5.343903
3.214814
1.522181
4.189803
3.363618
3.561325
3.016715
3.586072
2.995434
2.944021
2.8562
4.660874
2.090111
3.16433
3.863789
4.884932
2.104771
2.809232
1.582907
3.317637
6.23591
1.258032
2.461627
2.205575
4.375984
5.531271
2.892347
2.322512
3.892373
3.291195
3.662488
3.475885
2.346689
3.322273
4.478784
2.186807
2.66141
3.346026
4.806379
3.121656
1.349825
2.080601
2.956182
5.876489
2.964077
0.8899035
3.371427
4.929218
2.845933
2.154749
3.493762
3.972611
1.461843
3.840367
3.974909
2.418821
5.581185
4.221828
3.018559
1.578489
4.577453
4.655572
2.845073
1.531796
2.790878
5.11896
4.829105
4.097389
1.338251
3.155133
4.227495
2.486388
3.925179
5.647326
2.454702
0.2182178
3.623175
3.969145
3.682678
3.92717
4.484692
4.571211
0.8629568
3.393879
5.194568
3.344778
0.460213
2.415707
5.349913
3.543442
1.062301
1.318244
3.658592
3.920653
2.073494
2.199173
4.153334
3.666222
2.78956
1.306111
3.366247
3.851049
2.893164
1.879079
3.557993
4.281388
4.987458
2.726276
2.025176
4.128041
3.250294
4.124117
4.140466
4.565388
3.686039
2.226039
3.646344
5.844131
1.699722
1.539375
2.72561
3.66489
4.417569
3.854254
2.636048
3.747238
3.343387
2.221543
1.886323
5.447613
3.391521
0.8719587
1.347098
2.802836
4.041056
2.739351
1.928824
4.588256
4.244233
2.264461
1.253187
2.905152
6.201628
2.566262
3.560323
1.386111
2.186064
1.413916
3.946333
3.965778
1.092192
2.291872
3.470487
5.406379
1.733008
2.617739
2.144436
3.235593
6.244865
2.940797
0.2954748
2.705186
4.366708
4.894804
2.825629
1.709878
6.248404
2.77178
1.581619
2.525559
2.499321
4.594876
4.610495
2.75493
2.115458
1.979114
5.630056
4.993999
0.8120472
2.828647
3.502996
5.346863
2.762177
2.835156
3.15999
1.962314
4.853217
2.658026
4.183066
5.013648
3.123136
3.181817
2.439435
5.69879
2.616912
2.602268
2.359897
5.544709
4.30418
1.938898
-0.6577891
4.809633
5.020465
2.921796
3.001588
3.675027
3.677006
2.67141
3.533018
4.925261
4.060505
1.9869
1.775716
2.265332
5.423448
2.986063
3.920907
3.156134
3.118157
4.715678
1.581493
3.426904
3.499547
4.557302
4.864661
2.307429
0.5400405
4.031425
3.208436
1.535217
2.419222
2.496426
4.412237
4.951806
2.829204
2.873123
2.835268
4.42801
4.7169
3.125403
2.796742
4.67244
4.082141
2.762148
1.3363
2.073863
3.166906
5.623637
1.848012
1.098906
5.469484
3.526136
0.7435092
2.082398
5.215507
3.157732
0.8943816
1.853866
3.379393
5.15829
3.042084
4.127618
4.391504
2.130043
3.596776
3.51314
5.099469
3.072872
1.241209
3.736391
4.408609
3.31708
2.80572
5.544405
5.43012
1.784271
3.968085
4.296047
4.58711
2.759667
3.076617
3.942977
5.185772
1.203143
1.331279
3.693447
3.042239
2.927996
5.431856
2.725695
1.543585
2.244514
2.506424
5.013446
3.750273
0.6853868
2.877848
3.064979
3.756882
4.614713
2.298985
1.521982
2.401191
3.502982
3.28536
3.7839
4.247965
2.767399
1.092689
2.705941
6.742022
3.546192
0.6155024
1.129328
4.001382
4.960422
1.632688
2.441223
3.873595
4.404538
1.794473
3.03232
2.015124
4.651855
6.954817
2.623665
1.626713
3.377512
3.46189
5.247086
3.486212
2.072527
4.778001
4.148994
2.366098
3.408913
4.250507
3.701299
3.150244
3.783332
2.690717
2.822859
5.230802
3.108649
0.364276
2.468788
5.456472
1.324819
2.463268
4.124363
6.362221
0.8095331
1.283565
3.479573
4.160452
4.003895
4.367971
3.25575
3.172261
2.479235
5.174059
3.703815
2.642685
2.660127
0.8404031
5.293612
4.710028
1.752608
1.587331
1.56345
5.846554
3.050853
2.521111
2.120311
3.96508
4.852479
1.382777
2.852681
3.093584
3.139731
2.578188
3.356499
4.511255
3.246458
1.855046
2.331673
3.304168
2.433572
1.632044
5.333721
2.630565
1.816023
3.412609
5.211627
4.24446
0.511777
2.765106
4.469622
4.62267
2.958521
2.58269
4.340209
2.492565
3.391941
5.269104
3.222814
3.310903
2.149461
2.89903
5.255179
2.565634
1.83282
2.524581
3.960084
3.403249
3.124191
4.198542
3.888223
3.887128
2.247509
1.241386
4.291435
3.409269
0.8014436
0.7841997
4.090797
2.95189
4.382703
2.309865
1.00388
3.825365
2.927052
2.552817
0.7676959
6.76247
2.237137
2.885315
2.770388
2.084258
6.07957
3.13199
0.3918274
5.935155
3.509248
2.716444
3.431273
4.673585
3.011862
5.350008
2.106196
3.127815
5.561691
2.438756
3.828156
3.268304
3.538218
2.557286
4.931993
5.277783
1.996804
1.303194
3.198154
3.269026
5.275472
3.471539
1.149891
3.493086
2.183082
2.381377
3.942482
3.840075
0.3283456
2.629585
3.784627
2.960047
2.88916
2.405457
4.151641
3.085427
2.739617
4.45969
3.22051
2.060047
3.590865
1.276978
3.670138
5.070025
2.715621
1.404334
2.604584
5.712198
1.642248
2.286868
2.944919
3.511971
3.107971
5.278888
3.685439
0.8454131
0.02715512
3.313281
5.225114
4.273539
0.3343474
1.204174
2.925397
4.883111
4.641191
1.144772
3.652221
4.346706
5.502417
3.628931
0.8615916
4.884333
6.261309
4.161745
-0.7120638
1.39421
5.708273
4.409883
1.555885
3.362772
2.73777
5.308519
3.001038
2.615402
2.77493
4.431049
6.318592
3.003865
1.894265
2.153186
4.647497
4.483101
1.490834
2.539359
3.571215
5.508017
2.348248
2.068784
5.165241
3.3076
1.182529
5.244427
6.121583
1.759608
1.109598
3.814992
4.401094
3.462959
2.554758
5.597276
3.632419
1.661294
2.313961
4.580267
4.20603
2.86863
2.968852
1.608372
3.825305
6.377494
1.853586
2.495016
2.167145
4.657301
1.631711
5.287421
5.164448
1.844991
0.3975574
2.68022
4.019946
5.278842
2.211401
0.916685
2.618488
4.584211
3.078615
0.9819212
2.736191
5.237392
1.437577
2.000371
3.493824
2.212439
2.807406
4.194176
2.995884
4.006024
2.569934
2.541952
2.712977
2.648098
5.030869
3.188616
2.747562
2.953227
5.095047
3.795806
1.573512
4.357687
4.291453
2.460518
4.825145
3.328651
1.914742
1.514077
5.338387
3.064601
2.393453
2.308051
2.160275
3.87268
4.968351
2.760146
2.433604
-0.01847161
2.302739
7.793975
2.830904
-0.05707408
2.411202
4.131772
3.103298
3.079521
4.854712
3.558655
2.029744
2.406664
2.281499
3.758663
5.256721
1.358655
1.483811
2.561988
3.44737
2.990204
4.585506
1.235218
1.136161
4.155844
4.16224
1.025351
0.9592997
2.803615
4.038761
4.190116
2.906903
2.542809
3.924867
2.59174
3.125531
4.801557
3.466399
2.633345
2.898453
3.659092
4.368599
5.395644
1.958405
2.711114
3.948255
2.797364
3.615808
4.999889
1.781017
1.94943
3.802416
4.387079
3.657959
3.932857
2.486684
5.944871
3.110933
3.787939
2.822219
5.663336
3.321681
1.937114
3.251145
5.118462
3.100423
1.88633
5.939605
1.744335
2.638809
3.019631
3.613096
2.719432
2.042078
3.745102
3.120927
1.968363
5.202011
2.730002
3.621985
2.925252
1.850515
2.608409
4.371911
3.658806
2.599031
0.9098649
3.130437
2.902243
3.325701
2.372751
3.001057
5.115479
4.063518
1.947811
2.070055
3.551603
3.443046
4.28462
2.386902
1.982895
4.094116
2.035351
2.498081
5.25637
4.07093
1.911675
2.019353
4.777202
4.336551
2.185406
2.077971
5.267001
3.451654
0.5170788
3.002856
1.915757
3.383319
6.283638
2.785334
0.933338
1.690252
2.607098
3.305648
3.584289
4.065492
2.411931
3.400285
3.061375
2.594196
4.153286
2.748697
2.383579
2.803837
5.772926
3.243307
0.2440757
3.194207
2.976093
4.5481
3.634928
1.505833
3.392568
2.954966
3.892174
3.629929
2.231001
2.603117
5.428373
4.696778
0.8097394
2.045254
2.29819
2.529621
7.350727
3.687639
-0.5431265
3.750827
5.979611
2.830963
0.5474519
2.118706
5.786189
5.857718
-0.5483205
2.786124
5.225296
1.588668
-0.06826984
2.85945
3.938659
3.806818
2.152413
3.705791
2.412504
5.358206
3.925593
2.242715
3.465664
6.788813
1.520885
1.943962
2.786504
4.689872
2.41766
2.644425
3.219876
4.252337
2.28362
3.464517
4.232268
3.882387
2.89891
2.502867
2.738431
2.616448
4.174328
4.10517
