1.670964
2.737195
4.463374
3.09445
3.871082
2.012354
2.657609
3.373276
3.282868
3.949353
3.040946
1.147719
4.708455
4.029994
2.723957
4.391498
2.526552
3.39864
3.129162
4.487182
3.75666
0.3680266
3.359871
5.396649
3.084834
2.635575
5.087204
2.678033
1.694779
4.606967
5.275552
2.455741
3.389034
2.51975
3.525692
5.207917
3.68175
1.970405
2.966641
4.670475
5.063572
2.690123
1.316388
2.94839
3.957915
3.811287
4.35669
3.479213
4.158997
2.934296
3.434339
4.260742
0.7066895
3.78256
3.764086
0.5150687
3.570386
2.742383
4.982478
3.270725
3.08533
2.168162
3.404996
5.357373
3.628795
1.928858
3.399031
4.124129
2.477011
3.670311
3.02493
3.159763
5.373394
3.891614
1.001886
0.7508312
4.731001
5.901411
1.182541
2.340596
5.123252
4.474033
1.105183
3.327579
4.14628
1.931162
2.023515
4.490653
4.336206
0.751824
1.940185
2.459361
6.26972
3.83468
0.7096992
2.883242
2.889747
3.292837
5.383265
4.404164
1.663274
1.096448
3.860693
6.462641
2.153435
1.065038
2.882775
6.123781
2.022533
0.911418
3.346866
4.797171
3.508058
3.001679
3.293103
3.098621
2.387221
3.632036
2.826334
4.859884
2.854376
3.180848
2.005217
4.11504
4.004545
5.028457
1.341711
4.532571
5.510327
3.980459
1.344589
2.998209
2.839194
4.820941
3.02027
3.386934
3.263516
2.366873
2.290827
6.096925
3.399276
-0.4702021
2.155224
5.332422
1.430913
1.759263
5.842959
3.050173
0.326554
2.419194
3.666918
3.64969
4.057816
3.017741
2.778425
1.956488
3.637613
5.344802
2.389759
2.696856
3.694112
4.956222
3.642449
2.815611
1.861313
3.704856
5.4898
3.687565
2.128047
1.948274
2.385854
5.72492
4.070046
0.06173379
2.849815
2.961683
5.628273
3.098298
0.6240726
3.27587
6.32255
1.096659
2.027146
2.295782
2.245694
3.47647
6.524185
2.422713
1.571859
1.930709
3.482284
6.598916
2.615899
2.013901
2.760184
3.427337
2.807394
3.45737
5.905275
2.180985
2.086456
2.781053
2.896849
3.666157
3.537977
3.832779
1.85792
2.557241
3.714587
4.666585
1.372401
1.199777
7.107342
3.483319
0.07508046
4.397713
6.486888
2.308974
1.149851
4.933565
5.840655
3.573377
2.594747
2.557107
3.547554
4.339196
5.456987
0.9721749
1.593908
4.29425
5.387391
3.174356
1.901982
4.576919
4.484587
2.9299
1.389191
4.438173
5.322866
1.044121
2.604226
3.720303
4.260959
3.892627
2.767286
3.398886
3.36668
3.091026
3.930435
4.44874
2.240407
2.700982
5.816103
2.008641
0.8136444
5.38875
4.822988
2.095542
2.522829
3.886962
5.241581
2.86457
1.71865
3.263916
4.579865
5.394398
1.034564
2.055939
6.471097
2.397089
1.142838
3.574846
5.27802
3.185366
0.2884059
3.331732
2.882514
4.490543
2.772297
2.240705
2.714509
5.430054
2.361251
1.292413
2.017288
3.195123
4.148738
3.484549
2.809708
2.064408
1.094616
5.492494
3.895723
1.560592
1.727157
2.519223
3.914077
4.220725
1.560078
4.689683
2.996186
2.564487
2.856198
3.965989
3.496477
2.364226
1.228922
3.746107
5.827885
3.17282
0.8244971
2.426941
3.579683
2.52035
5.437659
3.108242
1.182444
2.595637
4.594285
3.774283
2.900127
4.361762
3.505996
4.501192
2.962719
2.004331
5.154477
3.430334
1.926861
3.565647
2.670206
3.781603
2.771509
3.447156
3.757218
4.320528
3.657464
3.251994
3.682277
4.269495
2.275454
3.206413
5.089918
2.718913
0.5079044
1.701446
3.220795
5.120172
3.043954
3.098677
2.143546
2.608615
4.292497
5.553959
2.167305
1.609117
4.931046
3.810422
1.411157
4.538053
5.210763
3.014852
1.74482
6.059549
3.165017
3.36001
4.671447
1.221068
2.540841
5.474998
3.962804
0.7519305
2.90886
3.305179
4.443842
4.233938
2.776335
2.249002
3.707317
4.862691
2.736958
0.9236529
2.398084
3.479254
3.819165
1.20286
2.710033
6.494381
2.162822
0.3266146
1.463126
4.712412
2.257478
2.571807
3.636702
3.988976
2.814817
3.062742
2.027625
3.663311
5.645248
2.080245
0.6569201
2.090076
2.345664
2.937869
4.901898
3.088786
4.54274
1.624965
1.392435
5.878373
2.167167
0.5052603
3.362444
2.931007
3.090698
4.106958
4.785695
1.654727
1.429241
3.559181
4.156606
3.598975
4.455535
4.057684
3.239956
3.328196
4.682668
3.704767
3.753625
3.868881
4.436663
2.781253
4.904978
6.093455
1.688569
0.6803211
5.474896
4.157874
1.179709
3.000327
3.010297
4.884589
2.697169
1.229769
3.934375
3.94422
3.862485
3.195843
3.081977
2.854893
5.826989
2.505532
1.918427
1.785025
3.740616
5.927645
2.73713
0.3781229
2.281911
4.145198
4.137219
3.765874
2.75415
3.639328
3.979895
5.942296
3.022534
2.265806
1.357114
5.142062
5.058823
4.072753
3.145158
3.208065
3.324582
2.549918
5.488834
3.60729
2.911255
3.200125
2.266949
3.727766
4.707806
3.142085
2.908706
2.659024
3.667717
2.954332
3.277733
5.043668
2.871931
1.506707
4.285668
4.029031
3.381602
2.940058
3.008395
2.258967
6.34529
2.684376
0.5066525
1.096101
3.931411
4.22548
2.91064
3.810503
2.132367
3.113243
4.653027
2.528126
4.031896
2.642936
1.813628
3.403131
5.506672
3.225736
1.146046
3.112923
3.747108
2.308967
3.918278
1.586271
2.399318
4.754197
3.331882
0.700875
1.387812
3.068694
5.625149
3.384062
0.3804183
1.937851
5.871839
3.098141
-0.4637561
2.986716
4.973437
3.441649
1.467687
3.094511
6.317343
3.303151
1.263986
2.739124
5.422804
3.547523
3.239711
3.127752
3.390688
1.927976
4.474801
5.537428
1.403042
2.506261
3.727396
3.77001
3.225106
3.490127
3.500103
2.801151
3.595658
4.708449
2.25478
2.142449
3.756921
4.87428
4.817837
0.4020589
1.56789
3.11606
4.106623
3.604035
3.999965
3.153458
2.719475
4.292569
3.906579
4.287687
2.547205
3.328601
4.14973
4.758485
2.003176
2.617981
2.549189
5.02929
2.77652
1.559837
2.449527
4.165335
3.656691
4.382938
2.412083
2.726228
5.134758
3.476531
1.115053
3.739957
4.342672
1.389797
4.057598
3.736179
1.683592
1.923649
4.931583
2.407963
1.319219
3.828987
3.343823
3.366168
3.311055
2.45149
3.548917
4.959071
3.166946
4.166611
1.375729
3.474616
6.271572
1.720848
1.281811
2.793342
5.549915
4.444932
2.645075
0.8872579
3.571797
6.254871
2.836444
0.3369748
1.673829
4.951851
3.476347
1.724836
3.161239
2.570511
4.421813
2.332428
2.503026
3.651917
3.612715
2.953685
3.49183
4.204121
2.146239
1.365894
3.084066
2.658254
4.643539
3.346142
3.044735
3.463067
2.390733
2.756648
3.6886
4.219364
4.212076
2.004953
2.324843
3.81018
2.614144
3.919775
4.963721
2.186628
1.931299
2.029666
3.355716
5.028262
2.831267
0.8375158
2.31723
4.205855
3.441321
1.995733
2.38738
2.499435
3.657344
6.676467
0.9253151
0.9258209
3.006712
3.637083
3.547496
4.156453
3.50406
2.462418
5.260468
1.741476
3.673319
4.868609
3.016701
2.67349
2.777926
3.382555
5.590534
2.598009
0.06719785
3.727515
3.417849
3.425495
3.621548
2.882407
3.573471
3.481704
2.05592
2.824404
4.807003
4.439065
2.165651
1.445711
3.28205
6.56717
2.345678
0.392004
2.963307
3.023582
1.45412
4.372479
3.723846
2.099561
6.741278
3.190339
1.147452
3.013161
5.121413
4.600013
4.187991
3.472608
2.232798
3.709799
5.410728
2.947377
3.603618
3.828207
5.033301
1.301063
1.285134
4.477999
4.603981
2.753663
1.476549
2.805805
4.190233
4.383432
2.648135
1.825249
2.509914
5.503369
4.015925
0.05284076
1.428612
4.680942
2.738678
1.319973
3.063359
4.648129
2.629662
2.23196
2.802125
4.067939
4.077738
1.8339
1.848675
3.753397
3.128867
2.946859
4.310243
2.536705
2.015675
3.3605
3.183545
4.232749
2.880227
3.087559
4.270646
4.970484
0.5754893
2.583313
5.936524
3.605721
0.3336775
1.630148
5.373618
2.313143
2.177303
2.704676
3.276014
2.929801
3.100626
5.365177
2.256745
0.9957555
5.012193
2.5642
3.660564
2.45992
1.412948
3.849713
6.42868
3.350988
0.4378372
2.911488
4.773855
3.269543
1.263137
1.855221
5.557904
3.863254
1.871446
4.513572
3.740015
2.746198
3.861407
3.33437
3.630301
4.704975
1.795655
2.671354
4.713193
2.800641
3.685905
3.880858
2.408517
1.723113
3.56192
4.694739
2.513461
3.786381
3.305239
2.256113
2.087059
4.038308
3.585984
2.385263
4.535906
2.62738
2.822695
3.256778
3.057196
4.603323
3.619702
3.383861
2.605107
2.892552
5.657969
2.016379
0.727151
3.865613
2.754882
3.578218
4.15119
1.538682
3.491875
3.313242
3.090245
2.1712
2.632538
3.587139
5.134255
2.298641
2.86934
5.025071
2.779178
2.962679
3.010041
2.774698
5.25738
4.287705
1.240301
2.672536
6.077897
2.249957
1.16665
5.36641
4.790791
1.139018
2.402762
6.170144
2.16112
1.234315
3.68471
4.178014
2.793833
1.935137
2.915915
3.703228
5.019551
1.307375
0.8542392
3.010534
4.108512
3.877613
1.338045
3.640549
5.305382
2.066468
0.7072033
4.130937
4.481026
1.885578
3.506016
4.337361
3.523869
4.40534
3.199273
1.588805
4.004807
4.653338
1.975429
2.347715
4.207752
3.497847
2.748448
2.785513
3.579062
3.008153
3.779447
2.219288
3.048398
3.414819
3.561017
3.282851
2.079026
3.143367
3.473486
3.133259
3.872808
1.836767
2.567447
5.754064
2.663501
1.349463
1.69155
3.619879
4.914325
2.012402
2.470508
2.004419
2.700696
4.306145
3.877526
3.583271
2.369687
4.119144
2.45149
1.037179
4.444692
4.439193
2.56263
1.13383
1.162955
4.421446
3.45437
4.227762
4.371033
2.587539
3.520673
5.065188
2.134976
3.323801
5.552089
1.988472
0.4598964
3.810322
3.219044
2.720075
2.744349
1.719203
0.7480835
3.155539
3.895801
3.509519
2.875322
3.515536
2.645619
4.644641
3.689396
2.201813
5.481607
3.499534
0.4739181
2.992905
6.469917
2.414058
0.07752699
3.314735
2.776424
0.5776892
4.434683
5.487765
1.482988
0.8051985
1.117878
4.487814
3.888423
2.518969
3.06923
4.25638
