3.765568
3.829161
4.079476
3.33662
3.230042
3.390853
2.861395
2.527439
3.038901
3.162687
2.830779
3.732033
4.765234
3.971925
3.315664
2.581243
2.782756
3.180817
3.368144
4.319237
3.774221
2.811456
2.513179
2.735628
2.912884
3.028614
2.699073
2.929115
3.212893
3.306078
3.367724
3.240525
3.39693
3.239024
3.253182
3.382361
2.912167
3.044348
3.531508
4.656436
3.575192
3.020403
2.705114
2.726521
3.001606
2.894446
2.791689
3.14683
3.05385
3.083161
3.92657
3.345103
2.65087
2.663309
3.153316
2.820651
3.065837
3.1126
2.839944
2.835435
3.273256
2.874491
2.924958
3.03109
3.080155
3.131293
2.744132
4.055009
3.879247
2.700961
2.824523
3.960336
3.684729
3.035249
2.646442
3.741633
3.301129
2.872872
2.921187
3.695238
4.317181
3.578322
3.039565
2.697969
3.829408
3.387501
3.312338
2.742944
2.76887
3.876062
3.423832
2.815555
2.71195
3.28665
3.086851
3.023563
3.18153
3.002721
2.930386
3.214365
3.132204
3.044255
4.00816
3.622406
2.893592
2.950305
2.860166
3.179325
2.920177
3.340382
3.372869
3.351669
3.216565
3.553473
3.098742
2.903636
3.379511
3.325819
2.943586
2.870138
2.895864
3.225772
2.859284
3.113603
3.700254
3.92872
3.493813
2.840553
2.630634
3.041227
3.059742
2.865115
3.470613
4.619083
3.473886
2.551947
2.6586
2.772785
2.656365
3.13473
2.858848
2.996495
3.697584
3.45189
2.982901
2.776834
3.156398
3.169883
3.110031
3.421356
2.867237
2.942653
2.990707
3.428353
2.950481
2.944252
4.141865
3.749589
3.139586
2.851689
2.75788
2.977975
2.825996
2.832105
4.046226
3.594451
2.842873
2.829234
2.723659
2.642455
2.927692
2.919017
3.221133
4.06044
3.1987
2.821579
2.764624
4.25578
3.514313
2.92503
2.848603
2.815628
4.042167
3.283167
3.110245
2.947816
3.113481
2.924779
3.127655
3.692152
3.430491
2.989963
3.92914
3.382794
3.130206
2.763691
3.103537
3.455605
2.919006
2.921868
3.072258
3.487015
4.40038
3.484614
2.665491
2.719918
2.614212
3.078064
2.975417
2.789517
3.139734
3.605032
3.52118
3.205011
3.164371
2.902532
3.043127
3.243348
3.044339
3.504869
4.283847
3.683698
2.959461
2.9386
3.032516
3.725985
3.50966
2.813429
2.730659
3.637438
3.054988
2.887787
3.61722
3.580207
2.919937
2.602139
3.487667
3.014134
3.0075
3.104649
2.697467
2.957127
2.83157
4.144838
3.329363
3.002942
2.91357
3.321844
3.378275
3.039171
2.820716
2.678886
3.159772
3.213988
3.178258
4.125991
3.57973
2.792354
2.543772
2.880944
3.006135
3.243447
3.220913
3.097259
2.914152
2.730879
3.448732
3.361224
3.229296
2.894631
4.626393
3.758598
3.01159
2.706349
2.873941
3.450232
3.148474
3.022059
4.046448
4.536417
3.628254
3.098952
2.599963
2.677815
2.774464
2.898367
2.968027
4.200349
3.726089
2.990967
2.631569
2.814841
2.81344
2.511431
3.181734
2.913042
2.610393
2.880717
2.780002
4.445968
3.738724
2.904291
3.035857
2.955657
3.327291
3.340757
2.95598
3.087083
3.514428
2.951881
3.233007
4.511928
3.858426
3.142035
2.939523
2.720894
3.389982
3.341446
3.418195
3.814909
3.719788
2.962344
2.685343
2.812082
3.799866
4.111232
3.885645
3.165473
2.7796
2.810788
3.884685
3.538479
3.089929
2.947678
3.986665
4.271554
3.225873
2.787808
2.740177
2.776837
4.124909
3.398398
2.552958
2.574869
3.086049
3.19462
3.035199
3.098916
3.839488
3.610328
2.971263
2.843529
3.447495
3.807909
3.60751
3.123549
2.925072
3.133768
4.443181
3.847918
3.075776
2.651825
3.489514
3.358706
3.109427
2.695148
3.063831
2.947791
3.096916
3.86851
3.268015
3.45452
3.039485
2.841812
2.846917
3.005338
3.185416
2.833096
3.560489
4.059375
3.819717
2.8083
2.721419
2.653863
3.790324
2.807865
2.897116
3.115293
2.949725
3.109447
3.064096
4.616705
3.361751
2.836702
2.759043
2.959509
3.246757
3.20738
2.768659
3.17301
2.916766
3.062982
3.197085
3.07959
4.284134
3.754951
3.416395
2.844977
2.931988
3.976806
3.293244
2.813528
2.699121
2.716485
2.809895
2.997193
2.880852
2.618748
3.36795
2.930458
2.986026
3.170084
2.964081
3.221792
3.918489
4.388126
2.959406
2.842631
2.985717
4.05287
3.438564
3.135298
2.986292
3.143107
2.8808
3.045779
4.126101
3.745843
2.932839
2.61308
3.143776
3.393489
3.096468
2.93169
2.947572
2.757168
2.837957
3.712802
4.129434
3.382202
2.820779
2.767044
3.012647
2.759033
2.716711
3.05678
3.374594
2.77964
2.769684
2.90848
2.875677
2.8684
2.937572
3.495934
4.337835
3.462794
2.648841
2.799333
3.062724
2.946322
4.477082
3.724808
3.150739
2.895842
3.217102
4.183854
3.691581
2.866588
2.735738
2.984848
3.105519
3.733756
3.006023
2.715584
3.235531
3.603838
3.730505
3.821288
3.648712
2.935141
2.78231
3.068459
4.164942
3.584484
2.509856
2.741443
2.811679
3.835109
3.028425
2.810817
4.34571
3.380492
2.811346
2.680515
2.809431
3.038462
4.460344
3.225051
2.60378
2.79271
2.962488
3.096401
3.200046
2.905034
3.437757
3.568852
3.109952
2.936754
3.459526
2.97814
3.076112
2.889928
3.062616
3.343575
4.437393
3.51462
2.987576
2.725543
2.89537
2.897959
2.710846
3.898144
3.947764
3.177557
2.905615
2.847502
2.941774
3.044752
2.832873
2.821038
2.685592
2.803995
4.075594
3.632996
3.072635
2.943171
2.882796
3.136151
4.940979
3.223763
2.745538
2.729094
3.079767
3.429896
3.293287
3.202629
3.950603
3.887418
3.175027
2.957773
2.826131
2.8429
3.375613
3.21373
4.613521
3.717587
3.021384
2.856286
2.789142
3.173745
3.522339
4.043191
3.717813
2.782645
2.893097
3.318362
2.912679
2.736098
2.516865
4.113844
3.618687
2.970159
2.536532
2.815992
2.742057
2.816951
3.394051
3.10203
2.741111
3.211369
3.104169
4.192937
3.560315
2.768689
2.761847
3.144792
3.259731
3.183055
4.106499
3.91365
2.887972
2.732995
3.144487
4.525743
3.665766
2.916728
2.679816
3.364749
3.630758
3.909204
3.281846
2.80066
3.876869
3.762804
3.042131
3.097359
3.200159
3.100739
2.670431
2.90319
2.921005
4.32151
3.538306
2.559701
3.058427
3.301683
2.683413
2.47049
2.81237
2.935577
3.550367
3.083225
2.911934
3.43962
3.114512
2.678415
2.86771
2.818019
3.279206
3.692343
3.349286
3.071438
2.727135
2.811007
3.256713
4.311964
3.604701
2.888526
3.15413
5.909242
3.40658
4.794641
3.993869
3.151318
3.040701
3.152938
2.891208
2.959089
2.972122
3.490179
3.890317
3.199763
4.16191
3.612509
2.951566
2.927141
2.861302
3.213015
3.912409
3.55492
3.100071
3.597276
4.196406
3.511035
3.006823
2.913521
3.040606
2.91088
4.507706
3.533697
3.164171
3.381181
2.829255
4.347934
3.683937
3.035063
2.720019
3.217043
4.082932
3.702723
3.023211
2.789354
3.268292
3.160386
3.038723
2.892107
3.187615
4.532299
3.222585
2.914122
2.819119
3.794155
3.576633
2.761875
3.031811
3.066409
3.858818
3.367187
2.885535
2.895258
2.782065
3.694298
3.163795
3.047007
2.851953
3.685865
3.828465
3.087782
2.951186
4.028753
3.887318
3.254679
2.764666
3.000079
3.164354
2.770309
3.039754
3.845935
3.042418
2.681631
2.803379
3.253932
3.031932
3.00419
3.64803
3.380373
2.988281
2.662445
4.108558
3.647803
3.069564
2.76245
2.730525
3.03465
4.335249
3.419974
2.706447
2.788054
2.753157
2.814741
3.931295
3.440158
2.899694
2.851385
2.679382
3.239923
4.08062
3.655828
2.937028
3.045876
3.860975
3.563932
3.217061
4.204245
4.040071
3.284856
2.600023
2.943252
3.007312
2.884119
3.115215
3.160439
3.547456
3.340249
3.039378
2.984156
2.999386
3.657225
3.374594
2.97109
3.021647
3.221441
2.991183
2.784853
2.561964
2.909527
3.012569
4.243282
3.479987
2.745154
2.788636
3.458701
3.2543
2.676275
2.720707
2.989802
3.722936
4.514919
3.592868
3.004677
2.779937
2.836323
4.473477
3.791798
2.802391
2.681571
2.968868
3.329704
3.302143
3.467945
3.491713
2.897398
3.017312
3.261292
3.961131
4.872933
3.653043
2.946184
3.0296
2.613807
3.027142
3.146015
3.865423
3.803755
4.833011
4.139553
3.095297
2.715122
2.757147
2.871472
3.114678
3.138412
3.267795
3.319146
3.103316
3.344229
3.926368
3.326397
2.67025
2.707452
3.020196
3.561666
3.24631
3.395181
3.114964
3.258813
3.776806
3.447632
3.438232
3.27229
2.847345
2.898547
3.366475
3.242359
3.077203
2.877188
3.003743
3.085967
2.571252
2.907809
3.35335
3.234266
2.804702
2.720099
3.27055
3.174144
2.844549
3.312405
3.914912
3.117072
3.644169
3.717365
3.501272
2.83814
2.982795
2.993083
3.025096
3.706461
3.509787
3.037414
2.896826
2.931006
2.882935
3.58384
4.784952
3.600596
2.881203
3.052934
3.313957
3.357106
3.368096
3.491724
3.513907
3.141418
2.869558
2.783461
3.025735
3.936046
4.318204
3.214188
2.923634
2.810014
3.165312
2.836709
3.68576
3.40888
2.84129
2.898849
3.759633
3.672987
2.895477
2.808276
3.99156
3.685427
2.760787
2.547628
3.038699
3.073254
4.082202
3.618244
3.432217
2.837401
2.888348
3.635093
3.794957
3.931717
3.335978
2.929564
3.147214
2.971916
3.885753
3.537651
3.455029
3.344035
4.355348
3.654128
2.797633
2.644903
3.083068
3.317464
4.004122
3.776712
3.706929
3.583973
3.224674
3.319605
3.229253
2.975585
4.107209
3.717068
3.001993
2.777358
2.89999
3.161059
4.14431
3.707715
2.87087
2.944851
4.266181
3.59762
2.687381
2.75882
3.899728
3.551378
2.845788
2.984204
4.449947
3.659513
3.79141
3.220131
3.660442
3.318363
3.171973
3.247558
3.177872
3.162024
3.274946
3.130598
4.035537
4.362105
3.909267
3.013943
3.124441
3.339599
3.652992
3.97728
3.692817
3.78083
3.4231
3.277183
3.608968
3.284814
3.155963
3.08525
3.912
3.528406
3.893262
4.227076
3.209622
2.914705
