24.76567
24.14235
24.61136
24.85902
24.23794
24.79313
24.61265
24.40686
24.72998
25.1502
24.18437
24.1645
24.5736
24.49681
23.96421
24.87497
25.17629
24.85069
24.35992
23.79806
24.48643
24.61708
24.37492
25.33398
24.84715
24.48943
24.32454
24.81916
24.4142
24.71899
24.20407
24.7557
24.35089
24.75388
24.46762
24.40519
24.33694
24.53108
24.3716
24.09753
24.54414
24.59744
24.71527
24.97726
24.90221
24.33596
24.65975
24.57217
24.72848
24.22933
24.15639
24.82299
24.06483
24.77222
25.05273
24.52795
24.41989
24.88319
24.44172
24.53983
24.94555
24.3213
24.6917
24.89115
24.47263
24.60365
24.45601
23.92834
24.97178
24.72776
24.61476
25.15891
24.56677
24.49531
24.78524
24.97096
25.30518
24.4886
24.45681
24.53631
24.11265
24.68957
24.51827
24.76442
24.8321
24.46107
23.72862
25.28209
25.39173
24.70823
24.42802
24.32886
24.85019
25.02995
24.59012
24.63636
24.57658
24.59246
24.66235
24.64984
24.50139
24.46197
24.8191
24.74186
24.26307
24.58339
25.23289
24.44294
24.64623
24.49458
24.80124
24.30402
24.36274
24.41237
24.80511
24.30861
24.61728
24.75499
25.06485
24.70201
24.75659
24.75859
24.42674
24.39698
24.56376
24.41645
24.68164
24.48607
24.36228
25.39918
24.90523
24.28687
24.52389
24.12935
24.24962
25.15738
24.77666
25.37457
24.81893
24.84451
24.36532
24.36245
24.51195
24.611
24.67488
24.4121
24.90363
25.28257
24.26178
24.61377
24.6953
24.49071
25.0168
24.42622
24.75214
24.79774
24.47276
24.65654
24.75139
24.8143
25.00064
24.98944
24.543
25.07172
24.81264
24.36831
24.38194
25.23942
25.14796
24.77993
24.75662
24.68616
24.97435
23.91449
24.54872
24.87428
25.08257
24.79227
24.44608
24.86171
24.61199
25.79934
25.14692
24.72462
24.39863
25.06812
25.28961
24.48972
24.61858
24.41189
24.84602
25.10464
24.49866
25.00272
25.18544
24.51845
25.00873
24.50253
24.7639
24.55148
25.23355
24.56354
24.60588
24.85902
24.29019
25.71178
25.18514
25.21872
24.76112
24.36958
24.85899
24.97265
24.33687
24.94641
24.67332
24.96132
25.18204
24.80189
24.35623
25.10275
24.29339
24.70104
24.54774
24.72338
25.21045
24.53168
24.62923
24.51109
25.15157
25.23361
24.70837
24.4966
24.68251
24.77816
24.97444
24.8261
25.22467
24.60369
24.57509
25.26049
24.47184
24.66278
25.01338
24.94886
24.4473
24.89881
25.21337
25.24705
25.02875
24.43717
24.79879
24.85302
25.50424
25.03541
24.71585
24.82877
24.64979
24.61817
25.33454
26.05199
24.84289
24.62456
24.84875
24.7455
24.79263
24.71494
25.39226
24.83608
24.42598
24.98302
24.72876
24.76446
24.71461
24.93484
25.38208
25.32041
24.73265
24.92211
24.7314
24.42542
24.40122
25.02486
25.26293
25.33645
24.97729
24.7487
25.08136
24.63878
24.50415
25.03262
24.72076
24.95937
25.46562
25.00227
24.98287
24.99667
25.18864
24.63241
25.06976
24.63377
24.66281
24.62261
25.38714
25.46516
25.02504
24.69599
24.86451
25.0041
24.88772
24.76696
24.74004
24.48204
24.8287
24.56624
25.05625
25.68775
25.37067
24.81401
24.59676
24.94656
25.23312
24.88644
24.77914
25.07921
25.108
24.55592
23.82519
25.36667
24.63823
25.33179
24.46191
25.10491
24.84385
24.72891
25.24539
24.23348
25.01414
24.40366
25.33991
25.03158
24.47085
24.84615
24.66905
25.2965
25.78735
25.0529
24.93361
24.54428
24.65523
25.14541
24.48983
25.22715
25.10757
24.56106
25.03267
24.88308
24.73343
24.96041
24.36219
25.30699
24.82952
24.5813
25.3299
24.88452
24.82418
24.16679
24.76538
24.94504
24.74899
24.9411
24.43181
25.2385
24.78975
24.63464
25.01679
24.88556
25.00962
24.37272
25.03722
24.42084
25.01183
24.72996
24.70587
25.10754
25.60074
24.62795
24.73661
25.13039
25.13749
24.72775
24.92996
24.3134
24.8724
25.18674
24.81065
25.0884
25.22875
25.24233
24.61524
25.0325
24.85242
24.92097
24.86675
24.45337
24.99036
24.34897
25.00909
24.93156
24.2528
23.99294
24.84123
24.40092
24.70121
25.24885
24.87159
24.97341
24.6506
24.53975
25.02778
25.01721
25.13721
24.53099
24.55013
24.81257
24.54111
23.86778
24.68666
24.92983
25.14075
24.64345
24.6506
24.60612
25.28598
25.33618
24.22386
24.19702
24.77404
24.68701
24.71761
25.07271
25.3543
24.9296
24.94724
24.48653
25.11876
24.88079
24.77628
24.95137
24.22971
24.81745
25.01702
25.02824
25.68163
24.95494
24.92228
25.11375
24.9911
24.79364
24.63245
25.58674
25.13327
24.79331
24.81271
24.95889
24.3613
24.79504
25.1837
25.68999
25.52371
24.99104
24.25182
25.04203
24.69399
25.30611
25.18296
24.67279
24.85263
24.85389
24.83751
25.63401
24.81321
24.60441
25.00583
24.97405
25.10935
25.15202
24.94888
24.63116
24.85054
25.09551
24.75101
25.06994
25.14408
24.87308
24.48753
24.86648
25.66069
25.37528
24.9657
24.78375
24.81195
25.19378
25.30872
24.81262
25.69668
25.16268
24.82062
24.72633
24.6759
25.25822
25.55388
24.86577
24.95152
24.60795
24.70098
25.09565
24.51542
24.98367
25.17286
24.86206
24.70737
25.05816
24.94102
24.63588
24.34557
24.99862
24.81474
24.99331
25.96904
25.16832
24.5462
25.19238
24.65729
24.89318
24.13885
25.70906
25.66625
24.75445
24.88193
25.07698
25.02392
25.11433
24.51089
25.18357
24.77892
25.04007
25.16182
24.90285
24.89213
24.40241
25.1661
25.45887
25.40858
25.57026
24.30408
24.89633
24.78558
24.97953
24.91081
24.66125
25.6259
25.11806
24.81072
24.89423
24.54356
24.56511
24.98672
24.90852
25.26332
25.13178
24.62567
24.43461
25.18022
24.62151
25.16074
25.18622
25.18882
24.3851
24.99393
25.29516
24.62091
25.20007
24.71697
25.21586
25.37509
24.73503
24.99979
25.1116
24.81976
24.88049
24.94278
24.70023
24.95098
24.86402
25.41311
25.274
25.07211
24.7429
24.6177
24.51698
25.01431
24.99751
24.634
23.83811
24.82155
24.67276
24.91568
25.17587
25.43181
24.02418
24.98031
24.65321
24.38243
25.07119
24.99088
24.96286
24.69426
26.00022
24.02124
25.32239
25.10778
24.19563
25.28878
24.65187
25.06845
25.8328
24.35966
25.3159
25.26777
25.21976
24.29891
25.14609
24.75505
25.02324
25.15029
24.42934
25.5121
25.03761
24.97023
24.62283
25.24331
25.07795
24.71046
25.588
25.67826
24.36647
25.07937
24.99506
24.94257
25.55046
24.78873
24.30177
24.88955
25.09633
24.65258
25.59687
25.14792
24.99579
25.22589
24.763
24.98176
24.65435
24.72538
25.101
24.83416
24.94623
25.4829
24.63826
25.2187
24.95179
24.72119
24.69688
24.8011
25.09506
24.36739
25.42595
25.28771
25.11427
23.95872
24.91869
24.81275
24.81232
25.64293
25.23686
24.71164
25.04341
24.80872
25.70946
25.06564
24.93096
24.78397
24.89666
25.53468
24.99958
24.66844
24.55972
24.77078
25.04484
24.57212
24.67711
24.83301
25.6716
25.23207
24.67057
24.5741
25.58888
24.49601
24.95453
24.84256
25.37339
25.49691
24.88894
24.79471
24.34879
25.24672
25.01315
24.88074
24.77714
24.91636
25.0286
25.00615
25.13388
24.63941
25.20796
25.4741
24.7202
24.76763
25.31872
24.74655
24.49372
25.52787
25.64414
24.9109
24.85581
24.87434
25.12671
24.37975
25.07386
24.8691
24.90664
24.97624
25.0078
25.26924
24.98903
24.85947
24.6833
24.49605
25.82863
25.23231
25.43884
24.13781
25.11416
24.58521
24.40497
25.17047
25.82549
24.55897
24.58873
24.61175
25.08482
25.09932
24.84057
24.56059
24.23909
24.93955
25.07801
24.49506
25.22034
25.31771
24.70711
25.08664
25.0653
24.42822
24.82784
24.68183
25.03028
25.26004
24.62952
24.94034
24.46613
25.02886
24.91657
25.08014
24.57929
25.06656
25.6061
24.82442
23.76077
24.93604
25.04292
25.15709
24.99697
25.346
24.26972
25.18565
25.20607
24.69123
24.54323
24.71344
24.83428
25.02834
25.13416
25.16148
24.87999
23.95601
25.16837
26.01809
24.98414
24.45954
24.92228
24.8183
24.5199
24.79008
25.24787
24.77426
24.34269
24.75674
24.67862
25.32326
25.45184
25.13732
24.58144
24.58143
24.08679
24.49311
24.96887
24.85727
24.46639
25.385
25.77873
24.85644
24.53938
24.51456
24.9534
25.27309
24.68021
24.66317
24.8999
24.9966
25.07558
25.09328
24.81561
24.63421
24.59793
24.11678
25.1319
24.54304
24.49479
24.99188
24.78123
24.48471
25.33087
25.14634
24.6944
24.69144
24.98679
24.67349
25.16379
24.35936
25.03429
24.62912
25.05366
24.42807
25.1849
25.17088
24.96423
24.36327
24.91203
25.16635
24.09852
25.23127
24.6079
24.65006
25.01474
24.78398
25.29375
24.76491
24.50862
25.19573
24.53434
25.28764
24.89317
24.97338
25.11783
24.22995
24.45003
25.48472
24.93633
25.41245
24.64618
24.96862
24.69533
24.93142
25.2415
24.61532
24.72113
25.39708
24.78115
23.87416
25.31098
24.84256
25.32752
25.2071
24.7888
24.8742
25.10417
24.86679
24.76685
24.98903
25.16769
24.62384
24.75382
24.6716
24.65273
24.32197
24.82467
25.61791
24.91293
24.65973
24.68778
24.13711
24.96568
25.63859
24.84318
24.68896
24.66461
24.97627
24.80961
25.19292
24.98429
24.48723
24.98064
24.78013
25.15536
24.57519
24.87112
24.48541
25.15787
25.84406
24.75757
24.73692
24.26396
24.60095
25.47983
24.92823
24.83108
24.82446
24.92109
24.5475
24.91502
24.88284
24.64704
25.82132
25.25354
24.6748
25.12965
24.20832
24.95094
25.46754
24.48025
24.47215
24.9906
25.24053
25.19718
24.78229
24.34475
25.22903
24.44636
24.06929
25.17668
25.6726
24.78621
24.81806
24.84863
25.33013
24.80718
25.39459
24.65416
24.34999
24.79693
25.08447
24.29179
25.44403
25.22609
24.84938
24.10261
24.79129
24.70321
24.62286
24.58854
25.11981
24.87436
24.82272
24.82094
24.6925
25.18962
24.67748
24.70843
24.77162
24.9165
