158.9136
160.1438
157.3798
157.6353
161.0461
160.0372
159.2453
160.6588
161.5846
160.8342
156.9637
158.6442
164.6113
163.9437
162.0224
161.7797
158.3951
162.9195
165.6161
162.7026
162.5682
159.1646
158.4012
156.3793
159.3989
164.2016
161.9725
160.477
161.0877
162.8304
158.853
161.6438
161.2558
160.8182
159.5178
158.3978
159.678
163.4839
162.8601
162.6504
163.733
159.5628
156.3249
159.4384
161.476
162.8971
161.7176
159.9651
161.2628
160.4039
161.1164
162.4725
161.4691
159.8521
162.9074
163.683
162.8711
161.1268
156.2017
160.5566
164.6262
163.6823
157.9056
158.8369
162.4323
162.5279
161.0577
159.3292
160.2893
160.1399
161.2566
164.1276
162.8023
160.9305
161.9408
162.3247
155.9041
158.256
163.9835
162.3831
160.8512
160.2295
160.8022
162.0865
157.431
157.736
159.8327
160.9309
160.4826
159.7991
159.975
156.9155
159.4831
163.1769
163.1716
159.0902
157.1424
158.3885
160.9887
162.0737
158.1585
155.8582
159.2795
161.0722
161.7977
156.2133
156.2451
161.6449
162.6949
156.9474
156.9869
161.6445
160.0448
157.6959
161.3248
163.6691
163.1933
163.7956
162.0985
161.9374
156.3849
161.9314
163.8962
162.9808
160.4565
156.301
157.9466
164.3749
162.8831
160.0245
154.8229
157.0674
163.3846
163.5244
160.7528
159.2296
159.9504
162.304
157.4072
159.1359
163.3123
163.1083
160.2365
159.9648
161.3291
162.8936
162.4313
160.2195
157.6637
159.5343
163.7398
162.1252
155.7389
156.8089
162.9187
164.6932
163.6245
161.7687
161.8703
162.7848
162.8662
163.0637
161.6143
157.6919
161.7939
163.2213
163.729
162.4987
158.3312
160.961
162.8815
162.7112
163.1073
160.6026
160.9343
159.7288
161.9424
165.083
163.5729
160.4937
155.8933
159.8982
163.7035
162.8382
163.1087
162.0338
162.9203
161.9623
160.0625
163.5136
162.8714
161.3923
161.1873
163.4292
164.5496
163.873
162.0821
159.294
161.1992
162.7397
162.3138
159.7247
157.9571
160.5038
162.7895
163.9252
161.0322
161.6377
160.2867
160.1936
161.9
164.2923
161.1877
159.4096
162.8147
163.9405
163.6047
159.2424
160.899
161.9638
161.2776
164.6201
162.1272
161.084
163.2233
162.9627
161.1567
160.725
162.241
158.2654
158.0144
161.0848
162.0364
159.8216
158.8411
159.2029
161.9152
160.16
160.1254
161.4237
162.9483
162.4732
159.0326
159.8443
164.2818
162.3506
158.6521
159.6953
164.4762
165.0279
161.3767
161.7493
159.9039
161.4338
163.8828
162.4827
164.2912
162.2006
160.6863
160.1958
160.2587
161.5064
161.5326
161.8624
162.7998
161.803
161.1208
160.9727
162.9653
159.4985
161.0119
164.1471
163.6805
161.9341
163.1177
164.8665
164.4883
158.6015
161.1684
166.2914
164.0124
160.6324
161.9005
165.1268
161.8417
162.5619
163.4569
161.554
159.9342
163.6596
165.0093
158.6485
159.903
164.6905
164.3923
160.9697
159.3107
162.2857
165.2126
161.5329
160.7275
162.6031
163.8168
162.7364
161.958
161.6355
160.937
164.5405
164.1442
163.012
162.955
164.7664
163.072
164.53
162.1994
158.6518
162.7594
165.0785
164.6047
162.033
159.9453
159.8249
162.3622
164.9067
160.3469
159.829
161.5636
157.3776
161.1917
162.5979
158.0371
160.3928
163.0851
161.7711
159.6836
158.0027
160.6146
164.5911
164.1307
161.3631
164.0042
164.6805
163.3441
161.5052
164.3352
165.044
158.8881
158.8556
165.9546
165.175
163.6589
162.8426
163.3861
163.2456
159.2731
162.829
163.1262
162.4283
161.7524
161.7511
161.7892
166.069
164.9033
161.0591
155.7108
158.6241
163.6305
164.1276
161.7229
159.6343
160.822
156.581
161.4305
164.5657
165.0238
161.0998
163.274
165.6203
162.8858
157.0943
161.8571
166.3058
163.9091
161.7796
155.5786
158.1654
163.3263
163.9078
159.6487
160.3085
162.8162
163.974
164.4749
163.6239
164.5949
160.6549
159.2798
159.3902
159.9374
160.5166
164.3365
163.8222
164.7316
162.8318
162.1431
162.1908
161.8522
162.6852
160.3562
151.5537
152.6096
159.0966
160.4711
160.4569
158.1601
157.0436
160.4569
161.9442
159.9442
163.3643
163.2289
162.7385
156.842
161.271
163.6376
161.1072
158.9582
160.1793
160.0384
160.6316
162.4539
164.7061
160.1642
155.6328
161.7506
161.9227
162.0018
162.5904
162.4508
163.5438
165.8439
163.8391
159.2921
160.6469
164.5598
162.5376
164.4075
161.2715
161.0231
160.7167
164.1079
165.2165
164.1529
164.6898
166.7277
163.1165
160.6699
164.4852
164.8729
162.1103
160.689
159.7705
163.6806
163.7657
161.5632
162.0364
162.7083
162.6734
158.9406
157.9898
160.0896
161.9575
162.0051
161.6424
163.2106
163.8116
162.802
161.0783
161.4789
160.9375
164.1008
163.326
158.7089
159.1642
163.5508
164.3283
164.6857
161.1886
162.9636
163.4861
162.6743
161.0596
155.7492
159.1874
163.9878
164.1261
161.7064
162.0277
163.1182
162.8841
163.4141
160.5738
160.2361
163.3762
164.2398
162.7148
161.949
163.1023
165.4485
163.1259
158.6263
158.8358
160.9783
164.1189
163.7189
160.3331
161.1436
163.2041
164.2404
162.9172
163.0384
163.076
164.0193
163.4604
162.4018
163.2081
163.4104
165.6639
166.1497
162.4659
164.2778
165.4749
161.5372
159.0986
162.6469
165.3151
162.9273
160.7989
159.3828
162.6319
163.0681
162.198
161.837
160.3786
159.2168
160.4007
162.2037
162.5287
159.8381
157.0769
158.426
160.3705
161.5782
161.5775
159.085
162.0578
166.0981
162.6284
160.1854
159.5698
160.8941
165.0406
163.2495
161.4923
163.4475
161.75
163.0697
162.6292
164.4745
157.9096
160.1832
163.525
161.6743
162.5134
161.9189
159.9362
161.0116
164.9022
164.8315
163.087
161.7199
160.4329
160.6443
163.8236
165.2376
160.3332
161.7835
164.8909
163.997
163.014
162.6071
162.9907
165.1503
164.9467
162.4904
160.7313
161.8475
164.5039
163.8419
161.1376
162.7312
165.5685
162.0843
155.6971
158.8073
157.455
159.1383
163.2295
162.5336
160.0834
157.8073
162.0145
162.0629
162.8544
156.8906
158.4361
163.0725
163.7328
160.4644
159.8228
162.3976
165.5322
161.9824
156.6918
161.1528
162.2054
162.7976
160.7506
158.5305
158.5702
162.7733
164.9159
161.9527
156.647
159.2175
163.6058
163.4564
164.64
163.2303
163.7613
164.092
164.3588
164.2589
159.9937
162.3261
165.8179
164.0919
166.6412
162.8126
160.9055
164.9941
163.1434
164.3295
158.8401
159.7744
164.8573
164.2488
163.2327
163.9977
165.5718
164.7044
163.1651
162.5768
163.2625
161.3958
161.9047
165.1489
164.7765
161.5719
163.5082
165.2017
167.4715
164.1957
164.408
165.4452
163.5699
163.2416
162.1517
160.834
162.4346
159.4045
159.9045
166.1399
166.161
165.4469
164.5765
160.838
163.139
167.2917
165.586
160.1822
160.1463
165.3737
162.3746
161.7254
166.1039
165.2235
163.2257
161.8271
161.352
162.0663
165.9234
165.1006
163.4807
164.4428
163.0864
161.2383
162.7745
164.6858
162.42
162.1009
164.0712
159.5854
159.8956
163.5759
165.504
163.5709
161.5714
161.7679
159.6841
158.4194
160.666
164.969
164.6028
163.1266
161.5293
161.1128
161.6411
163.9312
165.2568
161.0374
158.5708
162.8134
165.2736
161.5128
157.1307
158.4676
160.0359
158.1699
162.0383
163.3146
163.7114
163.293
162.1033
163.615
162.0467
157.4417
160.8634
166.1317
162.034
154.7885
155.0372
160.5435
161.2794
161.1982
158.3909
157.5507
161.1358
162.442
161.7967
159.0898
160.0234
161.4041
162.2161
160.1158
158.6271
159.5765
162.8226
162.0701
161.2582
161.3068
161.8656
158.0498
158.8725
162.7718
162.8203
158.8885
163.0748
162.116
161.904
161.1708
163.9968
164.3451
163.1282
160.4742
158.1725
162.309
164.2239
163.4436
162.6026
162.4954
160.7682
157.7716
162.6375
161.3934
160.4589
157.5618
162.5029
164.1751
163.0159
161.8889
160.1778
156.0714
160.2497
162.4789
160.12
157.2329
163.4546
161.3869
160.7323
161.0014
163.3834
164.0401
163.6554
162.3976
157.3291
160.0149
162.8767
162.2362
163.4655
159.5589
162.1785
164.7111
163.9981
157.9388
159.5985
164.6367
163.1784
164.6823
163.8979
163.6826
162.0991
157.0148
159.2046
166.1676
162.6818
158.6412
160.1951
161.5975
164.2005
159.3899
160.8847
163.8068
162.1125
158.8156
159.3218
158.0423
160.2674
159.8523
162.0488
163.4357
160.9253
159.6826
158.465
160.847
161.3406
160.7469
159.5291
159.5594
161.6344
162.1639
160.7882
160.992
161.211
164.9761
164.4669
160.1629
160.8107
163.5874
163.9103
155.0165
158.0374
163.2814
164.09
159.7268
158.4991
163.7406
164.2764
163.9127
164.0871
161.3741
159.6282
159.3298
162.0394
163.625
161.1404
162.819
164.129
161.575
160.3739
163.0977
160.9135
163.0014
162.3296
158.9366
159.7738
164.1066
163.2348
160.1842
159.4016
160.1069
162.3742
163.9372
161.4759
161.4473
161.4373
160.0096
156.7986
158.725
160.0597
159.8728
156.6545
153.6534
155.2873
156.3976
156.9396
156.0991
160.3701
162.9937
161.9191
163.7995
165.0553
160.8934
159.7564
162.2563
162.6168
164.6915
163.6892
162.5109
160.1034
161.4769
167.104
161.1213
161.4281
162.6939
164.4849
163.8623
162.9386
163.5815
163.2647
159.2488
162.4195
165.3359
166.6343
160.4014
160.1017
165.9748
163.1005
157.4026
157.9001
164.8977
164.4804
163.1288
159.4922
160.6597
164.6236
162.0623
157.995
160.7012
162.2244
160.6101
161.2212
161.7674
160.28
160.9891
160.1901
159.1776
159.198
158.9324
157.039
160.6848
165.4469
163.3333
163.5023
163.0389
159.7365
161.2425
163.579
163.8264
163.6301
163.116
160.3162
160.1279
164.3238
164.1202
160.4712
158.8132
161.6109
161.7325
164.9549
162.3182
157.7516
162.2592
164.052
165.2159
161.3903
157.0981
160.3304
165.0121
166.1866
