3.771355
4.255477
3.670797
2.934735
2.695268
2.934154
3.146992
2.835092
3.424394
3.2378
3.175438
3.006888
4.070092
3.584263
3.027805
2.659347
3.412283
3.376178
3.463341
2.881514
2.967754
4.299311
3.524701
3.014134
2.985499
2.783102
2.862581
2.627513
3.255406
4.148664
4.055532
3.420845
2.951331
2.64195
2.900651
2.812772
3.312805
3.534678
3.17743
2.827862
3.094215
4.143706
3.516332
3.122393
2.657669
3.975351
3.375864
2.798879
2.834677
3.087547
3.452115
2.87948
2.653286
3.028303
2.841797
2.766564
3.010818
3.068978
2.937925
3.257927
4.062503
4.268387
3.582057
2.965515
2.771381
2.866703
4.062094
4.476505
3.751321
2.902553
2.780666
2.95878
4.324449
3.519546
2.592587
2.870764
3.005811
3.177788
3.122193
3.771308
4.065308
3.146378
2.766407
2.567488
2.984508
3.435702
4.342684
3.457243
3.01961
2.676201
2.845615
3.713269
3.451735
2.880035
2.848096
2.799649
3.512464
3.352413
2.686008
2.609984
3.586438
3.60238
2.968693
3.077714
4.183163
3.932029
3.020827
3.570455
4.337068
3.34712
2.949001
2.936525
3.131479
2.855548
2.542917
3.166239
2.962159
2.932893
3.975827
3.161844
2.739043
2.856534
2.965073
3.902861
3.38527
2.842579
3.138307
3.67912
3.316092
3.113631
2.839545
2.590852
3.701709
3.72557
2.884391
2.616594
4.014182
3.525715
3.20497
2.630338
3.021458
3.101882
2.866562
2.787571
2.71931
2.846637
2.722796
3.051469
3.377497
3.765627
3.897165
3.19914
2.651437
2.5669
3.645463
3.769212
3.262329
3.06699
3.024452
3.015134
3.005057
2.892442
2.574998
3.040471
3.536533
3.299698
2.808141
2.753089
2.779746
3.513895
3.407808
3.506105
2.952259
2.961851
4.055855
3.576065
2.91122
2.854086
4.457558
3.534635
3.532495
3.376811
2.555652
3.878166
3.81074
2.90537
2.489296
2.975555
3.245605
3.169858
3.053911
2.66879
3.355989
3.223136
2.882913
2.863217
3.261691
3.233315
3.150381
3.378512
3.158985
2.808839
3.910114
3.561428
2.958481
2.608015
2.903739
3.349904
3.354563
2.915245
2.938788
3.213241
3.413726
3.543195
3.537031
3.416056
2.740466
2.930572
4.074005
3.514217
2.898624
2.836669
3.590904
3.153827
3.791375
3.746389
3.403501
3.094954
3.210728
4.523769
3.554924
3.104998
2.833051
2.970021
3.307499
3.030672
2.766825
3.066108
2.866379
2.990022
2.933706
3.056578
3.27202
3.682139
3.328609
3.085735
3.104398
3.020223
3.016019
2.837547
3.001161
3.176295
3.026501
4.193409
3.4314
2.887564
2.835093
2.849572
3.524216
3.821339
3.446039
2.631079
2.777693
3.134551
3.108426
2.943822
2.735829
3.033135
4.011436
3.207181
2.908022
2.802106
2.903563
2.857
3.308898
3.710323
3.907987
3.399942
2.720147
3.343979
3.851022
3.332909
3.088376
2.625991
2.910367
2.696465
2.743576
2.948023
4.124489
3.621221
2.701237
2.741362
3.22235
3.671494
4.715337
3.89519
2.685832
2.611048
2.807918
3.273033
4.064312
3.322288
2.821266
2.555941
3.414875
3.498556
2.909332
2.852315
3.165071
3.135291
3.10578
2.702959
2.891728
3.379076
4.128191
3.80845
4.143738
3.253196
2.929715
2.876111
2.764503
2.919586
2.80741
3.130641
3.04986
2.954162
3.193562
2.926923
2.80238
3.000432
3.330784
3.28801
4.014172
3.026129
2.670928
2.912933
3.013266
2.684792
3.452691
3.910795
3.61315
3.047531
3.358535
3.879919
3.50691
3.264635
3.147523
2.767408
2.565862
2.920759
3.411209
3.894548
3.689306
3.135104
2.847523
2.744429
2.817847
4.602301
3.707815
2.684555
2.866033
2.99082
2.884462
3.314948
4.004893
3.269333
2.772449
2.595489
2.716794
3.185358
3.116781
3.06354
3.638403
3.621613
3.706365
2.944409
2.816822
2.90771
3.31041
3.251005
2.724535
3.729351
3.730651
3.21018
2.902084
2.598137
3.097137
2.993508
3.043762
4.404504
3.508636
2.619502
2.659892
2.834209
3.116286
3.619884
3.174717
2.868843
3.276877
3.572685
3.735974
3.14751
3.204065
2.568655
3.089556
3.138394
3.156398
2.743724
3.007508
4.425139
3.652276
2.698549
2.69151
2.584008
3.810718
3.598523
3.09601
2.677024
3.128879
2.957405
3.044828
3.356017
2.965171
3.155543
4.024685
3.901172
2.997029
2.838531
2.677369
2.872934
3.140215
3.240253
3.221121
2.681797
4.143274
3.92913
2.653687
2.866251
2.775182
2.898208
2.744731
3.448026
3.431176
3.079337
2.866211
2.813142
3.128089
3.366374
3.494256
3.399734
2.573472
3.118838
3.432655
3.26531
2.843488
3.960442
3.358903
2.811977
2.660581
2.854095
2.813391
2.778465
3.02125
3.817894
3.743704
3.122088
2.949628
4.424559
3.663749
2.549956
2.675309
2.841963
4.128142
3.522634
2.88016
2.948157
3.871413
3.399538
3.200296
3.417945
3.580034
3.119372
2.850042
2.71618
2.955734
2.786667
4.016227
3.608025
2.977451
2.474936
2.496847
3.31415
3.223532
3.844948
3.5211
2.488111
2.695744
2.574543
3.798196
4.109477
3.626512
2.745412
3.685161
3.515216
2.676079
3.020975
3.064346
2.891427
2.783662
2.908932
2.705373
2.916588
3.634375
3.726948
3.64017
3.192168
2.878568
3.57492
2.738853
2.603692
3.104506
4.380332
3.749249
3.472658
2.640599
2.870331
2.701887
2.826629
3.085133
3.201682
3.12122
3.095545
2.849356
3.254251
4.172298
3.498844
3.007325
2.818699
2.957881
3.987387
4.091978
3.172357
2.727572
3.01163
3.766305
3.835773
3.150154
3.266233
3.311995
3.222097
2.956439
3.223749
3.82472
3.228948
2.979276
2.643334
2.948867
3.44281
2.986567
2.807812
3.073836
3.025886
2.661969
2.806023
2.788989
2.993036
3.670198
3.555358
2.585372
2.951975
2.711765
2.963178
2.772967
3.296974
3.641215
3.230667
2.903847
2.993864
2.926679
3.0729
4.608543
3.673775
2.786308
3.233387
2.639552
2.786414
3.176168
3.360617
3.254272
3.020291
2.864779
4.207355
3.852201
2.913427
2.678158
3.216296
3.282118
2.971165
2.780052
3.376678
2.771889
2.980122
3.168851
4.10216
3.288562
2.575366
2.486378
2.946812
3.107279
2.9923
2.808103
2.899026
3.143997
4.105679
3.363955
2.904889
2.764299
3.082019
2.944986
2.808468
3.023007
3.025832
3.029407
2.979963
3.49126
3.784747
3.375666
2.898304
2.9094
3.163561
3.514147
3.335651
3.122055
3.052164
2.831135
3.517911
3.56526
3.021498
2.775389
3.122127
3.792472
3.760818
3.636057
3.001145
2.80625
2.695676
2.717323
2.82189
3.328167
6.378129
3.283288
2.774104
3.135652
3.261512
3.195351
3.318452
4.712231
3.754049
3.097969
2.804984
2.821371
2.939053
3.487
3.658118
3.236417
3.361924
3.240572
3.019361
3.203211
2.901413
2.746961
4.168994
3.356295
2.667413
2.652429
2.820044
3.136568
2.890318
3.214986
3.155435
2.816618
3.806612
4.886514
3.627413
2.930611
2.706383
2.767687
2.877323
3.727397
3.315286
2.898556
2.981401
3.784308
3.626431
2.948623
2.88314
3.132799
3.189523
3.326682
4.035013
4.18464
3.224453
2.749446
3.239974
4.874965
3.385655
2.861794
2.775733
2.924322
2.785316
2.993476
3.559252
2.972311
2.986801
3.96899
3.678194
3.137993
2.726182
2.937971
3.683032
4.365878
3.927541
2.744522
2.526345
3.42445
3.944866
3.459769
2.743257
2.758526
3.334471
3.316042
3.79707
3.803786
3.024421
2.819126
2.820824
3.625621
3.281468
2.753093
2.770747
3.002476
3.005342
3.183714
3.512427
3.159904
2.841018
3.199766
3.220254
3.262771
3.170191
3.041486
4.473754
3.528118
2.922376
3.077722
2.906866
2.728074
3.107414
3.678892
4.253561
3.74668
2.799997
2.982995
3.046137
3.193119
2.908976
2.856381
3.852172
3.250025
3.017012
3.720845
3.815452
3.086786
2.663918
3.011373
3.838736
3.219011
2.870796
3.470639
3.753806
3.439936
2.876726
2.948452
3.049551
3.147989
2.87559
2.732192
2.792958
3.536377
3.273015
3.04962
3.840149
4.459683
3.703084
3.537883
2.971868
2.868294
2.744837
3.644698
3.117595
2.712309
2.63314
3.051237
3.822559
3.36994
2.941711
3.170559
3.217118
3.414428
3.104983
3.305166
3.000386
3.117547
2.868082
2.876673
4.1691
3.57606
2.803005
2.833933
2.829355
2.90183
3.130665
2.822091
2.982676
4.325974
3.541872
2.783528
3.133964
3.058496
3.243304
2.964019
2.88513
4.005589
4.340168
3.538357
2.754164
3.364907
3.606443
2.933324
2.939585
3.146378
3.197761
3.061104
3.710318
3.240489
2.940073
3.015934
3.594412
3.537662
2.790132
2.877244
3.0609
3.082507
4.267017
3.629943
3.202502
2.83226
2.721156
2.810777
3.05069
3.332601
3.364747
3.976356
3.69672
3.23544
2.849428
2.825897
2.912083
4.161208
3.472174
3.268846
3.086939
2.99265
2.996268
4.190325
3.571026
3.379456
2.782998
2.892488
2.820812
3.389021
2.943505
2.746062
2.662963
3.358682
4.315587
3.270738
2.901356
3.07429
3.623229
3.425533
3.366944
4.112128
3.633671
2.905309
3.161185
4.233019
3.521833
2.889577
2.991115
3.083628
3.234936
3.87167
3.101294
3.084784
4.213573
3.672396
2.897275
2.674422
3.392085
3.427116
3.067815
3.343432
4.02345
3.751704
3.017504
2.876207
2.97771
3.188314
2.843512
2.992883
3.192471
4.1994
3.72162
2.833486
2.970759
3.269018
3.361652
3.001997
3.046629
3.004644
3.287272
3.281064
4.351176
3.670382
3.052658
2.751255
2.774676
2.994052
4.566015
3.703451
3.083095
2.97095
3.127796
3.215625
2.887195
3.162267
4.129902
3.503828
3.016063
3.965316
3.426557
3.101631
3.197589
3.902144
3.596685
3.306261
3.292787
3.447288
3.302436
3.834165
3.568096
3.128519
2.944394
2.949375
4.100543
3.678329
3.233347
2.776446
3.151761
2.97594
2.766198
2.974144
4.006645
4.217573
3.408292
3.80011
3.469127
3.000593
3.04508
3.64769
4.381702
3.739814
3.106009
2.989421
3.360392
3.230743
3.782727
3.701432
3.411777
3.393408
3.393883
3.351965
3.089684
3.687305
3.326914
3.237575
3.130739
3.22676
3.5446
