24.89076
24.66016
24.39492
24.64149
24.30593
24.75852
24.43199
24.33335
25.23068
24.65376
24.29095
24.70203
24.36063
24.99362
23.99656
24.74554
25.49346
24.40776
24.52393
24.71616
24.33813
23.95867
24.72395
24.58038
24.6404
24.99636
24.48709
24.39045
24.61594
24.66544
25.34893
24.55916
24.22173
24.4406
24.68492
25.09895
25.17177
24.71074
24.24493
24.84767
24.20753
24.42283
24.83666
24.59041
25.56486
25.02822
24.30639
24.47502
24.37261
24.60125
24.46237
24.58051
24.30934
24.22136
25.36944
25.40071
24.52085
24.26997
24.56381
24.91599
24.26299
24.54911
24.68842
25.36824
25.27658
24.85428
24.21816
24.80044
24.68159
24.68175
24.66758
24.18204
24.77199
24.193
25.16546
25.18729
24.73624
24.78209
24.48559
24.46054
24.95848
24.90634
24.87064
24.39748
24.36501
24.16764
25.10687
24.73608
25.2677
24.22471
24.99887
24.69398
24.3304
25.07036
24.77156
24.37944
24.68009
24.7057
25.57193
24.99501
24.44441
24.22851
24.93385
25.05131
24.63449
24.18683
24.08283
25.04699
24.48472
25.16943
25.18318
24.03261
24.44234
24.60474
24.65429
25.01377
24.68018
24.86417
24.21014
24.77004
24.98039
24.43796
24.12189
25.05928
25.01435
24.3855
24.84688
24.66042
24.30321
25.13892
25.12803
24.94706
24.27998
24.19932
25.2337
24.54963
24.8728
25.16057
24.75455
23.91202
24.59305
24.88567
25.46538
24.51271
24.25453
25.01082
24.48151
24.90146
25.56762
24.7875
24.73606
24.34151
24.63983
25.02419
24.73018
24.53156
24.43987
24.43211
24.60358
24.78406
24.75396
24.84134
25.07657
24.53876
24.80963
24.5866
24.80359
24.93151
24.64752
24.9639
24.45857
25.15242
24.96677
24.51541
24.91938
24.77125
24.99799
25.01212
24.59151
25.255
24.82209
24.51822
25.14411
24.9557
24.49653
24.90111
24.85042
24.48836
25.20904
25.06671
24.86778
25.07247
24.40127
24.93572
25.24023
24.63247
24.66266
24.43473
24.76725
25.12382
25.03739
25.53229
24.50519
24.67219
25.09206
25.15866
24.62958
24.85047
24.91794
24.88504
24.57906
24.56594
24.86989
24.49525
24.64205
25.03449
24.88057
25.04861
25.32067
24.16873
24.50695
25.3733
24.91168
24.6567
24.73043
24.91685
23.97423
25.40422
24.5332
24.82113
25.32191
25.08335
24.80871
24.60121
24.69075
25.15598
24.71968
25.13785
25.04263
24.83355
24.84421
24.48069
24.75365
25.02735
24.73162
25.30758
24.9626
24.75242
24.45154
24.67233
24.92984
24.71855
25.40785
25.02092
24.56477
24.82821
25.07141
24.3628
24.54745
25.10623
24.76994
24.84519
25.4626
24.97502
24.91326
24.77875
24.99932
24.98059
24.84909
24.47626
24.75955
24.76715
25.30076
25.20826
24.64736
24.69408
24.78245
24.35419
25.31848
25.51466
24.70189
24.66797
25.20143
24.72572
24.31188
25.54842
25.12391
24.72624
25.02954
24.77529
24.89399
24.75416
25.14096
24.95859
24.32065
25.01933
24.86444
24.53085
25.14591
25.03599
25.33152
24.63369
24.94063
24.942
24.69684
25.20803
24.78007
24.97577
25.17662
25.35502
24.46023
24.56418
25.20935
24.98646
25.09067
25.23096
24.77238
24.81564
25.38813
24.88977
24.67315
25.16202
24.99643
24.78929
25.10804
24.97328
24.37824
25.51662
24.59472
24.10404
25.5681
24.95124
24.8412
25.35604
24.78043
24.95719
25.27633
24.67682
24.88957
25.29359
24.84089
24.81339
25.07674
24.9993
24.93025
24.72104
24.74916
24.81099
25.00792
26.11081
25.21527
24.85896
24.56761
24.92474
25.06831
24.99666
24.98044
24.63883
25.29912
24.6207
24.55056
25.44546
24.96178
24.56502
25.25389
25.08676
24.56621
24.82015
24.68848
24.47751
24.93207
25.33822
24.98975
25.29335
25.14998
24.98936
24.38774
25.39047
24.7658
25.07425
25.36266
24.93322
24.09915
25.04452
25.3229
25.07898
24.8499
24.62683
24.6551
24.826
25.3295
24.85217
24.93994
25.11973
25.23173
24.90846
24.88674
25.17704
24.94482
24.61842
24.82102
24.91502
25.79924
25.05575
24.58128
24.68512
25.27914
24.81233
23.65787
24.49097
24.36007
24.426
24.90798
25.14543
24.58776
24.64563
24.79621
24.68632
25.17123
25.26958
24.97058
24.9255
24.50184
25.18536
24.85581
24.43719
24.60446
24.47786
24.57862
25.22896
25.10336
24.85237
25.01615
24.83926
23.80643
24.68921
25.22157
24.91493
25.01996
24.79243
24.04721
24.78162
25.01678
24.80859
25.44736
25.32308
24.75487
24.88534
24.88861
24.79958
24.96411
24.53364
25.01073
25.27547
24.77716
24.73577
25.16768
25.0147
24.67443
24.92991
24.53125
25.60282
25.42296
24.82855
24.56212
24.98066
25.03686
25.35627
24.35543
25.45
24.81902
24.71548
25.24273
25.40438
24.50126
24.78928
25.28742
25.22376
24.54914
24.31286
24.84668
24.9589
25.08057
25.23058
24.52732
25.25827
25.33923
24.83938
24.54069
25.27613
24.92539
24.89495
24.65918
25.22792
25.3874
24.84942
24.52385
24.99362
24.43274
24.91598
25.72482
25.26985
24.77485
24.71503
24.72765
24.97507
25.34966
24.65444
25.14859
25.56946
24.51832
24.60697
24.97376
25.33562
25.29369
25.17165
25.14767
24.91388
25.25513
25.04072
24.82808
24.46511
25.3972
24.9019
24.67808
24.58856
24.80442
24.86658
24.90071
25.51518
24.74222
24.67205
24.51892
24.89736
24.688
25.49504
25.83065
24.52898
25.10836
24.71447
25.11027
25.02097
25.08139
24.57616
24.39782
24.785
25.78998
25.52697
24.42541
24.99751
24.74622
24.64988
25.164
25.69534
25.40113
24.52346
24.68614
24.73872
25.21338
25.07107
24.87615
24.89465
25.56118
24.7243
24.47909
24.53106
24.88195
25.15365
24.40015
25.25074
25.90775
24.76813
24.77486
24.60802
24.83319
25.13888
24.77272
25.17477
25.30758
25.03517
24.7491
24.59788
25.07794
24.99478
25.15623
24.42283
24.46116
25.37003
25.69416
24.60986
24.6757
25.46891
24.71745
24.88387
24.11617
25.41887
25.76669
24.54857
24.71844
24.83373
25.07334
25.59925
24.40946
24.18804
24.64547
25.20182
24.78699
25.36225
24.60826
24.83812
25.04064
24.52879
25.0936
24.996
24.61585
24.84038
24.69872
25.33519
25.75175
25.21617
24.68298
24.4692
24.87358
24.99456
24.6981
24.89422
24.78039
24.86507
24.99113
24.87869
25.21376
24.53886
24.93179
25.00227
24.73355
24.63635
25.33412
24.38575
25.14301
25.62181
24.97545
24.8536
24.70897
25.01716
25.29721
25.14684
24.56441
24.604
24.94434
25.20643
24.45574
25.18073
25.98966
24.71875
24.74174
24.65299
25.05039
25.66578
24.87739
24.71303
24.78362
24.66675
25.03429
24.84424
25.0066
24.76155
25.07052
25.77987
25.30702
24.18069
24.71686
25.15254
25.05798
24.96881
25.6024
24.63594
25.04622
24.73787
24.45382
24.93196
24.8749
24.95159
25.40959
25.35838
24.61446
25.11392
24.96649
24.53746
24.78287
24.50419
25.579
25.92774
24.91196
24.91524
25.03281
24.21258
24.68925
24.95942
24.66426
25.208
25.86169
24.94326
24.50064
25.21579
25.12333
24.98703
24.72452
25.15529
25.18437
24.84584
24.87657
25.22563
24.79258
25.02268
25.10563
25.19568
24.48745
25.46823
24.82979
24.60513
25.168
25.18782
24.77617
25.09123
25.47592
24.34877
25.28413
25.24344
24.60775
24.63912
24.72389
25.22779
25.38793
25.80904
24.76603
24.7554
24.64552
24.77263
25.60664
25.1054
25.05655
25.21368
24.18913
24.83915
25.09076
25.30684
25.59952
24.81221
25.22871
24.61894
24.44562
24.9249
25.21003
24.67718
24.54161
25.48968
25.26265
25.02989
24.13514
24.93531
25.0112
24.89938
25.059
25.16473
24.55558
24.61716
25.27386
24.44131
24.97469
25.50081
24.67052
24.60492
25.40842
25.14068
24.32759
24.93199
24.45496
25.06151
25.78032
24.77065
24.80474
24.73118
24.88733
25.61951
24.55811
24.71272
24.50971
25.39767
24.59186
24.88523
25.23558
24.16636
25.02855
25.036
25.11731
24.44105
24.84772
25.58253
25.05021
24.82195
25.31199
25.01985
24.94647
25.05181
24.55858
24.88844
24.38028
25.02109
25.12382
24.71608
25.50749
25.25697
24.9548
24.80431
24.79337
25.15023
25.16715
24.91183
25.2514
24.86715
24.82379
25.71993
24.73288
24.65601
25.429
24.54839
24.83685
24.63516
25.25456
24.54536
25.14335
25.21693
25.14988
25.03028
25.15322
24.62945
24.92256
24.9479
24.76328
25.02308
25.31336
24.84419
24.59768
24.57559
24.12526
25.84405
25.32834
24.59125
24.82866
25.41989
25.31471
24.92786
24.74865
24.69304
24.1934
25.28029
24.41643
25.50917
25.79283
24.33461
24.79784
24.36842
25.11544
24.47968
25.48891
24.99713
24.59812
24.73075
25.13607
25.22702
25.22711
24.62169
24.94396
24.90261
24.78538
24.54755
25.89563
24.60064
24.86655
24.84227
25.16556
24.57888
25.10195
25.17993
24.78219
24.72592
25.0281
25.33788
24.62892
25.2073
24.268
25.10155
24.82685
24.76739
25.11415
25.20063
24.92759
25.24383
24.97446
24.7677
24.92846
24.78967
25.44697
24.81108
24.24925
24.98539
25.02355
24.83762
24.54784
24.9164
25.58679
25.24455
23.91945
24.00522
24.93254
25.29661
24.32611
25.61162
24.92215
25.40207
24.43191
24.88651
25.2203
25.01882
25.08591
24.74802
25.06002
25.61391
24.68123
24.82189
24.00257
24.97112
24.87702
25.14462
24.90207
25.16329
24.92189
24.30606
25.09565
25.36675
24.99483
24.93726
25.08935
24.83834
24.78559
25.1532
24.89974
24.43402
25.5636
24.96427
24.85828
25.06449
25.1489
24.66187
25.02272
25.13136
24.33012
25.04039
24.83412
24.26573
24.71994
25.49345
24.66504
25.1025
25.08287
24.23269
24.94359
24.76337
24.31736
25.14632
25.2266
24.76255
24.82105
25.46382
24.22576
25.39149
25.44627
25.19837
24.43327
24.86336
25.11244
24.38923
25.57261
24.94648
25.14356
24.42933
25.4591
24.6315
25.15827
24.35922
24.96764
24.64147
25.16133
25.41527
25.04
24.74567
24.9726
25.22788
25.13318
24.89454
