101.3656
100.4335
101.97
103.4254
101.4223
100.8956
103.1363
103.82
103.5119
102.4298
102.3505
103.428
106.2941
103.1179
101.1312
102.3691
104.7613
106.3853
106.0056
104.7403
103.0342
103.5012
104.2975
103.951
103.9224
104.1277
104.5133
106.2078
103.3944
102.8622
104.2147
104.7977
103.6437
102.8228
103.6827
105.1598
105.1669
104.634
103.9126
102.4308
103.2008
105.0855
104.3919
103.6948
104.7592
105.2359
105.6204
103.5341
101.3093
103.8413
106.7594
102.595
99.77253
101.9485
103.6904
105.4047
102.726
101.2642
103.4865
103.6713
103.9193
101.8277
101.6136
104.2282
105.5395
104.3464
103.8244
103.7576
105.1713
105.0846
102.2122
102.1617
104.1166
107.8438
106.9922
106.1184
104.4798
104.0808
103.6804
102.77
105.3447
104.557
103.3803
102.6422
102.0187
102.7677
100.8471
103.1918
105.2128
105.4876
103.6442
102.7942
104.727
106.4361
106.8169
105.3594
103.4534
102.466
104.4648
105.9496
103.2539
102.0438
101.7466
103.8049
105.4436
106.3934
102.7835
101.7368
100.1822
101.0288
102.0773
102.5696
102.6576
102.6999
101.1918
102.9157
103.964
104.3932
105.527
104.2903
101.7183
101.7686
104.1055
106.9615
106.7131
103.02
102.2307
104.2659
105.6614
104.262
104.4262
105.0388
106.2978
106.5542
104.8958
103.5478
103.3145
105.2114
104.3151
103.6547
104.0862
104.0732
104.5965
104.6727
103.7002
102.3971
100.5481
103.3308
104.5956
101.6138
101.2323
102.8699
103.5393
103.7505
103.0203
102.5025
102.823
104.9113
102.1822
102.19
105.3064
107.2363
105.1642
103.3232
103.9091
104.6777
105.6997
106.7544
107.3234
102.0617
102.1753
104.2153
106.3442
104.6687
102.6536
104.3409
107.6258
107.3769
105.7737
106.5047
103.4116
100.9333
102.5015
105.4407
106.1703
104.0077
102.5342
103.233
105.5312
106.3532
105.5864
104.7609
105.4389
103.7257
104.1608
104.792
103.7282
102.109
104.0653
104.1916
104.5275
103.7595
102.679
102.3174
103.6337
104.7436
106.5317
102.7934
102.1364
103.5927
104.7671
103.6521
104.6162
105.2914
104.5415
104.4141
104.1692
102.9561
103.4567
105.759
106.2042
105.4804
102.8767
100.7466
103.1336
104.3885
105.9409
101.3965
100.9101
103.0514
104.0983
102.1946
101.4558
103.0885
105.2688
104.2978
102.603
103.7628
105.0251
106.665
106.4394
102.9711
102.51
104.0627
105.8607
105.6523
106.2007
103.9915
102.5274
104.24
106.4203
108.1564
103.9674
101.8656
103.5132
103.9452
106.3303
103.2946
101.2671
103.9623
105.6897
105.4448
104.1982
105.2233
103.7332
100.9749
102.6664
104.7038
106.935
104.7137
103.913
104.0968
104.3428
103.9516
103.1464
102.2827
104.4366
105.6523
106.1483
106.6007
105.3636
103.4564
103.5218
105.1526
106.801
105.1374
105.6946
106.7524
106.3582
106.6519
107.2368
104.5783
102.6626
104.6631
107.6354
105.2223
103.3148
103.9201
105.2479
107.2274
106.9866
103.7294
101.9728
103.8227
105.2013
107.5284
106.1216
101.8856
100.3055
101.8621
104.7437
104.1544
104.3843
104.0125
105.2121
105.5037
102.4706
102.9641
104.8445
107.125
105.2575
102.6597
102.4163
104.5543
106.4579
103.9543
103.458
101.5248
102.3845
103.2265
104.9393
104.6157
106.8896
104.2293
100.7555
102.2142
105.26
108.3292
106.4801
102.6752
101.9805
103.4986
105.1438
104.9219
105.1603
105.4314
105.962
105.7401
105.4043
105.6263
106.5337
107.9341
106.2365
105.7568
104.7629
105.3577
104.8605
103.3496
104.3012
105.1569
107.2633
106.3906
104.3459
102.3928
100.6661
102.8408
104.7165
105.6596
105.3876
106.0774
106.6091
106.5667
105.0467
104.5253
106.0489
108.2644
107.0705
104.5448
104.513
105.2373
105.8998
103.8743
104.6719
104.8177
102.6893
103.3465
104.7583
107.0341
105.171
103.7389
103.3306
103.0908
102.4507
102.476
101.7317
102.0164
104.4559
105.6751
106.2118
104.0866
103.5862
104.5712
106.2223
105.5729
102.9063
102.5095
103.578
105.102
103.2619
94.15519
95.90656
99.77744
103.9274
103.8128
103.4802
102.6536
101.5579
104.6003
104.3965
102.9629
101.3385
102.9623
104.6606
105.251
103.7768
101.4059
103.4518
104.3258
102.629
103.4362
105.7059
104.5817
103.6576
104.1951
102.2046
100.0764
101.5541
103.8318
103.3891
102.893
103.6814
105.3022
103.6947
101.8411
102.5499
103.5602
105.0378
103.158
103.4901
104.3784
104.9802
104.523
102.889
103.7992
105.8297
106.9139
105.8169
103.6135
102.1919
101.7027
103.207
105.2587
107.3954
105.9863
105.5793
105.4637
105.9215
105.6831
104.5633
104.7363
107.2931
107.4928
105.5468
104.1378
105.6082
105.0996
103.6025
104.7405
104.2431
102.918
103.8151
104.08
103.912
105.4283
105.0165
104.7024
104.9797
104.6525
104.4682
105.6369
103.5045
103.1946
103.0923
101.4308
102.0888
102.9134
105.4327
105.6214
103.2564
101.9192
104.102
104.2801
102.8446
103.486
103.9734
103.8377
105.9542
104.9161
103.7143
104.7401
106.0825
104.8582
102.2996
103.1992
103.8792
105.8577
104.2666
103.7807
104.6246
102.3258
103.3478
104.2376
106.1061
103.5666
104.3037
104.7603
102.5007
102.944
104.7241
106.8835
105.4068
103.6789
101.0585
101.5881
105.0171
107.8224
107.524
105.8392
105.4297
106.5341
106.9039
106.2157
105.2151
103.8267
102.8373
103.7338
105.6355
106.8443
105.0771
105.3981
105.9751
106.6731
105.9394
104.2129
104.6919
105.4766
107.0749
106.5559
104.8532
103.2617
104.8611
104.4575
103.1741
104.9719
105.9087
105.0774
103.1775
103.8311
104.7237
104.4967
103.6824
105.6877
106.9084
102.6192
102.2476
103.8704
104.017
102.9594
104.8186
104.8933
105.267
104.2264
104.5094
105.2625
105.8373
105.7705
102.6354
100.5381
101.9138
104.2664
102.4454
104.0245
105.7054
103.503
103.8027
103.8724
105.5307
106.9878
102.3535
101.9275
103.8377
107.0742
101.9522
98.21451
101.3949
104.2178
102.7418
101.909
103.9336
103.2414
101.6945
102.8782
104.0896
103.6376
105.251
105.7874
104.4004
105.0279
105.8447
105.2837
104.6555
104.5113
106.2957
105.8928
103.109
102.511
104.2865
106.4318
103.9499
101.5219
103.2989
105.4108
103.458
103.7524
103.9313
105.3364
105.7907
105.1254
103.7841
102.1518
104.2907
104.5113
104.5863
104.0816
105.0918
105.8208
105.4262
104.5565
102.89
105.239
105.8
104.0901
103.2355
104.3335
106.3885
106.1108
105.2555
104.4198
104.9259
103.8272
102.4506
105.0584
104.5762
102.6937
103.8827
105.6232
105.9549
105.5979
106.2724
104.5008
102.5569
104.3135
106.3263
104.636
103.0194
103.7434
104.9738
105.7141
103.9516
102.0548
103.5355
105.4893
105.506
102.5796
103.0928
104.1304
104.0334
105.0175
105.2838
104.9051
105.8564
105.9103
105.6656
105.1551
106.2671
106.3684
105.4586
106.0274
107.1719
106.4037
102.3427
101.7002
104.4863
107.744
105.5338
103.7334
101.3049
103.6211
106.0393
107.4813
106.2868
105.719
105.3438
105.8569
104.585
105.3234
104.8655
103.1292
104.7323
107.0904
106.0289
105.1621
102.3956
104.8317
106.7059
107.258
104.5554
103.3911
103.3132
102.1495
104.9393
105.0338
104.3647
103.8942
103.1008
102.9417
103.9112
102.9057
102.0697
104.5328
105.3117
103.9487
104.1435
105.382
104.3043
103.0924
102.7013
103.0753
104.5853
105.2107
103.2484
99.63575
101.288
102.3651
105.505
105.3792
102.4503
102.8614
104.8619
103.6438
100.9565
101.704
103.1134
102.5977
102.3229
102.8886
104.4415
104.971
103.5043
103.8245
104.3658
102.7445
102.4581
103.5616
101.5026
101.733
104.431
107.7088
107.4057
104.9185
104.0569
103.3241
105.1998
105.8738
106.0946
106.4827
106.7203
103.2639
103.0087
104.7306
106.9435
104.243
101.0479
100.3885
102.8035
104.516
104.9752
106.2742
102.1442
102.2581
104.6631
105.6597
105.1685
104.5131
104.3617
103.8221
104.2743
102.6309
102.6951
104.5397
106.382
106.0185
106.427
105.2689
102.0835
102.1329
103.5089
106.4021
106.8033
102.8699
101.5016
101.605
105.9018
103.9629
102.1002
101.8979
102.3995
105.7132
104.9495
104.5116
103.5626
101.0136
102.8916
104.3959
105.4721
105.4104
104.6506
105.2265
102.8631
102.637
104.3015
106.7732
104.8943
101.4892
100.755
103.8739
104.8769
105.2204
104.4879
102.5652
102.8807
103.2872
102.9868
102.7005
103.8993
105.4292
106.027
105.699
105.5576
104.8241
105.0303
105.5147
105.0231
106.0271
104.9159
103.5796
103.4634
105.0709
105.0584
106.1332
102.8927
102.5682
102.399
103.7063
104.872
106.1294
103.9778
102.8923
103.8242
107.0078
104.4363
101.3566
104.1458
105.7336
106.3461
104.5528
102.2194
101.7238
104.6943
106.3355
107.1732
104.2688
104.5913
104.1446
105.2953
106.1247
106.1058
103.2857
102.6794
103.5382
107.1369
105.1512
101.8918
102.6975
104.6864
107.3309
105.9588
104.7315
104.5925
105.6288
105.6515
104.7569
98.90831
97.12584
100.252
103.1639
103.7792
102.9498
101.0498
100.4095
102.2797
105.7288
105.8997
103.7964
103.9805
104.5082
106.6457
104.5708
103.8586
104.8512
104.5168
104.7244
105.7013
106.3006
103.3317
103.2132
104.8243
105.5149
101.4926
102.3818
103.7901
105.9232
105.2553
101.3583
103.6332
105.0924
106.494
104.8652
101.4835
102.1101
102.9959
105.7806
103.926
103.5372
104.0145
105.5624
105.8314
104.8253
102.8435
101.2576
102.5937
102.992
105.7707
104.7055
101.9854
99.55759
99.36983
103.6482
102.0166
102.7845
102.741
103.7952
105.6214
105.7619
103.9909
102.6344
103.3923
104.1795
105.4419
106.2548
106.3064
105.4666
102.1881
102.587
105.2254
105.8138
102.4268
102.1135
103.6056
106.3937
107.1288
105.3951
104.3194
105.2282
103.726
105.4153
106.4558
106.2758
103.8249
104.9782
