53.18312
53.5285
54.14636
54.04565
53.70972
53.3531
53.63876
53.71332
53.581
53.84295
53.3392
52.82976
53.94679
53.76648
54.11936
53.63966
53.96296
53.0802
52.53201
53.50693
54.30243
52.69896
54.13665
54.06823
53.74451
53.4338
52.59835
53.58577
53.43219
52.68704
53.92627
54.1807
53.35743
54.08105
54.04293
53.82652
53.32478
53.70051
53.85574
52.71874
53.96566
53.70637
53.06794
53.8844
53.42779
52.39088
52.81411
52.96689
54.16065
54.03363
53.77493
52.73402
52.39523
53.27185
54.06728
53.4767
53.85381
52.03874
53.86321
53.66527
54.2545
55.06932
53.73593
54.09861
54.05591
54.32521
52.69101
53.35592
54.2212
53.59961
53.64105
54.6036
54.08365
53.46075
53.01633
53.97168
53.85793
53.62018
53.8726
53.88388
53.16994
54.19986
53.86047
53.75849
53.93542
53.62598
54.27736
53.95488
53.68262
54.35448
52.71503
53.86721
54.6224
53.79908
54.14534
53.5728
54.12903
54.43775
53.85808
53.41372
53.94328
53.51189
53.99856
54.03808
54.09414
53.51388
53.49661
54.62998
53.81599
54.74099
54.15429
53.03787
53.86493
53.41634
53.56944
53.83697
53.89502
53.71737
54.18904
53.54728
52.37939
54.64856
53.6411
54.17226
54.84847
53.43576
52.68458
53.22427
55.22947
53.91256
54.9579
53.69957
53.77444
53.6202
54.21899
53.70493
54.19579
53.47019
54.01248
53.08702
53.93474
52.60833
54.9622
53.86095
53.86936
54.11148
54.21709
53.45857
53.93526
53.78524
53.36299
53.40783
53.98944
53.93706
54.25364
53.97302
54.06193
53.66005
53.72648
53.32021
54.31347
53.48534
53.69973
54.60286
54.40677
53.9725
53.82707
54.55819
54.11316
53.89066
52.84904
54.28724
53.29935
54.58369
54.16882
53.54944
54.25201
53.86674
54.17335
52.98206
53.69804
54.35475
54.01377
54.89723
54.20285
53.72601
54.80031
54.61666
54.17606
53.67482
54.39487
53.93777
54.43587
53.31572
53.95585
53.95623
54.03255
54.76925
53.55656
54.03042
53.64768
53.29273
54.50642
54.57938
53.82393
54.63669
53.46552
54.16541
53.85898
54.16108
53.91629
54.2112
54.08957
54.32612
54.42704
53.95451
53.90715
54.95263
54.2408
54.37758
54.22862
54.53297
53.51722
54.64528
53.46186
53.82537
54.82057
54.14988
53.82315
53.65073
54.69459
53.46908
53.75526
54.63974
54.49875
54.1728
54.1101
54.06786
54.52612
54.21938
54.39263
54.70952
54.40345
53.6939
54.94413
55.03289
54.64478
54.26349
53.19594
54.66419
54.15591
53.96332
54.02122
54.41171
54.3834
53.76994
53.84993
53.97625
53.16259
54.36743
54.03891
54.68668
54.63354
54.17713
53.6662
52.74883
54.69553
54.41473
54.55151
55.18507
54.46655
53.81921
53.84202
54.90577
53.65188
54.41889
53.45769
54.92632
53.60542
54.44562
53.74987
54.59823
55.40041
53.94812
54.29145
53.8663
53.27561
54.33249
55.42208
54.23602
54.85524
54.95234
55.02256
54.00129
53.13161
53.70229
54.68502
54.28533
54.44113
54.67182
54.23911
53.08915
54.06524
54.15662
53.11891
54.985
54.45415
54.23522
53.9461
52.59144
55.02346
54.90106
54.59754
54.66708
54.50439
54.92174
53.4895
53.41446
54.23999
54.51513
54.84915
55.28627
54.24636
53.27445
53.92641
53.75147
54.70559
53.09929
53.89845
55.18126
54.97431
55.69318
54.11923
54.18226
53.50956
54.32712
54.98288
54.02315
55.3037
54.80532
53.23824
53.37829
53.96832
53.68499
54.79203
54.22667
55.39994
54.77818
53.10484
53.60237
54.49498
53.95094
54.52599
55.0644
53.46741
54.87445
55.35277
53.63885
53.14732
54.02358
54.35994
54.32942
53.70871
53.06672
53.58112
54.5298
53.96586
54.51363
54.87795
54.82121
54.00002
54.45354
54.87951
54.1944
53.7116
54.25755
54.44476
53.8835
54.1875
53.60313
52.53912
55.0707
54.20826
53.92374
55.46501
54.894
53.07838
53.00186
54.93668
53.90944
54.42041
55.07295
53.75129
54.09021
54.29114
54.18818
54.48873
53.34523
54.19173
54.54478
55.48946
55.57251
54.40417
53.86543
54.16519
54.55922
54.51026
54.79055
51.80123
50.1021
52.52863
54.43937
53.92162
54.08614
54.52537
53.93581
53.90932
53.25129
53.88233
54.12734
54.85505
54.38369
53.85362
54.71426
54.48168
52.23213
53.77355
54.28492
54.69368
53.43693
53.64182
53.98195
54.31969
55.21334
52.8069
53.00904
53.23764
54.54931
54.49916
53.64126
54.67392
54.82927
54.24276
54.6864
54.49432
52.7885
53.88719
54.34205
54.84092
54.17447
54.3401
54.1776
54.30297
54.75402
53.9337
53.76291
53.30835
54.73249
54.85089
55.02584
54.31347
54.3241
54.40205
54.71035
54.19342
54.02188
53.16555
55.55817
54.08051
54.59101
54.67134
53.18801
54.46055
53.7896
55.20574
54.22096
54.48075
55.04756
53.61708
53.69646
54.03283
54.20171
54.06455
54.8706
54.37375
55.01718
54.14877
53.41732
54.17944
54.43483
54.52005
54.17885
54.33729
54.30051
53.42204
55.0162
54.42317
53.80668
53.54113
53.83965
54.56499
54.53794
54.89268
54.62706
54.64193
54.77238
53.59504
53.65899
54.65328
54.73738
54.7053
55.26429
54.26191
52.78722
54.80331
53.84155
54.30885
55.56888
54.6678
54.76389
54.3359
53.44132
55.15243
54.84
54.04102
54.76441
55.68929
53.85175
54.10356
54.21121
53.55689
54.73434
54.31414
54.15485
54.5139
54.61367
53.92117
53.95361
55.03578
54.94231
54.25169
54.11833
54.69764
54.07959
54.94251
53.81066
53.65984
54.39333
54.10176
54.76867
53.10991
54.27306
54.32119
54.96841
54.55618
53.97395
54.35747
54.74022
54.37667
54.63968
54.47351
52.93364
54.68845
54.35731
53.74311
54.85645
53.70089
53.9435
54.78938
54.39768
54.3811
54.33204
54.2798
54.65657
53.54654
53.32568
54.76517
54.37371
53.67812
55.13356
54.19699
54.70764
55.24254
53.9575
54.99931
54.09314
54.25641
54.08649
53.94664
54.90257
54.6083
54.191
54.63493
54.93225
53.77212
53.99052
54.15145
54.58662
54.44588
54.66161
54.07406
53.77563
52.02312
53.07401
53.89194
54.33017
54.89829
55.08268
54.9366
54.55273
54.25983
53.38359
54.86176
53.34582
55.14277
54.94407
53.99704
53.66436
54.46358
54.65275
55.38645
55.28674
54.71267
54.09351
55.05684
54.48411
54.33998
54.62406
54.03876
53.77332
54.41091
54.25861
54.3628
53.18029
54.74728
54.00208
54.74352
55.32178
54.91872
52.46253
54.05661
55.56111
54.36324
54.8193
55.46863
54.33499
54.05891
54.71814
54.63629
54.53487
54.38229
55.13202
54.71479
54.36334
54.64908
54.96673
53.78704
54.50028
54.12992
53.93296
53.53138
55.07901
54.16811
55.79884
55.20877
55.06585
54.10794
54.53186
54.67223
55.00919
53.95329
54.6958
55.18846
54.6735
54.31082
54.04338
55.18869
54.05542
54.11462
53.84863
53.32547
54.71397
54.59316
55.42344
55.72049
53.93783
54.48056
54.90103
54.80339
55.74988
54.79678
54.30025
54.10661
53.15772
55.11963
54.79186
54.69773
54.90624
55.38997
54.11135
54.13905
54.40207
54.38688
54.817
54.10722
54.20163
54.6523
54.6667
54.22207
54.56023
54.85018
55.07735
53.17827
54.62613
54.6883
54.62661
56.05819
54.62447
53.48035
54.70759
55.95212
53.81322
54.83394
54.72556
53.51284
54.08244
54.15588
54.32418
54.51842
54.19682
54.43064
52.74925
54.39109
54.38834
54.22615
54.5994
53.83158
54.15432
54.47335
53.6926
55.58696
53.28187
55.17678
54.69904
53.60017
53.95903
54.13237
55.11319
54.73191
54.82946
52.14918
54.13531
53.90634
54.21751
54.22405
54.59074
54.15829
53.93262
55.05706
53.60295
52.63645
54.64838
54.55444
54.5335
54.54676
54.66033
53.83936
54.55117
53.79288
53.79648
54.28976
54.90385
53.20026
54.71017
53.8474
54.6034
54.42803
54.09298
54.30518
54.46916
54.46133
52.78531
53.76978
54.75701
54.13217
54.79818
53.95872
53.84756
53.38277
53.05971
54.61815
52.78482
54.20225
55.1607
53.88543
54.17887
54.5752
54.14703
54.05841
54.43727
53.734
54.65029
54.27158
54.03658
54.41291
53.01046
54.33549
54.87145
54.50607
55.14399
55.1705
54.58478
54.62383
52.56335
54.3567
54.3753
54.88074
55.10356
54.32799
54.80731
54.46582
54.80423
54.57311
52.60698
53.846
54.9599
54.00053
54.90801
54.67989
53.12602
54.23314
54.77566
54.04994
53.76023
54.99018
53.95059
54.45726
55.01714
54.02905
54.34068
54.20055
54.22899
54.5527
54.19867
53.47942
53.46423
55.29349
53.93125
54.05702
52.21577
55.13706
53.83459
54.92111
55.91651
54.90883
52.5831
54.22088
55.01192
54.93543
55.55378
54.82932
55.03
53.95354
55.35835
53.31725
54.26431
55.48126
54.06137
54.31889
52.8523
53.7522
54.48901
54.24973
55.22581
53.46579
54.48738
54.73235
55.49937
55.60389
53.48917
53.48814
53.8747
53.65016
55.74986
54.3916
53.99129
54.23325
53.04533
54.13518
55.40721
54.10619
55.13326
55.57404
53.44707
54.3434
54.73703
54.33224
54.50864
54.86869
54.45082
53.61137
54.51747
54.59284
54.74047
54.39708
53.6621
52.7916
54.49787
54.15796
54.33667
55.70845
53.77268
52.70981
52.96605
53.72841
54.56902
54.37413
54.89286
54.0023
54.28002
54.13714
53.49907
54.2104
54.14432
53.32356
53.79428
54.39537
54.67085
54.99288
54.72808
55.18534
55.00542
54.55001
54.00571
54.21482
54.94091
54.07209
55.07214
54.53864
53.69879
54.39234
54.16936
54.23931
54.70506
53.40016
54.97316
54.47285
54.6986
54.6481
54.58543
54.60706
53.71231
54.53044
54.34575
54.3074
54.44608
54.78453
54.62238
54.5638
53.44703
53.66038
54.67226
54.87371
54.20307
53.91967
52.19835
52.91021
54.24686
54.36465
54.98777
55.46724
53.04076
54.71962
54.25336
55.00984
55.35754
53.5363
55.54092
54.87835
54.44593
53.93494
54.86501
54.98752
54.45083
54.89639
54.08176
53.36503
52.95168
54.31358
54.38561
54.79248
55.38538
54.56921
54.6456
54.32012
53.49871
54.97317
54.05204
55.0668
55.74992
