25.30569
24.59537
24.19552
24.58141
24.42623
24.64247
24.78289
24.45317
24.66625
24.34703
24.17937
24.87719
24.34198
25.24046
25.14423
24.89789
23.72403
24.67633
24.89192
24.86796
24.83573
25.08897
24.26641
24.03228
24.97958
24.18514
25.25121
25.03217
24.66138
24.41346
24.725
24.36069
24.6307
24.70417
24.53832
24.18614
24.88762
24.15521
25.2601
25.14061
24.36156
24.47531
24.49564
24.64905
24.53827
24.68007
24.79979
24.66973
24.60536
24.64392
24.6751
24.34016
24.50782
24.66794
24.56821
24.63473
24.95348
24.61572
24.30464
24.61491
24.80925
24.55959
24.83191
24.83365
24.60364
25.05001
24.98943
24.85068
24.54517
24.53721
24.78819
24.20853
25.19834
25.38267
24.27561
24.18381
24.52384
24.76795
24.93738
24.48779
24.82397
25.21864
24.86778
24.26997
24.253
24.88084
24.55891
24.55445
24.75483
24.63431
24.41133
24.31927
24.36793
24.99812
25.09649
25.04433
24.10878
24.70537
24.87292
24.54649
24.98011
24.25509
24.48134
24.71744
24.82888
24.95842
25.21045
24.57714
24.58588
25.26523
24.70849
23.90738
24.89172
25.35015
24.23154
24.55209
25.05069
24.37705
25.04124
24.43644
24.23294
24.35642
24.52834
25.27476
25.35777
24.2843
24.46908
24.81351
24.75563
25.18936
24.54971
24.76542
23.91253
25.30443
25.52225
24.24257
24.84118
24.26356
24.69792
24.79569
24.43413
24.68831
25.48199
24.74321
24.63863
24.70282
24.32644
24.63684
24.5947
24.89658
24.4632
24.82457
24.48863
24.63888
24.44307
24.85148
25.3655
25.11515
24.62528
24.28245
24.93378
25.09274
24.1483
24.59895
24.60458
24.53264
25.13947
25.33592
24.66247
24.27534
24.71649
24.71558
24.98376
25.05755
24.14217
24.63531
24.58291
24.58355
25.0929
24.74859
24.75954
24.4168
24.56748
24.74441
25.46981
25.19942
24.55052
24.49373
25.18087
24.57735
24.40057
25.34086
24.69235
24.65261
24.66902
24.95899
24.59692
24.73697
24.74334
24.84593
24.71499
24.35199
24.63299
24.98665
24.77102
24.67812
25.30542
25.25305
24.04518
24.80479
25.29372
24.28027
25.45262
25.36413
24.43459
24.77294
24.81665
24.59296
24.88844
24.61711
25.31362
24.48734
24.86655
25.23109
24.81848
24.49683
24.9131
24.91381
24.53158
24.48731
24.58433
24.76042
24.5036
25.15432
25.28586
24.86936
24.58112
24.98916
24.93089
24.72338
24.59138
24.93362
24.12523
24.85228
24.24018
25.17601
25.14326
24.76475
24.59847
24.88978
25.59959
24.51489
24.66671
24.69004
24.6353
25.12148
24.94756
25.12739
24.57581
24.78493
24.54821
24.29317
24.93705
25.17344
24.74742
24.64177
24.82669
25.09708
24.75222
23.94083
25.36464
25.11353
24.99856
25.2276
25.04007
24.93426
25.03103
24.94
25.10635
24.50636
24.85492
25.29303
24.99321
24.79402
25.28765
24.93461
24.9076
24.84582
25.10071
24.72979
24.45217
24.8919
25.3287
24.34471
25.38965
25.42406
24.5974
24.83118
24.89826
24.73944
25.27452
24.69907
25.19934
25.30393
24.9967
24.50889
24.79186
25.0634
24.7879
24.86192
25.41408
24.67016
24.97586
24.98163
25.18604
24.4657
24.53465
25.08585
25.01588
25.72437
25.13683
24.55902
24.83834
24.62952
25.31582
24.77128
24.39174
24.57561
24.65158
24.99911
24.6938
25.06232
24.76086
24.99306
25.43955
24.33147
25.18115
24.71174
25.17332
25.53483
24.70539
24.8893
25.16731
24.86537
24.60743
24.38461
24.79934
24.91893
24.8869
24.81713
25.6165
25.53019
24.8361
24.69286
24.72699
25.03098
24.52253
25.01052
25.56193
24.69096
25.35264
24.62995
25.50205
24.74089
23.71975
24.32034
25.07142
25.13254
25.41759
25.55239
24.59683
24.12467
24.64155
24.9473
24.84778
25.76754
25.27089
24.62758
25.08186
24.95141
24.39715
24.85375
25.19353
25.53386
24.8157
24.87637
24.44951
25.18898
25.25394
24.89723
25.10076
24.62999
25.02872
24.84951
24.9595
24.69569
24.71456
24.86965
24.26343
24.71358
24.9653
25.52345
24.97005
25.4342
25.06359
24.55508
24.26304
24.90979
24.12402
24.19729
24.52455
24.55111
24.83356
24.86685
24.59493
24.38173
24.57219
25.13988
24.79088
24.43619
25.10983
25.37402
24.67841
24.35481
24.86476
24.36351
24.75125
25.55103
25.2784
24.59146
25.10834
24.6669
24.65388
24.67763
24.03802
25.35339
25.11049
25.69503
25.10451
24.78973
24.73387
24.92965
25.21399
24.48972
24.97075
25.12473
24.69825
25.13672
24.51691
24.56678
25.25953
24.93418
25.51497
24.6656
24.68892
25.17891
25.37782
24.42903
24.81184
25.06993
24.90192
24.90497
24.54735
24.70213
25.19685
25.2452
25.21005
24.46399
24.94301
24.37171
24.88563
25.32268
24.96811
25.33512
24.99236
25.04861
24.51688
25.30738
24.91201
24.6389
24.96075
24.88449
25.29663
24.46757
24.93571
25.10766
25.12029
25.37049
24.92604
24.86364
24.94723
24.25464
24.6876
24.93219
24.94036
25.26468
25.56271
25.22469
24.57614
25.17802
24.79667
24.66114
25.34486
24.73783
25.21457
25.21345
24.99796
24.98525
24.62628
25.436
24.74171
24.70978
24.49562
24.88311
25.35341
25.16865
24.57371
25.13355
25.04911
25.08192
25.1172
25.03338
25.02937
24.64785
24.97697
25.13599
24.58951
25.08654
25.15685
25.14907
24.88607
24.53351
25.13398
25.18444
24.96375
24.71566
25.38934
25.16703
24.96368
24.76428
24.59648
25.52643
25.09188
24.72345
24.56671
25.01052
25.00578
24.70665
25.59559
24.65354
24.5107
25.0416
25.12411
25.13388
25.05759
25.09754
24.61369
25.38612
25.07483
24.47455
25.21017
24.49305
25.3419
25.45406
25.0673
24.90762
25.06343
24.94854
24.21986
24.57506
25.33958
24.44691
25.36047
25.5284
25.23604
24.42633
24.9084
24.75754
25.48281
25.47191
25.26159
24.48455
25.10451
24.58496
25.03385
25.70699
24.82467
24.86132
25.24354
25.09826
24.90935
25.19433
24.87741
25.23944
25.25178
24.5281
24.76921
25.27705
25.1799
25.32328
25.03704
24.9186
24.67833
24.6868
24.78915
24.81654
24.55888
24.80266
25.5782
24.95657
24.66739
24.9864
24.7934
25.18621
25.28109
24.93434
24.7623
25.0463
25.06905
24.96055
24.80316
24.8458
25.34095
24.9916
24.2854
24.78529
25.26068
25.55858
25.28497
24.84126
24.5014
24.8744
25.31314
25.14054
24.6212
25.00526
25.23305
25.06833
25.45555
25.2064
25.08065
24.94977
24.85762
25.21553
24.82717
24.48122
25.70003
24.82844
25.09748
25.12502
24.64169
25.4438
25.1985
24.60248
24.90096
24.88401
24.7397
26.01507
25.62829
25.03408
25.32467
25.44361
24.86518
25.07835
24.36765
25.47443
25.07482
25.1463
25.87777
24.9479
24.90795
24.75884
25.51679
25.50977
25.01091
25.14863
24.76567
24.60262
25.4111
24.71087
24.57813
25.30311
24.70327
25.83242
25.57621
25.20717
25.52549
24.9077
24.629
25.25591
25.29989
25.73132
24.7062
24.89386
25.75948
25.00067
24.83447
25.74395
25.09787
24.72402
25.11936
24.7266
25.51803
25.35821
24.96239
25.15175
24.60588
25.01815
25.44938
25.40691
25.04742
24.83563
24.77675
24.69723
25.13707
25.13091
25.75136
25.63041
24.951
24.83392
24.76763
24.82007
24.81227
25.5187
25.28532
25.60202
24.26901
25.02547
25.05524
25.00053
25.2977
25.08853
24.71814
25.07091
24.54716
25.1795
25.00788
24.44235
25.36361
24.57233
24.93241
25.30752
25.23182
25.25124
24.75441
24.77541
24.75935
24.92959
24.44671
25.58156
24.69418
24.60606
24.59656
24.99437
25.35526
24.85406
24.62731
24.77755
24.91811
25.30249
25.22246
25.06279
24.80994
24.81669
24.73067
24.7222
24.75102
24.54492
25.34509
25.04103
24.78613
24.60349
24.50019
24.88038
24.82178
24.81881
25.79635
24.80037
25.02069
25.27112
24.93715
24.09301
25.0598
24.99947
25.36811
24.29112
24.79621
25.27997
25.15537
25.52402
25.14344
24.18367
25.07053
24.30762
24.69817
25.22412
24.62404
24.88985
25.09027
24.74186
25.37433
25.17949
25.09401
24.50533
24.58168
25.03083
25.22067
24.62997
25.15967
25.24337
24.74161
25.07356
25.07541
24.84166
25.19378
24.6349
24.66325
25.13162
24.22482
25.33923
26.12175
24.88129
24.70707
25.13278
24.68351
24.71238
24.48055
25.57358
25.05162
25.21131
25.07334
24.92224
24.35775
25.01565
24.29207
25.27464
25.65447
24.45343
24.84558
24.95693
25.25207
24.85526
24.60653
24.75899
25.2111
24.62637
24.8409
24.42928
24.66054
24.82421
24.90727
25.18055
24.77566
24.65734
24.53254
25.04998
24.87815
24.51987
25.16515
24.82544
24.70709
25.29372
25.15209
25.19757
24.32304
25.25557
25.17917
24.47528
25.01192
24.70482
24.73056
24.80701
24.72959
24.8499
25.48179
25.33024
24.86149
24.93502
25.212
25.1623
24.56071
24.67309
25.42411
25.04992
24.7091
25.13737
25.11808
24.80159
24.87271
25.23414
24.93162
24.92979
24.84678
24.80385
25.04203
24.72157
24.34025
25.36725
25.29215
24.76324
24.77933
24.70168
25.00226
25.63694
24.98428
24.97795
24.58402
24.63528
24.63323
24.49839
25.04306
24.63129
24.48766
24.52867
25.01766
24.03897
24.95782
25.0352
24.59446
25.26097
25.06729
24.86247
25.12351
25.3186
24.4403
25.30558
24.84192
25.14419
25.22981
24.56586
24.79516
24.99398
25.14377
25.32331
24.44197
25.41577
25.72986
25.2674
25.04717
24.97534
24.72013
24.91403
25.61636
24.70684
25.11188
25.76637
24.1901
25.63994
24.68766
25.08955
24.98228
25.21572
25.15501
25.12668
25.10902
24.61012
25.13613
24.95541
24.98177
24.79523
25.256
25.00385
25.09239
24.97042
25.17763
24.11389
24.47865
24.81135
24.6434
24.91168
25.17302
24.7937
25.20986
25.48702
25.19916
25.15267
24.15156
24.91348
25.61214
25.11078
24.96272
24.82649
24.90194
24.94193
25.11905
24.8891
24.81552
24.47632
25.33933
24.76906
24.76026
25.03884
24.59154
25.55136
24.86423
25.32693
25.0616
24.81438
25.07735
25.11721
