156.121
156.4466
158.3988
163.0067
160.8435
158.7458
160.5941
162.2446
161.9655
163.7394
162.9129
157.0771
159.1747
163.0094
163.8977
160.1691
160.812
160.7367
160.3102
157.9162
159.9312
162.2162
160.3497
158.7212
161.2876
162.0158
159.2158
159.55
162.3807
163.1697
154.6612
157.5939
162.2688
163.1878
158.4919
156.6257
162.033
159.9912
160.2917
159.409
161.1705
162.3676
159.4855
158.7796
158.7448
158.574
156.5367
156.984
160.7202
160.1742
157.9446
160.0598
156.0569
158.0556
161.5743
162.0434
159.0485
155.8763
158.3248
162.9541
162.5898
158.4482
160.5344
164.2069
163.5856
162.5205
159.543
158.5695
161.9426
164.0841
162.9266
161.9575
160.6829
161.8344
162.0873
162.2637
163.4382
160.1282
164.7318
163.4958
158.2894
159.5928
163.9021
163.477
157.9236
157.8808
161.2395
163.7079
159.8523
158.5367
160.7132
161.6593
162.5271
161.4248
161.5413
162.2059
163.5755
161.8416
160.1812
160.4184
162.3479
161.4503
163.4922
164.2537
159.8573
159.5322
159.3598
162.3365
164.6317
162.4027
159.1953
159.4171
160.0717
163.4734
159.4274
156.8042
159.4831
162.4108
161.6718
158.9045
156.8773
159.5797
161.8102
162.4381
161.1514
156.4629
157.67
160.0986
160.3994
161.3696
162.2525
162.7656
163.0283
158.4841
159.075
163.5494
160.2568
157.8027
158.3252
163.0254
160.8624
155.8149
157.955
161.2806
163.1509
158.7846
157.9949
161.0688
160.0798
158.795
159.6995
161.4923
159.9809
160.4504
162.6702
163.0099
161.7522
162.2821
160.8777
161.1599
160.9158
163.3435
163.5788
159.5875
161.3331
162.4842
164.446
163.1276
162.771
162.7594
159.0235
160.6885
160.731
162.3537
164.013
161.2549
159.5618
163.1449
163.7747
157.151
157.6329
163.2619
164.1189
160.8219
158.7194
162.7162
162.5618
163.6176
164.7257
164.4913
161.7247
163.2424
164.1793
162.5734
158.7433
161.418
162.4281
163.5146
163.1466
161.0195
159.3782
158.3758
161.205
162.4716
162.2161
160.78
158.8637
161.9499
162.534
161.1725
157.4996
158.9063
164.1737
163.0919
162.1295
161.5267
162.426
164.9301
163.9798
164.8742
162.4192
162.0075
162.3496
163.8635
165.2918
161.2257
157.4786
163.3758
163.2449
157.9861
159.9978
163.0665
161.4349
159.481
157.1437
162.3968
162.7558
160.7782
161.8607
163.6936
163.8158
161.1569
161.7679
165.2546
166.1036
164.8508
162.0585
161.5649
161.3139
161.3212
163.664
162.0252
159.5093
161.9058
161.915
161.3844
159.9094
159.3656
157.8116
160.3763
163.4734
161.5106
161.4036
159.5721
161.9878
159.9991
158.2246
163.2961
162.7109
162.5088
162.8339
162.1266
163.5578
163.3443
159.543
160.4355
164.3796
162.6323
157.2925
160.8356
164.1472
164.5904
163.0935
160.4059
159.1947
161.9877
161.1864
160.0525
161.3587
165.5973
164.4148
163.0169
161.9705
165.2582
162.8585
158.9097
161.3246
164.7906
165.0723
162.4609
161.7771
160.5813
158.5381
163.7177
163.9493
162.6928
162.0058
161.5023
163.6939
159.6587
161.0156
165.6171
165.1953
164.3873
162.0406
163.6619
165.505
159.0576
162.526
164.7662
164.5887
162.7551
162.5752
155.8979
161.602
163.336
161.9394
153.9842
157.1634
164.0976
166.3796
162.5392
164.5415
163.3259
157.496
161.2755
166.1537
165.6597
161.903
163.1598
162.1521
161.8437
156.9884
160.1791
164.8625
164.4043
163.0517
160.6712
159.6461
159.6962
165.4361
164.9257
162.1413
160.67
165.2338
163.7669
163.6296
164.0355
159.5025
158.85
164.5598
164.9001
159.303
157.4792
153.8733
160.4587
162.6879
162.1154
158.2906
163.1534
165.9543
164.6994
161.6396
161.5096
164.2856
163.914
161.6357
160.2956
161.5598
162.0115
158.8887
159.7011
165.7082
164.93
159.9845
160.828
161.8501
158.3647
163.1803
164.3399
163.3907
161.375
156.528
159.2613
163.8893
165.0733
160.0373
157.027
160.8005
166.438
166.5257
163.3957
164.1611
163.7473
165.1455
166.2423
167.2107
163.136
161.0164
150.3879
151.7641
156.5048
160.6313
159.9843
162.7086
161.903
157.551
158.2354
159.6619
162.2829
160.3532
162.8137
162.5017
160.2861
161.6566
163.1161
159.0541
157.8079
160.26
163.0861
159.8687
161.7381
161.4589
161.2207
160.6543
159.1887
156.5189
157.4741
162.2731
163.7909
159.2549
160.0165
164.9922
163.527
160.026
156.8935
159.3049
164.6618
161.6666
159.7422
159.7161
164.8673
164.8718
163.4716
162.4481
156.6292
161.1687
163.9189
164.1488
162.6751
161.7006
164.8548
164.4829
164.5949
163.4028
161.0621
162.4779
163.1897
163.8367
161.6613
161.2132
160.3998
160.0376
163.7713
164.0918
161.0563
161.067
163.1461
165.1231
157.9965
155.4355
160.5604
162.9898
163.4245
161.4996
162.7633
164.2401
161.0054
159.2796
163.4016
166.5807
163.8631
160.8309
160.3474
159.977
160.6237
164.2195
165.8864
160.0275
156.9284
159.7484
163.7579
163.0301
163.4247
162.7886
164.4081
163.183
159.2069
161.807
165.7408
164.1668
164.1644
162.4966
160.0783
161.0591
167.266
166.4886
163.3507
160.2668
163.1329
164.8858
159.2918
159.3808
164.1039
164.9556
162.9342
160.8221
158.929
160.3254
163.4315
162.2076
161.1557
163.5602
161.9832
159.804
163.2057
163.1958
158.3003
159.3883
163.3835
164.1388
163.1422
162.6929
159.5536
159.8215
163.4314
161.853
158.8493
161.8827
161.5912
159.6616
160.0285
163.3756
162.6242
163.1647
159.9079
162.2708
164.8764
165.3985
167.5595
161.4424
158.3311
161.6446
164.4273
162.2
158.2961
160.0689
161.6351
162.9191
162.4195
162.3428
163.9521
162.8962
159.923
157.908
160.1051
163.8627
164.6276
158.064
160.3355
163.775
164.7296
161.1084
159.4456
162.9937
165.6208
160.486
158.2039
162.0838
162.8982
163.3448
163.3269
160.9468
161.7415
163.7579
162.4967
160.9435
161.5291
164.457
162.564
159.7362
160.8905
158.2552
154.28
158.6348
160.7105
161.9178
163.691
164.3479
165.9497
162.8379
159.885
161.3252
166.0746
164.2128
161.5749
159.0168
158.3481
161.157
164.7016
164.8564
163.1007
161.2662
162.5053
164.1982
163.9829
161.3495
160.8167
163.9828
161.7866
160.3854
162.1065
162.0091
158.5742
159.7987
163.3402
164.1382
159.8438
158.0032
157.8212
160.3108
163.1794
163.9421
163.7062
159.5907
161.7048
164.0621
163.4828
163.2592
164.277
163.8919
163.252
164.6234
164.0998
163.8021
161.6101
162.8192
162.9482
164.4854
159.3627
156.7421
162.0515
164.499
163.0164
160.2796
160.6657
164.0003
162.872
163.1672
161.6861
165.0934
166.4936
165.2189
164.9774
163.0284
162.3753
164.5625
165.8761
162.1786
157.3358
159.1595
160.5334
163.4514
164.4147
161.9035
158.9254
161.8955
163.7162
164.704
161.7242
163.5995
160.538
162.811
160.8895
156.5918
163.9279
164.5187
164.5862
162.0171
162.0291
162.6979
165.8156
164.6826
159.9217
163.5768
162.9452
162.9657
165.1687
161.93
161.0736
165.0153
163.6414
159.86
162.7458
163.8282
163.1479
159.2483
161.916
161.1595
163.2802
163.0432
164.8824
162.0084
160.5944
160.2133
160.8665
161.9982
162.7145
161.9475
162.537
161.1261
157.6722
160.5753
163.0415
163.1712
159.4512
157.0451
160.2055
162.4702
157.5567
158.9562
163.8821
163.5331
158.6698
154.5962
159.1338
163.8833
162.3645
162.89
161.0398
156.0406
155.4558
161.1999
162.24
158.2798
160.2508
164.1181
161.2173
158.0121
162.3434
158.7114
159.5442
162.5376
164.3274
160.4997
161.1448
162.5437
159.9366
161.2778
163.5034
161.7668
158.7222
161.2202
162.3618
162.8441
160.9797
163.1497
164.034
163.5364
160.5791
160.793
160.122
157.3528
161.9777
162.0663
159.5034
158.7976
160.4224
158.5271
157.4809
161.0869
163.2017
159.2594
158.5095
159.8804
161.1104
160.637
162.3906
161.6564
163.0634
163.638
160.4396
160.3017
161.5212
162.7164
158.6302
160.2738
162.1565
163.1494
163.7544
161.563
162.0884
162.2999
157.1819
161.0656
164.5205
163.5444
162.9354
161.6925
164.3989
164.3174
164.6387
164.154
161.2389
156.5327
160.3561
163.8069
160.9912
158.7174
158.5837
160.272
161.0232
163.5075
160.1148
159.5546
164.2191
162.8411
160.7465
161.7436
161.2515
162.7884
164.6786
162.6798
157.8905
161.7894
164.1858
162.8488
161.0091
158.4009
155.1371
159.6441
163.0982
162.1254
161.05
161.9161
158.049
158.0693
163.022
164.483
161.9218
163.216
164.3464
160.65
161.4636
164.6404
163.726
162.384
165.1409
164.6989
157.3059
157.0428
162.9274
163.201
158.8279
153.9489
162.1581
164.2732
162.3892
161.274
160.8468
156.091
158.0303
162.8466
161.5706
159.2352
158.1398
159.5569
158.4973
157.7395
160.8236
163.3205
163.9647
162.6021
159.399
160.3398
164.9185
164.757
166.9713
164.3451
160.0714
161.703
163.522
162.0479
163.0138
163.1702
158.7022
155.7249
160.1418
162.2004
159.5773
160.1158
162.0704
156.0439
153.2069
157.0148
161.431
161.6313
161.1816
162.4785
161.1978
160.9716
160.6799
159.2132
161.9979
159.6796
158.2633
161.303
164.5152
164.6905
164.7916
165.2642
163.8528
164.6915
162.8912
162.5473
163.9528
165.5749
163.0822
164.4573
160.8635
162.7312
163.8446
163.2639
160.6481
159.0176
162.5744
163.6603
162.472
162.8193
162.378
163.6175
160.6133
163.3837
163.241
161.2861
161.7618
164.3857
162.2063
162.2646
161.3842
159.1691
160.6238
160.0673
162.0679
161.2299
155.3807
152.3034
158.1231
161.4953
163.9105
161.4949
154.7203
158.3432
162.901
164.2776
162.3158
158.1759
159.7487
163.8986
164.2372
160.2051
158.4738
161.2298
164.3719
163.5697
161.3862
154.7056
154.9476
158.9702
164.6368
159.888
158.0917
161.1866
162.0481
163.2936
159.2561
161.0905
164.6851
165.0209
162.5349
