54.81587
56.88447
57.99261
57.13304
54.33418
55.98024
58.91179
57.37164
54.99402
56.61477
58.49071
56.90781
55.30823
56.62994
59.83842
56.32666
56.02538
58.22976
56.81718
57.10735
57.18154
56.5308
56.71025
58.81294
57.38495
55.19903
55.17912
56.72586
58.65845
59.00744
55.85026
55.10286
56.59492
58.72315
58.20378
56.31419
56.7923
58.39307
58.56779
57.06767
55.23094
58.09715
59.73711
57.9831
55.49634
57.09657
57.25943
56.42483
57.86108
57.25855
56.19278
54.69956
57.18604
58.89565
55.23521
55.57957
56.54441
56.62988
57.31198
57.56341
55.20988
57.34699
59.54411
56.80907
55.96419
57.89154
58.48061
56.91697
57.19005
56.14365
56.86948
54.85208
57.61835
59.00111
56.19059
54.39907
55.03941
58.5934
58.30251
57.49295
56.12803
55.5
56.75035
59.15647
56.8858
56.01494
56.74541
58.57725
56.59204
57.96767
56.03387
57.89044
58.27562
57.46736
55.33183
57.564
59.10758
57.78341
55.29831
57.29554
58.35133
58.26932
56.69594
56.46898
57.70987
56.6106
55.64194
57.74697
58.14483
56.00237
55.63243
55.47216
54.71418
58.18399
58.24372
56.39508
55.01652
56.04286
58.85516
55.79671
55.60842
57.76641
58.46067
55.88278
56.70055
57.65939
55.49548
56.89716
59.87961
57.41398
56.95678
57.6347
56.58431
56.12528
57.9744
59.39065
57.09821
56.18971
54.73471
56.34051
59.18087
58.12185
56.14228
55.45623
55.78401
57.29483
60.04094
56.38626
54.56782
57.45682
57.73544
59.53504
57.22215
56.43679
56.55418
57.72742
56.90216
56.20689
56.70738
58.21206
58.34035
57.98782
56.7441
58.083
56.99392
58.58379
57.97535
57.27381
56.05658
57.0154
59.4268
58.51485
56.00311
56.37605
57.38789
57.91126
56.89069
56.76127
58.09166
57.5399
58.41095
58.34112
56.85426
57.72621
59.04962
55.86154
57.29214
57.85957
57.55938
57.81368
56.41676
56.90099
59.09018
57.18902
57.16173
56.73995
54.96447
56.21353
58.62473
58.78091
56.06761
56.41571
57.89436
58.17042
56.9626
57.95944
58.24312
57.188
57.57327
57.75454
58.70265
56.97321
55.39122
57.5535
57.78543
57.25398
58.41044
56.93908
56.20173
56.17642
56.93161
58.18205
57.10433
57.83352
56.84373
56.23492
55.51139
57.10804
59.48388
57.424
56.39822
56.42309
55.80347
57.88545
56.91887
57.20287
58.91578
56.96505
57.20421
57.11906
56.67269
57.36855
57.0896
57.91256
58.82407
56.26708
56.67305
58.15594
57.51455
55.45779
56.45116
58.97916
57.37635
57.36576
57.88175
57.8205
57.48363
56.65532
55.71198
56.56104
60.2349
58.03919
55.67426
57.45464
58.51818
59.12793
58.28506
57.92079
57.27774
56.20384
56.51544
58.85608
58.02008
56.56808
56.53325
56.11375
58.8505
58.5827
56.92078
56.26867
57.36172
57.04939
58.42855
58.98024
58.21682
56.84224
57.90623
57.38028
57.07944
58.34559
58.0151
58.74441
55.84895
58.78455
59.10255
56.27631
55.22077
56.90873
58.08206
57.82695
56.65863
58.87493
57.72387
57.26283
55.10879
57.75825
59.56202
59.00067
56.34332
56.79871
57.97523
57.41399
57.08265
58.94048
57.20888
56.90949
58.68717
58.75858
57.58119
58.29406
57.87269
56.9173
57.80222
57.27044
57.37533
58.7648
58.65701
54.6494
57.74095
58.99508
56.02571
57.14874
57.30317
57.82863
58.57269
56.99611
56.15231
59.9521
58.75222
56.85072
54.66632
57.57426
58.90425
58.14749
56.53942
53.67667
57.64847
59.81731
56.73194
56.31231
56.77582
56.95126
57.13805
58.06005
58.04381
57.55554
57.93679
57.3155
56.90958
58.81221
55.98683
57.50077
60.00468
58.53044
54.94516
56.09645
57.74597
56.71229
56.31538
56.08082
58.08689
58.48493
57.94895
56.37484
57.51925
58.376
56.62925
57.17727
59.76027
58.1698
54.69309
57.90012
60.23186
57.46359
56.86282
58.26847
57.46977
55.97308
56.14878
57.99312
58.84584
57.88099
58.81608
57.00005
56.43805
59.59396
59.21841
57.66428
55.21736
58.09201
59.98826
57.83255
56.13379
57.1669
57.4679
58.16683
58.77683
58.38201
56.18842
53.34211
55.12294
57.80322
56.27193
55.1495
54.41513
57.20851
59.25064
57.47702
56.24493
55.86192
56.7161
58.12872
59.70657
58.00954
57.25859
56.39954
55.71629
57.7387
58.29213
56.5673
57.49373
57.99659
57.66101
55.23702
58.0931
59.09005
56.39594
56.45258
56.34454
56.58408
56.69247
56.85255
58.98616
58.2595
57.01669
57.64259
58.51852
57.79811
56.94188
58.08855
59.44637
57.86392
56.69358
58.0629
59.13825
57.47469
56.03851
57.00778
57.78895
59.55314
59.21679
57.0114
56.52279
58.15614
59.74042
58.01919
57.09336
58.3705
58.45134
56.86726
58.2451
58.90758
57.8433
57.14006
58.52853
58.84852
58.21991
57.55904
56.43383
56.84561
58.30863
57.19897
55.76545
57.93696
59.50841
58.03321
56.51119
55.75015
58.26416
59.45929
56.24049
56.81962
58.61844
56.82973
55.60349
56.55883
55.53487
56.66158
59.90303
57.78833
55.42626
56.59819
58.67795
59.85447
58.35815
54.55375
57.12723
60.67159
57.48884
56.87238
55.89264
57.46319
59.72871
57.62696
57.31954
57.73552
58.68452
58.99296
57.74796
57.71121
59.6438
58.51559
57.28745
58.24744
58.1684
55.48172
57.98711
59.50771
57.8296
55.80028
56.40401
55.74558
54.48167
58.56078
58.99619
56.52645
56.79408
56.0101
56.36887
60.79223
57.50819
56.49192
54.42707
57.63158
60.95854
57.62234
56.42543
57.27217
58.15186
54.69885
57.2403
60.8653
57.6539
56.06432
56.29607
58.59502
56.36476
57.51406
58.2127
58.44964
58.59304
58.61404
56.96949
57.37424
57.9551
58.5826
55.38972
56.79632
60.4943
57.50048
56.46416
56.68444
58.21166
58.95156
56.84303
57.52123
59.41813
57.7559
56.91723
57.00091
57.91705
59.7671
58.43989
55.83849
55.55808
57.75457
60.70399
56.01565
56.51363
59.57241
58.80841
56.97693
54.98
58.22364
60.8186
57.05087
56.12592
54.93121
58.11102
60.32298
57.88026
55.871
56.59682
55.07237
56.00809
57.76781
58.0341
57.17295
58.77634
56.94608
56.47414
58.26313
58.80855
58.04881
55.35886
58.217
60.35563
57.73556
57.74414
56.24265
56.31448
58.58577
58.58449
58.01849
55.63152
56.97604
58.90137
57.44589
57.78188
57.42813
57.23524
58.33298
56.64051
56.09531
58.31306
55.03173
56.8872
60.02322
57.50782
56.22602
57.38084
58.32315
59.51936
57.40028
57.88521
59.60015
57.56938
55.94005
55.10734
58.29512
60.25286
57.12604
56.86572
55.43327
55.75953
59.16433
58.52952
57.37823
56.78399
56.66796
58.56497
59.34201
56.69806
54.91066
56.62608
60.4839
57.79205
55.87847
54.92484
57.43031
59.22877
59.08899
57.57903
55.71721
57.98352
59.75439
57.61776
56.76131
56.08628
57.63953
59.34019
58.20734
55.52554
57.47771
59.14196
58.23401
56.47939
55.38779
58.58025
60.61695
57.28084
56.89548
59.22001
58.79401
57.59491
56.07497
55.68258
58.38211
60.09561
56.9929
55.0592
57.65067
59.27393
57.72656
56.77225
59.49223
59.11493
58.46151
58.06843
57.68902
58.65996
59.01449
58.16433
57.86637
58.28539
59.01181
58.04558
56.39417
59.24575
57.61512
56.64065
57.86519
60.09269
57.4329
58.11687
59.60851
56.28098
57.73649
56.55348
56.28529
58.73401
58.275
57.84193
56.71717
57.38956
55.62613
59.33302
59.96782
55.56821
57.88968
58.05965
58.12868
56.81564
57.02391
58.74474
59.68689
57.67311
55.68635
56.60721
59.43725
59.41051
54.48211
55.18316
58.14399
57.64078
56.62927
56.77465
57.44128
57.23155
55.9895
57.68446
59.70932
56.86635
55.7797
56.75919
56.41049
56.58621
59.17395
57.24089
56.31305
59.17411
58.22482
57.58716
58.14034
56.98468
56.75616
58.75335
58.92176
56.88988
55.78778
58.03312
59.66756
57.08313
56.0908
56.96265
57.7566
58.21691
57.86155
58.27951
55.38948
57.05567
60.00216
56.20919
53.70616
56.26932
59.84889
57.16404
54.1493
57.80607
59.37577
57.24242
57.1091
58.49848
58.87557
57.2654
56.02672
57.51677
57.75839
58.93621
59.0782
57.07815
58.16864
58.92489
58.10532
57.37891
58.33386
59.05185
56.25227
56.64617
59.2984
57.88588
57.64615
58.39791
57.3942
57.54152
58.12033
56.961
57.20518
57.55056
58.65757
57.80146
58.14784
58.15664
58.49883
58.36556
57.05053
56.21439
57.95383
59.23112
58.11654
57.31507
55.7995
56.99771
58.38414
58.33594
55.37605
55.06768
57.40597
59.34475
57.51842
57.30705
57.46626
56.90985
55.66109
55.46777
57.94263
58.99535
56.18892
55.92016
58.06547
56.57272
56.46637
58.91994
58.05058
57.3728
56.00557
55.39879
58.53424
59.9452
57.79225
57.16785
57.12624
56.67999
58.57752
59.18025
57.82006
56.24738
59.36979
58.53395
56.91599
56.59694
58.3439
58.34907
57.65433
58.21763
58.94923
57.45145
57.3148
58.76432
56.91748
56.08807
57.39801
59.22917
55.71271
56.73434
58.14321
57.68915
56.38575
57.51276
57.6002
58.89355
58.31801
55.68683
57.33719
59.83144
56.81898
56.15506
57.69707
59.18477
57.90041
56.91287
57.23846
57.8126
54.92459
55.97735
58.00405
59.46153
55.42879
54.18955
56.56922
60.63489
57.64285
56.21453
56.66279
58.67088
58.88585
57.15493
57.36195
57.06504
55.70061
57.47303
55.8473
56.5686
58.1552
57.51731
56.71939
58.48911
59.42984
55.70367
57.32913
57.8164
58.18953
57.1311
58.0988
57.98677
57.41365
58.72542
58.92827
56.86491
58.61149
58.97364
58.16781
58.17191
57.25743
57.40714
57.95986
58.26696
56.92048
58.89776
55.91116
56.10749
57.16418
58.66727
56.91442
57.44958
57.52171
53.44769
56.19303
60.26519
57.57919
57.13907
57.96124
56.21781
58.17729
60.42271
57.20317
57.31982
56.81435
56.74882
56.63353
58.20011
60.11196
55.93697
56.45557
56.5551
58.61768
56.38712
57.46178
56.61503
56.15749
57.26909
59.4835
57.01842
56.93335
58.33055
57.37863
57.12925
59.15282
58.23675
58.56127
