156.9309
157.3178
160.2525
162.1198
161.1829
157.3554
158.2595
161.6063
163.6298
160.8596
159.0661
161.2083
162.7689
160.4771
155.2991
160.6039
163.6575
162.819
158.2297
158.68
159.7693
160.1552
159.2115
159.922
163.4819
163.0924
162.2145
162.0767
161.4315
161.8469
164.2814
162.737
159.8078
163.6549
162.9204
160.6239
159.7016
158.7245
158.2373
159.8604
160.7166
161.8866
159.8024
158.7634
159.869
159.6387
156.1559
158.5927
161.5225
161.5229
159.2479
158.7038
158.8343
159.1619
160.5045
159.5117
158.3282
160.5767
156.2309
160.1494
163.8881
161.5235
160.0481
162.4425
163.0998
160.9699
163.236
160.8672
163.2746
162.7038
159.4265
159.7139
164.8645
161.4957
156.6239
158.793
163.4768
161.653
161.8424
160.8624
158.3449
161.2422
163.8023
162.1904
156.193
159.6157
163.9154
163.1972
159.3167
157.2626
160.3955
162.6626
160.304
157.0005
158.5467
160.3025
157.9949
156.7648
158.5611
161.5723
162.7955
161.4522
162.993
161.5733
158.0795
159.6906
164.4279
162.2379
160.1912
158.8609
161.1607
158.979
159.236
161.87
157.9726
155.4021
159.7697
162.6599
160.4932
160.3738
161.8309
158.5264
159.0823
158.0288
160.7366
162.1942
160.2032
158.1267
158.6721
157.821
155.6175
161.3359
164.6881
161.025
161.7622
162.1901
160.4899
157.3206
157.6631
162.9691
163.355
159.6573
159.1684
160.7001
163.0985
159.4177
157.3945
162.2874
165.6045
164.6243
161.0703
159.673
158.4438
159.7056
160.9004
162.0925
161.9189
156.6472
160.8289
163.2284
162.4084
163.2361
158.9517
161.3546
163.5666
164.3826
163.7223
163.254
162.0836
162.8491
162.0691
164.2306
159.5426
158.8094
162.8324
164.8315
163.4693
156.9274
157.6996
162.3722
164.603
160.8633
158.5869
163.042
163.1704
157.888
157.7223
161.7537
162.8904
159.0865
160.1077
162.9756
162.5392
163.9068
163.3658
161.6173
162.7945
162.857
162.4069
158.6939
159.6457
163.4408
164.6934
163.0598
159.1728
162.1601
162.6763
163.0261
158.8183
163.7924
165.3098
164.1187
162.5501
162.7658
163.5317
160.4669
154.9646
161.1742
164.8873
162.894
158.4899
156.5279
160.7593
165.4248
160.392
156.8131
159.3657
163.4095
161.8753
157.7284
159.8704
163.2601
163.0017
160.9834
162.1152
165.1328
160.0965
160.6136
165.1459
167.4616
165.1186
160.9988
157.1078
162.3961
166.1766
164.4544
161.5473
159.8228
162.5076
164.2162
161.8316
163.5171
163.5822
162.8741
161.4979
160.7172
164.1112
161.1339
156.1646
161.603
165.4058
163.4478
162.6401
162.3099
163.7753
163.909
159.1166
159.7137
165.3649
164.5953
162.9145
160.2675
156.4985
162.9166
165.7323
164.0783
164.2117
161.7224
164.2731
164.1597
161.4266
158.6332
157.2621
161.7449
164.0824
162.6563
159.7079
160.7172
161.2601
161.3655
161.8322
158.4897
156.2273
158.8341
161.5197
158.4819
155.6244
161.347
163.8938
162.1704
158.3998
157.7837
163.4276
164.9299
163.0638
160.7469
161.9891
164.2492
164.675
162.5768
161.7582
163.8352
164.6431
162.2854
160.6467
163.2421
167.4136
166.5784
162.8344
161.0108
163.7101
164.5587
159.3487
157.6876
161.3361
164.3106
163.7097
156.1242
158.0351
164.6969
159.1507
159.5757
161.8718
162.3887
163.5225
163.4318
163.7546
162.4873
161.4875
163.1318
161.4589
160.0384
161.9697
162.6623
164.2653
163.602
161.6861
162.6491
164.8551
161.5942
160.1951
163.4702
164.6585
162.0398
161.0862
161.5778
161.0706
160.6068
161.5553
161.4235
164.3279
162.5056
156.6576
157.9207
154.8174
158.7072
161.2213
161.5108
162.0871
161.3976
160.0422
163.5511
159.2675
159.2883
164.2521
163.5843
161.3591
162.7016
164.8768
165.6301
162.7727
162.5784
158.5491
160.8797
162.3571
164.1519
165.8771
162.9886
159.5706
161.2622
163.2693
161.1875
160.6834
164.816
162.0269
161.8588
162.6556
161.5915
161.9511
165.2513
162.0893
158.5101
159.459
163.7752
159.9968
157.1431
160.6412
161.1159
158.3773
145.5625
147.3292
154.0863
158.9343
159.3891
159.661
162.1316
163.6638
165.1392
157.7403
156.9203
162.3809
165.085
162.8734
161.8596
161.5202
159.9709
157.8564
160.5118
162.9558
162.3998
158.9869
161.4677
161.5148
160.4437
163.0787
162.9598
159.497
159.7271
160.2331
161.6348
165.211
164.7319
160.8372
161.6656
164.5952
165.4022
161.2472
159.234
164.1541
165.0805
162.8542
161.7892
161.5849
159.7122
160.5538
165.1524
163.2467
162.5721
161.3443
160.6151
161.9782
160.9914
161.532
163.664
162.9523
162.3935
160.868
160.7255
160.5062
162.2398
166.647
164.3707
160.9128
163.6525
163.2641
163.7855
165.272
163.5697
163.0143
161.5219
161.7718
163.7789
164.4375
162.8174
160.1415
160.3517
165.1824
160.8811
158.8291
164.7827
166.0798
163.6442
157.0027
159.7357
164.1193
163.8103
157.5954
158.4303
163.0532
165.1457
163.7642
160.3297
155.8461
159.0752
161.1415
161.9411
164.0701
162.4795
161.6369
163.0887
162.5032
164.1055
157.1266
159.1835
164.9245
164.019
162.7035
164.897
164.1336
159.5552
160.2473
162.1554
165.1597
164.1295
161.8937
158.4781
161.0691
164.1018
164.7107
161.7198
160.5703
163.9527
160.9466
161.4993
162.8355
163.2114
161.3384
162.9423
161.6703
164.2106
163.3884
158.2421
163.0057
163.0466
164.2176
163.4576
161.5365
157.9006
159.8619
166.7656
165.1149
162.7189
163.5625
161.6578
161.9585
163.6678
161.3357
162.0065
158.6354
161.8329
163.6998
162.9354
162.6434
160.7517
157.9285
161.5717
163.9711
161.1557
160.7501
163.0909
159.3028
158.424
161.8274
163.7545
162.814
161.0163
162.8384
165.6395
164.8091
157.8086
158.7036
164.4369
165.8295
163.6112
162.7414
162.7647
166.3706
160.7373
162.2755
163.6128
164.0145
161.93
160.6678
159.7367
162.5064
164.1771
162.2231
159.3571
157.4385
159.5807
161.9071
164.7767
161.4692
153.75
155.2702
159.207
161.1636
159.3598
155.6365
158.4131
162.5608
163.2332
158.7545
157.7517
162.7233
164.4703
161.8849
162.4512
165.8312
163.6357
160.4387
160.4002
164.1306
164.0503
162.199
162.4851
161.5232
160.866
162.4
159.7379
159.1792
162.0528
161.0411
160.6317
164.8747
163.1004
160.4033
162.8021
164.3797
161.9492
163.6671
165.2052
166.387
161.7538
159.1495
161.1949
165.3897
164.1074
161.6421
162.8162
159.2991
162.1244
162.7155
157.0223
160.5557
165.3688
164.2601
163.3126
161.7049
158.4491
162.1752
166.2183
164.2919
157.4789
159.1032
165.0723
160.8866
160.321
164.9288
163.0194
161.4898
163.4297
164.8658
163.4817
161.7543
163.2968
164.3876
164.6322
161.8746
161.1076
163.375
162.5098
162.508
162.1974
164.6964
163.6207
162.2934
163.7047
161.5285
161.4135
164.9333
165.6491
163.2193
158.8543
162.1982
164.1929
164.5999
162.8128
161.4184
162.9472
164.0187
162.6962
164.5946
161.2513
157.1456
160.7047
164.0996
161.7529
160.1163
161.2101
159.2484
162.2367
164.4455
163.4615
163.5267
163.3165
163.6843
161.0835
162.9698
163.9073
162.277
163.6035
162.7437
165.7621
158.4887
160.9502
164.3828
164.2746
163.9625
163.1023
158.741
160.6007
164.4948
164.2883
158.5671
157.036
162.9371
164.0352
162.7943
159.2711
161.0295
163.5029
162.657
157.4335
158.0925
163.781
163.7278
157.6767
159.3911
162.3754
160.881
153.7579
156.8984
161.132
160.9518
160.9687
159.6871
163.0954
163.0925
162.5116
157.5724
159.5391
163.2538
164.6025
158.6161
157.9984
161.1195
162.5442
163.056
162.5632
160.5121
159.1773
163.1958
164.254
161.9238
161.6272
158.7759
158.9208
166.1806
165.6441
163.164
162.6018
163.5834
163.9952
165.7609
161.0071
158.0833
161.1818
164.2551
164.3307
161.7992
154.2841
156.0669
160.6407
159.7419
160.5118
159.1083
161.3465
160.8457
160.6367
163.2895
162.2426
162.2375
165.0956
161.0379
157.6821
163.0255
166.2768
163.4265
162.2058
161.9409
163.6664
164.3751
162.9621
158.8896
159.6225
166.2137
164.6804
158.8375
158.7586
162.7594
163.1076
158.5033
159.7896
161.009
160.395
162.4614
161.6405
161.4104
162.0299
164.7147
163.2483
159.8602
161.0409
164.231
162.3078
158.3703
158.7069
164.3835
163.1751
161.2379
161.5168
163.7404
162.2216
162.9237
161.5045
159.388
160.2325
165.5889
165.2766
162.0114
157.4121
159.5842
163.6501
164.0387
163.7135
161.6279
161.074
163.2667
163.084
161.701
158.022
157.9043
160.2556
162.5352
164.0527
159.014
158.7944
162.4607
163.3889
158.3351
158.1462
161.5863
164.4194
160.5892
156.8247
157.4404
163.7688
164.611
160.6439
162.0625
163.8211
163.8649
158.3132
159.4029
165.1942
164.7817
162.28
158.4456
158.6806
163.2504
165.1863
162.9228
160.6141
160.0924
162.2509
165.2816
165.1692
160.4798
159.836
160.6177
161.6482
164.3268
163.4815
163.7594
163.854
160.5086
164.7449
161.4415
162.4758
161.5986
162.54
154.7381
154.4739
159.2472
163.2979
161.0298
162.0613
161.7929
160.9519
161.2717
158.371
160.8702
162.9403
163.136
159.9312
161.756
157.911
157.8203
161.3347
162.2746
161.7249
156.1164
160.0718
163.2386
165.1876
160.8081
158.7739
157.3653
161.1957
163.8643
162.6136
156.1302
157.9492
162.8754
163.3315
159.98
158.3026
161.1324
164.1967
164.3229
163.7129
158.3242
161.0115
164.4862
166.1877
162.6141
158.6458
163.9227
163.1807
157.5772
157.7697
163.951
165.7962
163.6492
160.1871
154.3945
157.236
162.9832
163.4541
162.7108
163.6275
160.8192
159.0053
161.309
164.3182
165.8912
165.3679
162.6534
158.3279
158.685
161.2577
161.749
162.5938
161.6269
160.8162
160.9906
159.9573
158.7127
161.7551
162.5432
161.9385
163.3054
164.7442
162.265
161.8335
161.8171
163.681
163.5995
166.9835
