101.791
101.3297
103.7617
103.3084
102.1203
103.0481
104.7211
103.7807
103.1223
102.2707
103.5329
104.8677
105.7609
103.6773
104.6955
104.8143
105.9153
102.8872
102.3483
104.533
105.0954
101.6276
101.4588
103.4635
105.4028
105.9272
104.737
102.7121
103.3453
105.732
106.4686
106.4189
105.4811
103.8079
102.8746
101.9516
104.2313
105.3567
105.0379
102.0769
102.1904
103.8534
104.0506
104.6089
102.7586
103.6707
103.2287
105.7608
104.4825
102.391
102.6134
103.9797
102.5578
101.2262
102.6399
102.7798
105.0865
104.594
105.0207
103.7533
104.0811
104.3796
103.633
102.7631
104.92
104.7873
104.1804
103.0536
102.1911
102.833
104.7157
102.6235
101.5966
104.1053
104.215
103.5897
103.0291
103.9629
105.8287
105.0019
104.2032
104.7433
106.5883
104.8741
102.5467
103.5064
104.8082
104.4646
102.7296
101.8838
103.3716
105.8692
105.9706
102.1588
102.0339
103.3711
104.7177
104.3944
103.1208
102.4244
104.0244
105.8769
105.6983
105.2262
103.7506
102.6814
103.5731
102.8201
103.8804
103.9128
105.0118
105.5492
101.9387
100.5937
102.8159
104.0339
103.9688
102.5608
101.521
101.7255
101.845
105.4961
106.2233
104.9304
104
100.6073
101.4998
102.5346
105.8895
103.5958
102.7606
102.7811
104.6056
105.3321
105.005
104.7268
103.1305
103.7797
104.3136
104.0254
102.576
102.6935
104.8692
105.8478
105.8271
105.5315
103.7276
101.8405
102.8805
105.2082
105.7258
104.6334
100.5281
100.9684
102.0884
104.5545
103.6595
101.2343
103.0742
103.7161
105.5548
106.2834
103.0403
103.8923
105.7381
105.1116
102.5341
103.8167
105.128
104.0295
102.6425
102.7076
104.0113
102.4459
104.1699
105.8351
105.6546
104.2928
104.2788
105.5291
104.7713
103.252
103.7922
105.2879
104.4947
105.4076
106.0081
104.3218
102.3157
103.3772
104.6219
106.2347
104.3395
103.9274
103.9543
104.0474
107.3504
107.1627
102.5887
102.623
103.3126
104.7995
103.4211
102.7193
105.0635
105.7849
104.6865
104.4454
103.1918
103.3915
105.2877
104.4183
102.4801
103.8131
105.9768
106.4397
103.1732
102.2541
104.1546
105.597
105.66
104.6528
103.6917
104.3498
104.1611
105.9194
105.9874
103.3401
103.0225
104.896
106.5948
103.4598
103.2928
103.9335
103.6979
104.5192
104.8009
104.7626
104.9107
105.1587
104.6042
104.2225
103.148
104.731
106.1821
103.5387
102.8967
104.8428
105.4878
106.9655
104.456
101.4776
102.7156
104.343
105.4715
104.9414
103.4952
104.0461
105.1194
104.9462
106.1743
103.659
103.834
106.2095
106.7987
107.3248
103.1038
102.0741
103.801
105.5441
105.6569
104.1288
104.2731
106.0961
106.3521
105.163
102.5006
102.7226
104.4371
107.3525
106.0502
103.4167
102.5508
103.9595
105.4791
107.3638
107.2824
106.1385
106.6605
106.0565
103.7947
103.3127
102.1308
103.2833
104.8911
106.9102
106.3755
104.6157
105.3041
106.4008
104.9669
103.5509
102.845
101.6606
103.5128
104.9431
107.0386
102.9449
101.0877
101.6988
106.0083
104.2288
102.4287
104.3078
106.8504
104.8571
103.2236
103.9026
106.6337
106.9418
104.5841
103.8485
104.8726
104.6965
105.3649
104.7035
103.2728
102.1967
104.6894
102.4871
102.4671
102.6493
105.7809
104.6464
104.4023
104.0966
106.5998
105.561
102.852
102.7284
104.9008
105.7302
105.4515
105.006
104.2553
103.2809
103.5852
103.5684
103.9914
104.1246
104.7217
103.9195
104.2933
103.7986
104.4236
104.9209
105.2791
104.6879
103.399
103.5471
103.8616
104.578
104.4896
106.0186
100.6887
101.335
103.3593
105.5295
105.4991
103.2353
101.6
103.6325
107.5538
106.5427
104.0254
103.7121
104.6074
106.7384
106.5497
104.8549
102.7096
104.1758
105.2729
106.3545
106.0106
104.5013
103.4155
104.9864
106.1578
107.2234
106.6121
106.3292
104.1928
102.9549
103.9206
105.9153
103.0226
102.5318
104.3141
106.303
104.0974
103.1337
104.2248
105.6238
104.0145
103.5444
102.8765
105.0723
101.6464
95.12385
97.09926
98.96217
101.2859
104.2925
104.986
104.6485
105.9365
105.4001
104.357
101.715
102.0714
104.239
107.2303
105.9376
104.3415
102.2178
102.159
104.1121
103.5237
102.7139
104.4929
103.8284
103.4943
104.9892
103.5209
102.6762
101.8532
101.0475
101.451
103.4411
106.7287
105.2867
102.2977
102.7952
105.3834
105.3525
105.415
106.2918
103.0868
101.9502
104.6602
107.0126
105.5905
103.7432
104.1608
107.2564
106.8254
103.5178
103.2543
105.2782
106.5973
106.4733
106.7293
106.9385
104.7145
103.4626
104.7816
106.4305
106.0216
105.9241
105.6993
106.7016
104.5239
103.4993
105.0665
107.4714
107.2486
104.3245
102.9587
101.3988
105.6491
105.8687
105.3191
105.5475
104.4395
103.0746
103.7323
106.046
105.1885
104.7838
104.4822
104.2443
105.1588
102.393
101.448
103.8999
101.9814
104.4046
104.0381
105.7511
103.5321
100.9183
102.0484
103.4968
105.0894
104.2451
103.1601
103.9453
105.5068
103.8771
101.3914
102.5633
104.1946
106.4316
105.2147
104.5239
106.4806
104.1064
102.5658
103.1951
103.9221
104.5603
104.3571
103.8624
103.0591
105.0454
106.4386
106.048
104.8488
103.962
101.0922
102.0239
104.1654
104.1465
105.7709
105.3588
103.8375
103.5892
104.209
105.7917
105.4417
104.6232
106.0573
105.1003
103.1989
103.7497
105.0923
105.9599
104.9812
105.739
105.7681
102.6279
101.7631
103.8936
106.6444
104.2354
104.3546
102.3951
102.343
103.5135
105.4439
105.4641
102.0417
102.6038
105.4488
107.7814
105.338
101.2026
103.5909
106.3062
106.5028
105.9724
103.0721
103.5581
105.821
105.5986
105.7234
104.1284
102.2166
103.884
105.2029
103.9634
103.8571
105.5394
104.4557
106.1073
104.0469
102.7294
104.661
104.7382
104.0283
103.7829
103.8309
106.7091
105.3851
103.4335
103.4501
105.3274
107.0786
106.2884
103.812
105.3924
103.7588
98.44959
99.62897
102.1799
105.3402
105.386
103.8016
102.5057
101.486
101.2086
101.7319
102.3026
104.9352
105.2008
103.8991
102.8882
101.813
101.9488
103.4296
105.041
106.1612
104.9548
102.4312
101.4131
102.4349
103.9769
105.9302
104.6337
105.1104
104.653
104.6434
105.6308
106.7249
104.1413
103.5558
104.6639
105.8728
104.6625
103.2115
102.0166
104.4946
107.2441
106.6632
103.7957
104.2861
106.3781
106.2994
102.4401
102.385
103.7555
107.1284
102.9215
103.5246
105.4521
106.4089
105.3957
103.8668
104.4114
104.8238
102.0408
102.1272
104.3083
106.2732
104.7249
102.6013
104.421
105.9671
105.6481
105.1695
104.4827
104.9587
106.6814
108.4452
105.5934
102.7477
102.59
104.932
106.6185
107.2846
105.3434
104.9142
105.8762
104.3454
106.0286
107.0919
106.6086
103.9852
103.2164
105.226
104.612
106.0765
105.7402
104.8113
104.4199
106.7594
105.0855
103.3604
103.609
104.9455
105.3473
106.6471
107.3041
104.9804
104.2581
104.838
103.3509
103.5031
104.1447
104.7082
106.215
105.8952
104.1007
104.7099
103.3313
102.7392
104.3593
106.3075
103.6528
103.7556
104.1813
104.2699
105.4645
105.8372
105.5355
105.2316
106.0098
105.7716
105.4053
105.719
106.4654
105.4636
106.202
103.8443
102.0744
101.2104
103.7531
105.0404
102.7652
103.6744
103.9629
104.6954
101.6826
103.0174
103.9331
104.7535
102.2835
102.7232
105.2156
100.9727
99.73869
102.2199
104.9869
105.5803
105.1909
105.3311
103.0796
100.3237
103.2924
104.3167
105.2381
103.6162
103.1748
103.5908
105.7673
107.5266
102.8195
101.9051
103.4927
106.2389
105.1734
104.9994
103.2401
101.4201
101.979
103.7739
105.1747
104.2525
102.2952
102.2875
103.4625
105.4026
105.8694
104.7838
102.1297
102.096
103.9297
105.8115
105.6045
105.4854
102.9954
101.5577
103.7753
104.8995
104.8959
102.4708
102.4558
104.3138
105.9528
105.5242
105.2528
105.5403
103.9944
104.9404
104.9746
105.1414
106.0047
103.8942
103.174
103.5852
105.6086
104.593
104.1104
104.4189
103.8736
102.9827
103.0516
103.8312
105.4186
104.6598
104.5546
104.1272
103.4867
102.3246
102.1598
102.2017
103.4854
102.8634
103.8661
104.2218
105.6595
105.6649
103.4438
103.1689
104.7814
106.2894
104.0745
102.7265
103.811
105.9251
106.0327
105.0383
102.858
101.4406
102.6526
104.752
105.4593
103.9871
103.3988
105.205
105.8151
104.5883
103.7444
104.1665
104.6657
103.9945
101.5552
102.1089
103.3396
104.0337
103.6432
100.9461
102.7888
104.4323
106.0181
104.356
102.3734
103.3483
103.7631
101.6091
103.194
103.9171
105.449
104.2057
102.2827
103.3654
102.5719
104.5648
103.0885
101.7856
102.4148
105.5534
104.1329
102.6701
102.9665
104.238
105.6347
106.4792
102.7219
100.8797
102.7393
106.2105
104.6437
104.7828
105.3608
104.667
105.4721
106.5281
104.2249
105.0169
105.32
106.5388
105.039
104.6936
104.5019
105.4873
105.7418
104.1959
104.286
105.1298
104.5161
100.0245
100.4786
101.9473
102.1325
102.8992
104.1551
104.349
103.6884
103.9227
102.4047
102.6752
103.7591
105.0189
105.0206
102.8443
101.1872
102.8816
101.9797
102.2564
103.4975
105.3629
104.3494
103.8619
102.6444
101.7989
103.7627
106.9636
103.8922
100.0228
101.5954
104.8472
107.4258
105.8686
105.0541
105.5809
105.6132
105.6092
105.7912
104.3846
103.8204
105.2383
106.0823
106.2525
104.4797
103.395
105.7424
106.4421
104.8022
103.3232
102.9597
102.8678
104.7852
104.7193
101.9985
98.97017
99.67299
102.1016
103.7823
104.0057
101.3556
102.4088
103.2147
104.7861
105.848
105.0331
104.5687
106.7064
107.9007
106.47
103.4582
103.0208
103.9388
104.5853
103.1816
104.8476
104.2561
103.3106
104.0344
104.8109
105.2981
103.5069
102.7721
104.8685
105.4161
104.8754
103.3455
104.3382
105.4627
