1.239765
2.161562
3.07409
2.978191
4.400333
2.199216
3.161433
4.575313
2.830476
4.129521
3.82315
3.76022
4.596643
3.53499
5.659822
2.788564
3.753874
1.328976
4.283322
7.320892
2.960442
0.1276965
2.229665
3.830283
3.221332
3.387322
1.306917
4.189465
4.619515
2.839051
1.32627
1.990177
4.282854
5.379845
3.187079
1.810429
3.319728
5.025041
3.549459
3.213703
4.146055
4.988683
2.973959
2.480181
5.114098
3.355996
1.507101
3.905334
5.736449
2.505403
2.209311
3.763966
4.716197
2.242676
2.80828
3.359761
3.584323
2.707577
2.11707
3.302452
2.663222
3.466674
3.738849
1.606395
4.68609
3.315032
2.525275
1.863723
2.633721
4.789159
3.48318
2.326608
2.809064
3.719449
3.481378
5.029562
3.273509
2.678117
2.187541
5.482716
3.54661
0.7649159
2.100664
5.72388
2.464991
1.360297
1.66658
5.608952
2.265753
0.8717778
2.669248
3.382879
4.809504
3.014402
2.253425
2.24862
3.217198
3.677404
4.945154
3.086936
3.923015
1.957401
4.901872
3.695973
2.138354
4.247074
5.514183
1.334361
2.185902
2.222218
3.824831
6.421064
3.204171
1.183717
3.037005
4.991041
2.240508
2.048563
2.912023
2.864517
4.251615
2.33963
1.171445
3.59553
3.566627
3.390961
3.819973
3.456137
1.738226
3.522662
5.630541
2.862979
1.804161
1.973518
5.790941
2.525105
2.412616
3.798541
5.07795
1.610209
1.184814
5.173179
2.264712
2.330829
3.563297
2.859364
4.846221
4.157173
4.127447
2.096213
2.762142
5.928327
4.595444
0.3230674
1.128326
3.062485
4.167916
4.75976
2.462459
1.431748
2.451076
6.170598
3.107671
1.550227
2.366082
3.424554
3.042457
3.196074
5.29212
2.767505
1.974093
2.142611
3.259548
4.713396
4.036299
2.57659
1.789735
2.400683
3.77764
5.269473
3.524915
1.081685
3.797536
4.517731
4.055903
1.932053
1.748147
4.615725
4.953186
2.139645
2.837061
2.652915
1.996636
4.632737
2.529174
2.007768
3.866289
4.628862
1.778829
1.635093
3.095936
4.308543
3.799667
3.405801
1.707826
2.546204
5.189741
3.302025
1.171743
3.714674
5.598369
2.477301
1.551696
3.515702
6.538335
4.328348
1.697164
2.777885
3.4942
4.654737
3.997784
1.702765
4.919384
5.219631
2.905765
2.54192
5.362525
3.402618
1.208609
4.443253
4.328242
3.468156
4.218759
3.453867
3.999637
3.500446
3.39365
2.111784
3.905064
4.1584
4.267964
0.7282897
0.9236541
2.815264
6.084165
3.218138
0.9791651
1.662821
5.059014
4.175698
3.918051
1.8362
3.342485
5.350933
3.202933
1.655226
4.483346
4.201842
1.966299
3.181274
3.90951
2.785083
2.337951
5.486488
3.392731
0.5855032
1.267402
4.350032
4.206265
1.921424
3.63173
5.002666
2.102823
0.5433035
1.784922
3.877454
4.450973
2.481993
3.010865
2.732685
4.95148
4.193132
2.808637
1.952946
2.939409
6.072811
2.976506
1.762849
1.528763
2.871351
6.547001
2.145774
0.7806916
2.718216
6.001006
4.188331
1.397449
2.457413
4.958879
3.408763
3.252578
3.296999
1.991193
4.711905
2.866144
3.025723
2.436651
2.698808
4.534953
3.863575
2.770994
3.544567
3.055842
2.739808
3.036015
5.629086
3.945964
0.7198685
2.588735
2.618469
4.114594
3.647551
1.775538
2.601182
5.447686
2.28781
3.283925
3.188149
4.299372
3.745374
3.456087
2.836433
2.094656
3.557975
3.874062
2.774285
1.878641
3.608785
4.646626
1.5388
3.02674
3.647647
3.688079
4.006694
2.920767
4.373958
3.919012
1.90518
2.027985
3.088031
5.298625
3.515385
1.443632
2.03266
5.54217
3.317759
2.674893
4.209379
3.530623
2.260007
3.896927
2.609036
3.977823
5.774461
2.428849
2.530529
5.951461
2.471188
0.1844511
2.049896
2.207593
2.924165
4.437976
2.403506
0.6562356
4.895583
3.900882
4.100272
4.477251
3.015087
4.484968
3.523628
4.774825
3.071931
2.529974
4.222759
4.881644
3.71491
1.797972
1.802453
4.077441
4.607581
4.245765
1.549133
0.9071723
4.937451
2.942277
1.943556
6.019479
2.766338
1.713105
3.331035
3.64613
4.996567
2.970275
3.156584
3.802809
4.290227
6.243454
3.534329
0.9778316
3.34168
3.455442
1.066034
1.427104
3.721882
4.282974
1.832745
5.401804
3.38256
2.153538
3.754755
2.719093
5.213322
1.679044
4.090007
3.619337
2.391714
2.697176
1.616014
2.44747
3.697492
4.324082
1.181768
3.648878
4.491656
3.477849
2.739517
-0.44631
1.034408
3.930064
4.806937
2.74898
2.679417
3.342218
3.526389
2.904561
4.240632
3.500209
2.593634
3.110057
4.890791
2.764005
3.549476
3.372738
4.463172
3.959816
2.881444
3.243226
3.623253
3.634717
5.17424
4.753088
1.838096
1.632001
5.102548
5.397087
1.494636
2.964504
2.571395
3.014591
5.679701
3.156111
1.12076
2.152459
5.015121
2.226203
0.989837
5.047879
2.391239
2.112359
3.340339
3.105416
1.6637
1.963052
3.390858
3.626763
4.880983
1.873687
3.4513
2.945868
2.190719
3.237082
5.628943
4.104623
0.6730415
-0.2179792
3.408708
6.730847
1.448833
1.121891
3.321799
4.658347
4.634009
0.7418609
3.789254
4.326397
4.196492
3.581029
2.679974
4.501194
2.536339
2.895929
3.454918
3.127074
4.545957
2.544179
2.016542
2.538696
5.269916
3.232477
1.909056
2.386867
1.909128
4.464185
4.276637
4.524917
2.253563
2.378958
2.697529
6.297668
2.946969
1.236791
2.230879
2.910306
5.69845
2.60374
2.084711
5.784956
2.168502
1.664141
3.50105
3.897767
2.054573
4.822569
4.268222
0.6393238
2.828584
5.692685
4.521317
1.148622
1.623114
4.181215
4.511191
4.597814
1.743826
2.808472
2.719448
3.568121
3.790491
3.984215
2.939828
2.701042
2.71625
5.56949
2.749785
2.595191
1.648545
1.842541
4.007312
5.534382
1.38633
2.937394
4.224827
5.742868
2.805853
2.709308
4.351047
3.194638
2.658358
3.891324
5.13143
2.995581
2.254839
3.813976
1.629235
4.017825
4.724346
3.786886
1.274005
5.253432
3.268518
2.102584
3.093263
4.374886
2.282772
1.448368
6.548437
3.157801
0.231861
2.58391
3.869282
7.503997
3.127574
-0.575045
2.692253
3.755953
3.449999
4.157499
5.09179
1.238558
2.992435
5.275689
2.599789
2.348362
2.355456
3.605963
2.490978
4.471294
3.851931
1.540956
2.269126
5.185322
2.258356
3.821777
4.204086
3.748969
3.531437
3.427063
2.774442
1.989303
4.720835
2.682605
1.688141
3.45082
2.857717
3.284812
6.015809
2.744153
0.5951953
1.468889
5.187746
3.388827
1.2799
3.219804
4.188925
1.945491
2.012097
4.586653
3.033689
2.000165
1.647805
4.599229
3.797442
0.8586704
3.175726
2.963087
3.95328
3.787923
3.704769
2.707321
4.347794
2.949495
2.465928
5.632631
1.948598
0.7840732
4.099872
4.71387
1.46109
1.709989
2.432889
2.945311
5.495451
2.568798
1.128417
3.273579
4.842491
4.300036
2.598521
3.549805
3.988698
3.211312
3.688714
1.752573
4.947101
4.033631
2.281906
4.999979
3.10055
1.980973
4.998348
2.563874
1.484323
3.802217
5.874374
2.137813
2.008074
0.4031506
2.77294
5.912822
3.227009
0.410789
3.127543
4.419367
3.866902
4.019721
2.496547
2.902674
5.131059
2.253001
2.295197
5.157285
3.31864
3.487334
3.755785
3.188325
2.102
3.973949
6.095443
1.797439
1.043364
2.303617
4.62283
4.117789
2.88325
1.759965
3.862849
5.370162
2.643263
2.258711
4.654453
2.725317
4.018715
3.955761
2.444419
2.718399
2.16003
5.070145
4.426608
0.9197145
1.75513
5.076494
3.5743
3.438648
2.10035
3.020955
5.126905
2.985075
2.182268
4.148184
2.37615
3.874985
4.353187
1.468951
0.640735
3.034274
2.898458
4.513212
1.543841
2.332436
3.742929
3.331868
2.187556
2.163337
4.131667
2.153567
2.988243
3.189047
4.186956
1.891832
2.766159
2.196809
3.926428
5.013629
1.535908
0.9244698
3.361789
4.119314
3.402802
2.366196
3.353104
3.137753
3.950393
4.048381
2.187329
2.487293
5.438288
3.09289
3.742464
1.446279
4.778498
3.619519
2.467596
2.275707
1.910036
1.906059
4.095558
5.531149
2.021318
0.7055846
5.506249
2.101671
1.754758
3.260401
6.328072
3.789711
1.324168
1.877197
4.031301
2.564597
3.904339
3.016644
5.437855
3.405843
1.75609
1.77283
3.554083
5.088461
3.654944
2.18551
2.371945
2.348682
5.088342
5.546972
2.577657
1.917501
5.649737
1.737361
2.18572
7.09734
3.661222
0.08886368
-0.2840933
4.043231
5.573861
2.608201
0.1652677
4.280195
5.556281
3.014476
2.655405
3.032937
3.944574
4.460619
2.752914
2.133568
6.029188
3.04482
1.77477
1.754073
2.415386
6.064971
3.285211
-0.1021298
3.49347
2.882856
2.900234
3.802112
2.777103
2.994716
3.430025
4.136528
1.566644
2.065849
4.219726
4.765515
1.906555
2.653545
6.70012
1.23985
1.261213
2.491621
3.158944
2.395154
3.870628
3.953157
2.464546
2.407463
5.115741
2.856677
1.834751
3.618872
4.868262
1.269384
2.65625
5.693318
3.387383
2.373033
2.945609
1.771094
5.393519
2.581983
2.455367
2.015862
4.394866
3.510822
3.550528
1.035885
2.659885
4.994722
4.959002
1.129034
1.689576
4.608292
3.803703
2.486665
3.688824
3.659922
2.288146
2.145693
4.896668
4.635499
1.108003
1.331925
2.853957
3.820578
2.629448
2.720336
3.266555
3.266043
3.441381
2.232455
2.688186
4.880858
2.651926
3.182302
1.680892
1.53537
5.442622
4.902817
1.785307
2.158206
3.509648
2.816312
3.365599
5.764012
0.9324242
1.240744
1.979045
5.341228
3.699408
0.6373208
3.775181
3.934589
3.592581
2.862404
4.393878
3.406621
3.785206
3.491696
1.909256
3.484922
5.55522
3.256049
2.715198
2.388404
3.514018
2.805932
5.611904
3.286974
2.681007
3.134631
2.268375
4.390399
5.890511
2.605212
1.116515
2.072941
3.834004
3.010159
1.212108
4.141565
2.000281
3.270136
5.429969
3.432657
0.8870748
3.311327
5.446256
1.668252
2.781356
3.937456
4.397662
2.955714
2.950027
1.96568
5.279615
2.795066
1.884352
1.405545
3.11136
3.820185
3.973411
2.967482
0.3795957
3.35015
5.742631
4.31589
0.4949993
