28.73287
29.32065
29.09725
29.00235
27.95519
29.26111
29.20581
28.86121
28.97032
29.23232
28.98957
29.03386
28.44648
29.45126
29.00614
28.79307
29.62822
29.17597
28.78967
29.02274
28.55493
28.33585
29.15913
29.34824
28.89054
28.81246
28.55973
29.10018
29.53157
29.40565
29.21515
28.50655
28.7294
29.40696
29.28848
29.165
29.36371
29.31283
29.01371
28.99809
28.24846
29.26542
29.54226
29.1106
29.23869
29.40927
28.69935
28.6138
28.88065
28.96384
28.70633
28.2871
29.14036
29.05097
29.19063
29.32615
28.92913
28.77655
29.04431
29.35477
28.41137
29.36512
29.53503
29.45686
29.31401
29.42297
29.03956
28.90788
29.18242
28.72369
29.0386
28.27404
29.58979
29.12841
29.27526
28.85565
29.03492
29.55066
29.32906
28.99138
29.20709
28.78012
29.23432
29.02605
28.58997
28.57782
29.47645
29.49815
29.38365
28.94171
28.84066
29.37561
29.1586
29.28296
28.74465
29.27845
29.2795
29.17521
29.34471
29.48355
29.18844
29.05384
29.11652
29.05829
29.28291
28.4579
28.4235
29.63501
29.08417
29.21645
29.12941
28.13196
28.57862
29.53263
29.27757
29.2266
28.72775
29.17199
29.22921
28.688
29.02473
29.28654
29.00513
28.98814
29.36333
28.9997
28.731
29.29069
29.43467
29.31933
29.48282
29.3926
28.56207
28.41658
29.73935
29.52526
29.09738
29.06986
28.5042
28.62669
29.65467
29.48444
29.44691
28.61829
28.59006
29.66055
29.47971
28.99078
29.1486
29.40834
29.18071
29.20273
28.93745
29.22832
28.89484
29.03702
28.67644
28.67887
29.11495
29.46527
29.38013
29.3817
29.26201
29.19836
29.04326
29.45339
29.17272
29.17347
28.66892
29.35595
29.33227
29.67812
29.07628
28.97733
29.45798
29.27472
29.2655
29.29134
29.33739
29.52023
29.38187
29.20879
29.28012
29.37702
29.38567
28.70887
29.42404
29.13757
29.60542
29.46069
29.0529
29.39518
29.32519
29.28665
29.5409
28.93498
28.42402
29.15311
29.51506
29.73907
29.26558
29.63232
29.29992
29.23555
29.29915
29.77518
29.27808
29.02357
29.37621
29.36844
29.2641
28.5919
28.92421
29.25946
29.17355
29.44314
29.70196
29.33887
29.20174
28.46049
29.15724
29.73651
29.32536
29.39809
29.03395
29.04673
28.31028
29.9877
29.3639
29.30424
29.38042
29.07964
28.90334
29.32703
28.98004
29.61565
29.57262
29.26376
29.49286
29.06525
29.20162
28.97318
29.16582
29.60871
29.53231
29.26939
29.30962
29.48962
28.90371
28.72108
29.39571
29.60423
29.57245
29.56791
29.19966
29.27486
29.359
28.62384
28.67816
29.55009
29.78867
29.47955
29.23456
29.57306
29.55806
29.54855
29.4327
29.52781
29.04356
28.62605
29.1842
29.53612
29.52689
29.51814
28.91636
29.01001
29.72136
28.98783
29.52032
29.48116
29.36481
29.06372
29.79613
29.45782
29.0381
29.5953
29.63952
29.07143
29.27514
29.39771
29.38255
29.5223
28.95191
29.76686
29.21494
28.95255
28.69065
29.34399
29.65189
29.58742
29.58446
29.53654
29.36605
29.31647
28.47186
29.99662
29.54963
29.72785
29.13136
29.52316
29.23267
28.93607
29.43549
29.76966
29.34474
29.38053
29.6457
29.4551
29.63124
29.48545
29.15406
29.38026
29.54973
29.20891
29.53589
29.65402
28.95014
28.7688
29.46458
28.95469
29.5041
29.44306
29.39782
29.65251
29.56075
29.09895
29.38418
29.8035
29.43398
29.42657
28.56364
29.59496
29.72176
29.57755
29.18581
28.35206
29.71329
29.71304
29.36079
30.13326
29.49795
29.25653
29.0655
29.54828
29.56773
29.49845
29.63106
28.9822
29.54865
29.48964
28.58832
30.20217
29.76643
28.89004
28.75841
29.20779
29.30877
29.04206
28.89729
28.85037
29.88379
29.77006
29.6571
29.384
29.74646
29.46096
28.73085
29.81421
29.6682
29.52773
28.95706
29.75659
29.19322
29.33587
29.53751
29.77506
29.21004
28.65519
28.97105
29.29713
30.03822
29.49126
29.80251
29.25592
29.43573
29.83705
29.67483
29.4258
28.68217
29.79429
29.57542
29.38872
29.62403
29.51055
29.17031
29.48224
29.7682
29.32282
27.20931
27.69903
28.74383
29.08669
29.28969
29.08484
28.65429
29.535
29.47957
29.2942
29.25446
29.29047
29.32669
29.45953
29.53523
29.60837
29.24661
28.34167
28.69555
29.33863
29.32893
29.34968
29.6199
29.54074
29.49442
28.75215
28.71248
29.14859
29.32473
29.29236
29.26612
29.08805
28.61371
29.31261
29.7332
29.43996
29.74622
29.68473
29.35627
29.24383
29.06406
29.39143
29.72531
29.14498
29.16123
29.69924
29.72702
29.08674
29.19553
29.55206
29.28644
29.94712
29.45869
29.66213
29.45128
29.55076
29.43843
29.47285
29.22822
29.82275
29.0613
29.34995
29.58659
29.51036
29.54172
29.50127
29.27675
29.56568
29.67504
29.5524
28.45655
28.77316
29.49538
29.35768
29.12609
29.97904
29.66055
29.62216
29.2876
28.98676
29.4068
29.96251
29.10937
29.34229
29.3192
29.50611
29.38347
29.24657
28.67126
29.61169
29.48162
29.39923
29.56762
29.60283
29.659
29.72842
29.28147
28.56969
29.88697
29.73746
29.36136
29.72086
28.85072
29.55155
29.75034
29.64365
29.78349
29.6072
29.77019
29.7585
29.50801
29.45397
29.61941
29.02469
29.54249
29.50585
29.24832
28.46166
29.73025
29.50057
29.43247
29.47439
29.03729
28.63841
28.57264
30.12757
29.5362
29.63853
30.04739
28.63224
29.51239
30.02354
29.42535
29.17691
28.7852
29.73592
29.67744
29.16798
29.8618
29.81615
29.23248
28.59938
29.55896
29.76639
29.63443
29.69298
29.54032
29.42444
28.8435
29.32065
29.81258
29.77669
29.68854
29.50231
29.45942
29.10749
29.15061
29.27156
28.65399
29.72118
29.71768
29.59852
29.86201
29.11135
29.4976
29.36963
29.05036
29.75337
29.6163
29.61557
29.4962
29.30709
29.44521
29.50275
29.60065
28.84237
29.13719
29.38498
29.64162
29.29977
29.87415
29.82135
29.40799
29.37495
28.66844
29.76063
29.33629
29.45623
29.82798
28.59663
29.90149
29.70946
29.48135
29.58088
28.33392
27.91141
29.14903
29.6973
29.63153
29.56226
29.58214
28.67736
29.24466
29.34728
29.73223
29.53073
28.67517
29.81359
29.60556
29.70469
29.96303
29.22228
28.89742
29.31855
29.55281
29.49839
28.6158
29.43517
29.54696
29.26951
29.61485
29.36929
29.26648
29.29953
29.04168
29.22319
29.54531
28.44705
30.07137
29.63144
29.54215
29.64827
29.43284
29.61317
29.49237
29.18255
29.85159
29.79695
29.08078
28.69625
28.84501
30.07661
29.68923
29.56205
30.03983
28.80502
29.07894
29.7108
29.60576
30.01619
29.24674
29.10588
29.52422
29.48901
29.16699
28.89304
29.65765
29.80118
29.50132
29.81973
29.00472
29.19062
29.71836
29.76003
29.5019
29.08313
30.05957
29.40827
29.45739
28.97316
29.00209
29.69996
29.48985
29.5936
29.33853
29.8992
29.49079
29.47018
29.18258
28.72977
29.83729
29.52086
29.8914
29.92464
29.906
29.59163
29.33244
28.44252
28.86601
29.8306
29.55187
29.55941
29.51348
29.68593
29.49791
29.5146
29.35154
30.20703
29.52466
29.69323
29.68243
29.24248
29.50643
29.84492
29.27977
29.47513
29.62114
29.71558
29.173
29.51199
29.60892
29.04628
29.38519
29.80534
29.91645
29.48951
29.97771
29.4033
29.17511
29.69655
28.82794
28.96534
29.74054
29.73197
29.93761
29.90572
29.02516
28.79905
29.67786
29.7538
29.47311
29.75595
29.53418
29.73203
28.6123
29.24467
29.86391
30.12288
29.88256
28.80698
29.56463
29.63668
28.87644
28.53162
29.50264
29.50585
29.26652
29.66515
29.60446
29.56146
28.9031
29.01378
29.79611
29.90496
29.2921
29.15281
29.19567
28.96582
29.672
29.45943
29.40461
29.57484
29.64228
29.33612
29.60453
29.70905
28.73719
29.36438
29.44237
29.65081
29.93231
28.83213
29.63589
29.59811
29.27783
29.55012
29.18648
29.28
29.30488
29.83066
29.34721
28.82183
29.81964
28.66103
29.1125
28.74838
29.83995
29.53088
29.29772
29.12992
30.12346
29.60095
29.611
29.47686
29.59624
29.88408
28.92126
29.0538
29.0461
29.42096
29.97743
29.56472
29.70348
29.87061
29.58024
29.38366
29.07969
29.94976
29.75547
29.00708
29.464
30.00143
29.46792
30.0802
29.50351
28.94309
29.70145
29.25507
29.28733
29.15188
29.60213
29.5043
29.60081
29.75665
29.75354
29.64065
29.62993
28.95556
29.07417
29.48378
29.79856
29.57877
29.65036
28.88876
29.39657
29.11885
28.91326
29.56728
29.28433
29.41838
29.90545
29.89355
29.66742
29.42927
29.07204
28.76322
28.63939
30.06515
29.50972
29.68324
29.81466
29.22293
29.01933
28.88219
29.87292
29.2947
29.79879
29.0361
28.83538
29.90897
29.87924
29.43489
29.6025
29.10209
29.25014
29.74227
29.55132
29.0543
29.83227
29.67074
29.44751
28.93174
29.40211
29.37377
29.74166
29.60295
29.49358
29.63619
29.33609
29.71571
29.32135
29.2413
28.71731
29.71467
29.70602
28.93627
29.81865
29.88525
29.38292
29.3947
29.59677
29.26488
29.833
29.44917
29.2067
29.47303
29.38079
29.13427
29.15711
29.71462
29.47958
29.54519
29.76768
29.48873
28.37519
27.81395
29.30882
30.02031
29.53917
29.44345
28.80648
29.90129
29.84142
29.38286
29.51697
29.57416
29.9176
29.65703
29.46984
29.76158
29.06017
28.85037
28.79926
29.00833
29.42089
29.9626
29.67949
29.31899
29.87566
29.4232
28.98927
29.8637
29.52786
29.51408
29.50789
29.57209
29.39299
29.44219
29.71428
29.36718
29.7163
29.73802
29.62794
29.59521
29.54642
29.05255
29.37585
29.65364
29.289
29.347
29.63894
28.18319
29.09848
29.61044
29.82306
29.55012
29.5176
28.33966
28.15984
29.41361
29.60349
29.64771
29.68223
29.48186
29.02914
29.97799
29.55532
29.49344
29.82306
29.52113
29.01711
29.41952
29.85361
29.38577
29.54309
29.37951
29.49472
28.85975
29.60795
29.57688
29.48675
28.77671
29.68741
29.70601
29.53605
29.86778
29.84425
29.23081
29.43118
30.07041
29.79202
29.62754
