3.3775
3.35475
3.540782
3.070259
3.324195
3.731788
3.580206
2.873352
2.757675
2.87843
3.208301
2.966647
2.788154
3.053099
4.373746
3.283808
3.034421
2.673798
3.74886
3.125671
3.187521
3.012122
3.35406
3.127272
2.907052
2.530555
2.782891
2.974982
2.917269
3.120959
2.802209
3.072363
3.223316
2.709362
2.742879
3.196655
3.357331
3.361273
3.732958
3.36064
3.103967
2.740443
3.243886
3.682912
3.494052
3.19968
4.065736
3.442874
3.003065
2.798696
2.799315
3.03709
3.388095
2.958935
2.911715
3.487631
3.482337
3.106517
4.409817
3.267944
2.720092
2.88788
2.963564
2.916027
2.852879
3.035813
2.887838
3.146274
2.89522
2.985018
3.99062
3.484844
2.760065
2.93491
3.841501
3.292591
2.934055
2.863789
2.907658
3.336146
3.346572
2.908884
2.901401
2.804554
3.621028
3.456472
2.799804
2.749513
3.271782
3.564141
2.926954
2.819338
3.137024
4.129165
3.699915
3.466519
4.310682
3.872194
3.112761
2.832877
2.667222
2.848494
2.757843
2.942171
3.671045
3.195203
2.736095
2.706076
2.909697
3.234702
3.125273
3.992632
3.176598
2.642213
3.457042
3.871977
3.205212
2.974867
3.003854
3.038657
2.819174
3.277566
3.501893
3.921431
3.570915
2.892879
3.086153
3.203644
3.071215
3.934916
4.125866
2.980144
2.606341
2.827601
2.902134
2.69102
3.362115
4.111785
3.584594
2.79712
2.863439
3.321323
3.257994
3.156666
2.83704
3.541192
3.806824
2.939721
2.542722
2.537631
2.738467
3.331868
3.806962
3.621184
3.103676
3.037365
2.911087
4.102717
3.428165
3.046798
3.084495
2.635001
3.356546
3.052115
2.821384
2.837181
2.892565
2.982758
3.26703
3.22483
3.105854
2.814916
4.146864
4.151067
3.267611
2.680568
2.880177
3.863774
3.788188
2.955653
2.73645
3.140574
3.149868
2.909906
2.89463
4.283345
3.719558
2.897168
2.632527
3.432141
3.034358
2.888033
3.045865
2.780428
3.113806
3.092892
2.882312
3.043371
2.97468
4.407866
3.678182
3.003304
2.742668
2.82416
3.28787
2.986318
2.98352
3.139808
4.511026
3.37315
2.828153
2.652135
2.836173
2.808889
2.978642
3.637387
4.924476
3.745115
2.733949
2.794588
3.381687
3.943997
3.266761
2.826539
3.082952
4.088768
3.493658
3.017479
3.15747
4.562016
3.517699
2.806259
2.665734
2.888485
2.712586
2.664673
4.07062
3.590842
2.747445
2.588937
2.859076
3.565532
4.228354
3.707407
2.83053
3.075024
2.71109
3.143352
2.790835
2.85971
3.051974
3.0574
3.101512
3.031925
3.709098
3.723237
2.970874
3.441982
4.561958
3.423642
2.713006
2.947654
2.663346
2.839721
2.573169
2.921359
4.21193
3.489221
2.754688
2.744089
2.762592
3.121906
4.339743
3.301
2.73858
2.713869
2.745006
3.136548
2.843873
2.920811
3.33194
3.997024
4.70892
3.78898
3.103773
2.728764
3.063212
3.098557
3.444504
3.166479
3.092746
3.671047
4.530964
3.961304
3.071494
3.795737
3.715991
2.8732
2.635683
2.99481
4.141453
3.732078
2.801269
2.630992
2.846236
3.888384
3.278797
2.588684
2.846064
2.992965
2.764038
2.82321
2.79891
3.112941
4.164858
3.326987
2.635096
2.619114
3.0431
3.328333
3.002936
2.996112
3.85568
4.359758
3.545667
2.870358
2.616382
3.756337
3.12834
2.57163
3.925118
3.336129
3.021478
2.786104
2.824519
2.779156
3.076109
3.213891
3.181419
3.297732
3.458098
3.456449
3.153722
3.064438
2.773278
2.771168
3.031997
2.972164
2.763473
3.658517
3.583636
3.185596
2.945355
3.127532
3.297266
3.311466
3.212932
3.226052
3.439775
2.977064
2.926712
3.103632
3.937346
4.097682
3.618608
2.99015
2.756772
3.046664
2.749271
3.106359
3.314386
2.877841
4.179471
3.335023
2.679044
2.888972
3.067576
2.997249
2.826511
2.820841
2.938006
3.122504
4.114853
3.413086
3.124812
2.909155
2.503265
2.960002
3.282749
3.117332
3.022645
3.378983
3.409321
2.830817
3.126328
3.132632
3.029966
3.618865
3.057266
2.701082
2.901327
3.692227
3.645598
2.732117
3.575647
4.356873
3.573572
4.098902
3.656825
3.779223
3.388071
2.700752
2.681098
2.714534
2.807509
2.784305
2.712743
2.784413
4.257065
4.049795
3.041019
2.814181
2.839693
2.93722
3.137453
3.781866
3.672562
3.08583
2.925537
2.906389
3.709488
3.214343
3.561543
3.397564
3.248185
2.57316
2.946599
3.283011
3.471995
3.4466
2.879552
2.788141
2.951405
2.888248
2.78347
2.731337
3.230142
3.816303
2.975323
2.789994
2.963468
3.10527
3.243397
3.956836
3.566682
2.637404
2.817842
2.749426
3.282046
3.366935
2.97768
3.908614
3.648163
2.921335
2.696753
2.891412
3.189444
3.314508
3.724136
3.660499
2.813678
2.969574
3.18169
2.957555
3.117635
3.166394
2.81388
3.18947
3.049191
3.193007
3.500069
3.441288
3.161278
2.833363
3.49109
2.964736
2.702377
3.593886
3.550236
2.821566
2.542882
2.829684
3.77688
3.089385
2.629325
2.703076
4.118906
3.618362
2.981714
2.659316
2.747287
3.128609
4.70013
3.721048
3.521615
3.255871
2.831518
3.043741
2.979849
2.795332
2.923105
2.940548
4.517881
3.843898
2.770018
3.135297
2.940638
2.611387
2.867117
3.744687
3.480263
3.040498
2.645012
2.66293
2.938426
3.973131
3.549769
2.808308
2.730909
3.177716
3.138252
2.971371
3.259349
3.111136
2.987558
2.803399
3.29465
3.080234
3.14125
2.919914
2.96915
4.088895
3.247422
2.975994
2.697082
2.567878
3.148061
4.299359
3.54563
2.612016
2.842945
2.862473
2.942146
3.04093
3.225306
3.160621
3.413735
3.260265
4.300507
3.526623
2.946612
2.881682
2.8432
3.536286
4.530257
3.617842
3.27699
2.791791
2.756651
2.702046
3.991257
3.632519
3.17584
2.928064
2.878276
2.928396
2.841897
2.627368
2.707911
4.342974
3.964171
3.237479
2.809073
2.769599
2.891702
3.169204
2.780634
3.952029
3.395088
2.916405
2.8494
3.098661
3.434005
4.079208
3.667997
2.989386
2.794459
3.653311
3.764143
3.698635
2.931547
2.760041
3.125344
3.29967
3.062028
2.786907
2.69224
3.100496
4.39061
3.78305
2.974223
2.66901
3.802864
3.614343
2.743201
2.75493
3.398375
3.059469
2.772013
2.992303
3.151777
3.424718
3.134987
2.805341
3.194697
3.146376
3.142214
3.227163
3.307183
3.845756
3.480643
3.076706
3.506062
3.369573
2.708784
2.7386
3.512224
2.97987
2.954794
3.059328
2.801251
2.792515
2.533718
3.729649
4.101543
3.432194
2.866596
2.669045
2.94809
5.5576
3.743722
3.270636
3.402781
4.689568
3.556184
2.802501
2.864181
2.958145
3.191765
4.551723
3.581059
2.739075
2.800655
3.755183
3.167451
2.815176
3.547828
3.315587
2.627931
3.397203
3.445533
3.202236
3.035592
2.958284
3.35174
3.261961
3.060642
2.911809
3.585304
3.589824
3.104235
3.2631
3.263223
3.131283
2.639992
3.042679
2.989268
3.18558
3.736653
3.748314
3.018224
2.869128
2.944332
3.717857
3.267761
3.073464
2.819701
3.037499
3.314544
3.057154
2.991468
3.180972
3.169919
3.796669
4.426876
4.013685
3.042687
2.825522
3.158042
3.185833
3.602412
3.098921
2.890038
3.105035
3.022798
3.138139
3.138556
3.594631
3.297421
3.076923
3.044247
3.058647
3.207918
2.668109
4.597868
3.714396
2.865072
2.799008
2.661252
2.909626
4.270797
3.339444
2.872258
2.81398
3.804363
3.533047
2.765469
2.659034
2.887305
3.411015
3.346771
2.971491
3.167735
4.389121
3.673306
2.674316
2.744684
4.000822
3.659569
3.098177
3.161905
4.162868
3.530539
3.091799
2.863778
2.907485
3.028435
2.792446
2.904843
2.985531
4.57002
3.734306
2.869181
2.683493
3.45645
3.529999
3.353164
3.207804
2.904842
2.830414
3.347102
3.476031
2.862718
2.790751
3.021936
3.00356
4.098519
3.713315
2.767376
2.862878
2.851753
2.914704
3.039929
2.977513
2.593298
3.593446
4.292353
3.884257
2.98064
2.725104
3.214406
4.289477
3.333839
2.658271
3.075837
3.0176
3.675982
3.334873
3.327811
3.100745
3.158949
3.093354
3.105567
2.973525
3.75424
4.202776
3.084486
2.533264
2.95699
3.005461
3.176578
2.894358
3.020708
2.95101
4.171869
3.603976
2.723189
2.769089
3.948188
3.866091
2.891168
2.921612
3.534258
3.499055
3.030323
3.115302
2.823151
3.247546
3.195563
2.958061
2.72796
2.861413
3.731175
3.631025
3.04275
3.052618
3.967086
3.811581
2.683743
2.695748
2.927451
2.974495
2.649837
3.199978
3.074708
3.133092
3.462779
3.216625
2.732635
2.741691
3.274438
4.42797
4.079463
2.994959
2.871582
2.715267
3.11196
3.163001
3.168581
3.241525
3.318599
4.184208
4.237237
3.737238
3.076602
2.752585
3.72704
3.671853
2.918602
2.763254
3.408464
3.398536
3.092513
2.809756
3.244277
3.92366
3.828703
3.025592
2.777811
2.998673
2.733526
2.655712
2.907852
4.400428
3.896449
2.919413
2.876227
3.065328
3.818767
3.741063
3.076152
2.740973
3.021793
3.345059
3.491673
3.135252
2.98258
2.888064
3.349231
3.775328
3.960501
3.332823
2.989254
2.933258
2.963506
2.973085
3.294802
2.852154
3.896806
3.206182
3.29582
3.065034
3.427185
3.962392
2.940415
2.680362
2.920528
3.048315
2.821226
3.162942
3.286519
4.042589
3.401772
2.940766
3.02842
3.071517
3.123314
4.415304
4.223232
3.377737
2.833733
3.061618
4.427743
3.625441
2.889205
2.781597
3.079446
3.427066
3.848002
3.601079
3.104515
2.949764
4.680332
3.834463
3.571775
3.339065
3.062119
3.073459
3.121831
2.943196
3.161072
3.21624
4.62189
3.768831
3.210444
2.911337
3.121451
3.49715
3.146093
3.309969
4.13944
3.711884
3.030361
2.894727
2.953086
3.126622
3.665903
4.342329
3.688384
3.204872
2.968402
2.999143
3.108798
4.02244
3.607003
3.390644
3.013096
2.957567
3.281038
4.133012
4.700633
4.143456
3.178558
3.293053
3.386782
3.315228
3.263301
3.524707
3.768817
3.707338
3.463643
3.714134
3.257226
3.059661
3.490302
3.525759
3.8238
3.519059
3.353812
3.066729
