53.62371
53.98078
53.49206
53.64385
52.2611
54.01961
53.6378
53.19456
54.20095
53.88597
53.28051
53.73582
52.80709
54.4448
53.00276
53.53867
55.12171
53.5837
53.31359
53.73895
52.89306
52.29454
53.88297
53.92867
53.53093
53.8088
53.04668
53.49054
54.14735
54.07115
54.56405
53.06568
52.95112
53.8476
53.97347
54.26396
54.53559
54.02357
53.25864
53.84575
52.45594
53.68824
54.37887
53.70105
54.80357
54.43761
53.00571
53.08886
53.25328
53.5651
53.1687
52.86769
53.44968
53.27229
54.56016
54.72696
53.44999
53.04668
53.60805
54.27079
52.67435
53.9142
54.22343
54.82499
54.59058
54.27728
53.25777
53.70826
53.86408
53.40546
53.70616
52.45612
54.36174
53.32137
54.44077
54.04293
53.77113
54.3328
53.81463
53.4519
54.16553
53.68644
54.10505
53.42354
52.95507
52.7454
54.58328
54.23418
54.65136
53.16641
53.83961
54.06966
53.48905
54.35332
53.51618
53.65788
53.9595
53.88102
54.91668
54.47864
53.63284
53.28226
54.05044
54.10951
53.91749
52.64464
52.50631
54.68194
53.56883
54.38591
54.31259
52.16461
53.02094
54.13736
53.9318
54.24039
53.40791
54.03627
53.43941
53.4581
54.0052
53.72453
53.127
54.04738
54.37767
53.38524
53.57779
53.95116
53.73785
54.45837
54.61082
54.33958
52.84209
52.61602
54.973
54.07488
53.97013
54.23048
53.25874
52.53865
54.24776
54.37007
54.91238
53.131
52.84462
54.67138
53.96124
53.89219
54.71621
54.19589
53.91677
53.5442
53.57735
54.25251
53.62498
53.56861
53.11625
53.11103
53.71852
54.24929
54.13408
54.22305
54.3386
53.73707
53.85301
54.04004
53.97642
54.10503
53.31649
54.3198
53.79068
54.83052
54.04305
53.49286
54.37722
54.04597
54.26354
54.30351
53.92899
54.77523
54.20396
53.72705
54.42429
54.33277
53.88221
53.60996
54.27454
53.62584
54.81459
54.52736
53.92078
54.46758
53.72663
54.22238
54.78125
53.56744
53.08668
53.58768
54.28238
54.86284
54.3029
55.16463
53.80507
53.90783
54.39122
54.93373
53.90769
53.87421
54.29409
54.25346
53.84329
53.15791
53.79411
53.75476
53.81551
54.47754
54.58245
54.3875
54.52239
52.62924
53.66431
55.10977
54.23705
54.05459
53.76438
53.96365
52.28439
55.39191
53.89709
54.12546
54.70236
54.16291
53.71212
53.92822
53.67084
54.77155
54.29239
54.40164
54.53554
53.89878
54.04585
53.45389
53.91943
54.63606
54.26391
54.57695
54.27224
54.24213
53.35519
53.39339
54.32568
54.3228
54.9803
54.58879
53.76442
54.103
54.43043
52.9866
53.22553
54.65626
54.55868
54.32464
54.69722
54.54817
54.47131
54.32722
54.43206
54.50841
53.89275
53.10233
53.94375
54.30336
54.82763
54.72633
53.56372
53.70411
54.50384
53.34191
54.83878
54.99587
54.06675
53.73164
54.99754
54.18361
53.35
55.14372
54.76353
53.7976
54.30466
54.173
54.27644
54.27644
54.09285
54.72551
53.53559
53.97178
53.55511
53.87479
54.79775
54.62336
54.91604
54.1703
54.30676
54.25837
53.16867
55.20464
54.32981
54.70377
54.30798
54.8782
53.69289
53.50017
54.64486
54.7561
54.43534
54.61151
54.41822
54.27073
55.01928
54.37519
53.82721
54.54242
54.54621
53.99819
54.64385
54.62732
53.32832
54.28543
54.05922
53.05873
55.0722
54.39427
54.23898
55.00853
54.34124
54.05617
54.66046
54.48032
54.32352
54.72003
53.40444
54.40842
54.79853
54.57671
54.11602
53.07318
54.46244
54.52415
54.36867
56.24408
54.7132
54.11544
53.63303
54.47296
54.63604
54.49509
54.61146
53.62098
54.8477
54.11032
53.13889
55.64757
54.72816
53.45521
54.01237
54.29443
53.87494
53.86224
53.58566
53.3278
54.81592
55.10832
54.64697
54.6773
54.89646
54.45025
53.11868
55.20461
54.43399
54.60207
54.31975
54.68979
53.29235
54.38051
54.86037
54.85398
54.05987
53.28213
53.62616
54.12311
55.36781
54.3434
54.74245
54.37574
54.66746
54.74557
54.56157
54.60294
53.62688
54.41282
54.39636
54.30365
55.42329
54.56623
53.75158
54.16737
55.04741
54.13507
50.86725
52.19003
53.10395
53.51266
54.19762
54.23019
53.24205
54.18056
54.27567
53.9805
54.42563
54.56009
54.29724
54.38507
54.03702
54.7938
54.10233
52.7789
53.29997
53.81643
53.90755
54.57864
54.72336
54.39315
54.51055
53.59132
52.519
53.8379
54.54626
54.20721
54.286
53.88054
52.66096
54.09424
54.75001
54.24855
55.1936
55.00773
54.11116
54.12917
53.95276
54.19114
54.68951
53.67852
54.17196
54.97476
54.50419
53.82252
54.36321
54.56674
53.96092
54.87724
53.98996
55.26501
54.87428
54.37928
54.0005
54.45356
54.26509
55.17903
53.41676
54.79996
54.40561
54.22582
54.78438
54.90566
53.77799
54.35497
54.96247
54.77612
53.00572
53.08594
54.34205
54.31665
54.20668
55.20955
54.18787
54.88045
54.62679
53.82615
53.94743
55.23862
54.03481
54.23734
53.97844
54.73406
54.77096
54.09612
53.19511
54.60521
53.91433
54.31526
55.29242
54.87265
54.43385
54.44358
54.00911
53.54477
55.2367
54.39193
54.5101
55.29032
53.36908
54.15846
54.72408
54.97931
55.07716
54.77888
54.91781
54.6724
54.76291
54.49458
54.44748
53.48986
54.93976
54.40783
53.92641
53.05021
54.53472
54.36713
54.33315
54.98947
53.77947
53.3103
53.09169
55.025
54.22412
55.13364
55.8781
53.16124
54.62084
54.73803
54.53558
54.19785
53.86663
54.31208
54.07521
53.95301
55.65179
55.34308
53.65792
53.59681
54.30523
54.41623
54.79845
55.38824
54.94149
53.94796
53.52975
54.05941
55.02596
54.84777
54.56468
54.3969
55.02052
53.83173
53.62959
53.80275
53.53589
54.87482
54.11776
54.84921
55.76979
53.87941
54.27242
53.97762
53.88338
54.8923
54.38898
54.79034
54.8038
54.34227
54.19432
54.10071
54.67876
53.83714
54.29344
53.8078
54.1028
54.66982
55.5683
54.43119
54.08374
54.84391
53.38583
54.64445
53.45246
54.87509
55.59468
53.14531
54.62001
54.54324
54.55471
55.18015
52.74334
52.09933
53.79449
54.89917
54.41853
54.92456
54.19031
53.51532
54.28535
53.87603
54.82587
54.5267
53.29105
54.65398
54.30437
55.03982
55.71479
54.43844
53.58035
53.78773
54.4263
54.49282
53.3139
54.32927
54.32723
54.13465
54.60601
54.24795
54.48016
53.83841
53.9735
54.22556
54.27879
53.08341
55.4055
54.01709
54.68507
55.27022
54.4083
54.46668
54.20139
54.19965
55.14882
54.94388
53.64515
53.3003
53.78935
55.28302
54.14501
54.7428
56.02958
53.52376
53.82067
54.36372
54.65619
55.68202
54.12407
53.81899
54.30777
54.15567
54.20124
53.73724
54.66436
54.56268
54.57179
55.59962
54.31173
53.3712
54.43516
54.91245
54.55989
54.05192
55.66195
54.04423
54.5036
53.71112
53.45591
54.63199
54.36481
54.54514
54.74823
55.25761
54.10516
54.58418
54.14895
53.2672
54.62016
54.02508
55.47031
55.8524
54.81788
54.50676
54.36518
52.65509
53.5552
54.78994
54.21614
54.76736
55.37509
54.62922
53.99848
54.73031
54.47487
55.19403
54.24921
54.84859
54.86672
54.0883
54.38299
55.07055
54.07233
54.49783
54.72684
54.91123
53.66035
54.98023
54.43859
53.65144
54.55326
54.99318
54.69268
54.58069
55.45365
53.75207
54.45922
54.93991
53.43578
53.60442
54.46439
54.95979
55.32544
55.71474
53.79113
53.55448
54.32339
54.52643
55.07977
54.86135
54.59068
54.94574
52.80143
54.08397
54.95468
55.42984
55.48213
53.61925
54.79331
54.25549
53.32205
53.45654
54.71271
54.18298
53.80797
55.15489
54.86708
54.59149
53.03814
53.94911
54.80733
54.80429
54.35112
54.31753
53.75133
53.58298
54.94587
53.90077
54.37934
55.07569
54.31273
53.94098
55.01295
54.84982
53.06478
54.29637
53.89734
54.71234
55.71264
53.60286
54.44068
54.32917
54.16516
55.16967
53.74471
53.99268
53.81461
55.22832
53.9391
53.70696
55.05527
52.82743
54.14086
53.78442
54.95718
53.97192
54.14549
54.71236
55.17371
54.42289
54.92313
54.49669
54.54266
54.93583
53.47977
53.94232
53.42646
54.44188
55.10126
54.28063
55.21104
55.12749
54.53496
54.1879
53.8731
55.10003
54.92265
53.91895
54.71535
54.86856
54.29166
55.80006
54.2363
53.59907
55.13037
53.80341
54.12423
53.78694
54.85667
54.04967
54.744
54.97351
54.90336
54.67104
54.78313
53.58488
53.99675
54.43153
54.56208
54.60188
54.96377
53.73288
53.99424
53.69441
53.03848
55.41141
54.61281
54.00959
54.73409
55.31352
54.98208
54.35714
53.82069
53.45624
52.83269
55.34542
53.92613
55.1925
55.60752
53.55754
53.81719
53.25055
54.98834
53.77435
55.28776
54.03324
53.43351
54.63969
55.01535
54.66195
54.82961
53.7238
54.19416
54.64486
54.33675
53.6018
55.728
54.27148
54.31401
53.77396
54.56776
53.9526
54.84356
54.78284
54.27573
54.36215
54.36428
55.0534
53.95031
54.44852
52.98529
54.81615
54.53282
53.70365
54.93286
55.08602
54.31046
54.63858
54.57126
54.03254
54.76152
54.23881
54.65374
54.28411
53.63004
54.11978
54.18056
54.55222
54.0274
54.46148
55.35435
54.73325
52.29454
51.81922
54.24143
55.31683
53.86536
55.0551
53.72861
55.30332
54.27327
54.26943
54.7373
54.59301
55.00346
54.40509
54.5299
55.37548
53.74143
53.67225
52.80191
53.97942
54.29801
55.10711
54.58162
54.48229
54.79763
53.72918
54.08503
55.23043
54.52268
54.45151
54.59731
54.41039
54.17857
54.59532
54.61405
53.8012
55.27995
54.7023
54.48631
54.65971
54.69532
53.71438
54.39856
54.78505
53.61913
54.38736
54.47313
52.44894
53.81851
55.10398
54.4881
54.65266
54.60044
52.57234
53.10339
54.17697
53.92091
54.79402
54.9089
54.24445
53.85008
55.44188
53.78114
54.88487
55.26936
54.71946
53.45022
54.28299
54.96607
53.77499
55.11567
54.32595
54.63833
53.28909
55.06711
54.20835
54.64501
53.13583
54.65507
54.34749
54.69746
55.28313
54.88425
53.97644
54.40376
55.29828
54.92519
54.52212
