28.47012
28.60435
28.81069
29.41353
28.85675
28.87095
29.35315
29.24948
28.92768
29.15188
29.11297
28.23062
28.18559
29.50974
28.62072
29.33866
29.31116
28.87729
28.64168
27.98707
29.08335
29.20784
29.11603
29.38066
29.17976
28.92839
29.13159
28.95916
28.6563
28.94992
28.68108
29.20774
28.90809
29.11843
28.87483
28.83915
28.93825
28.83123
28.62721
28.12768
29.4577
29.05309
29.01541
29.12544
29.03926
28.99028
29.03887
29.01327
28.84982
28.8188
28.07288
29.13232
28.93862
28.95466
29.05608
29.19044
28.85352
29.05585
29.25182
28.99531
28.84266
29.21631
29.0754
29.16643
28.9686
28.83415
29.0458
28.04692
29.05863
29.72839
29.24791
28.68419
29.03173
29.48357
29.45272
28.78562
29.47685
29.44485
28.84093
28.44521
28.27053
29.38349
29.15523
28.97796
28.40573
29.10983
28.74752
29.32677
29.25134
28.64676
28.9709
29.32785
29.14272
28.94814
29.2617
29.14107
28.85159
29.1967
29.18606
28.85314
29.05192
28.78531
28.57424
29.42156
29.3136
29.01159
29.26427
28.98157
29.15043
28.61176
29.09074
28.82925
28.60806
28.57209
29.448
29.06242
28.75739
28.93404
29.40001
29.26434
29.29324
28.83453
29.03884
28.89243
28.36468
28.64143
29.2622
29.3937
28.99671
29.1262
29.23352
29.07446
28.47735
28.43884
29.25479
29.7296
29.30616
29.42225
29.24375
28.85506
29.07306
28.79255
28.47388
29.0371
29.25825
29.26018
28.85802
29.49058
28.98727
29.08852
29.46326
28.7165
28.93431
28.77517
29.3041
29.30551
28.45841
28.92063
29.42075
29.37146
29.50084
29.37484
29.17307
29.30188
28.60573
29.155
29.10358
29.33184
29.41579
29.35141
29.10514
29.19378
28.86166
28.38374
29.57685
29.32377
29.32637
28.69577
29.41762
29.67226
29.1082
29.43458
28.78059
29.54898
29.10428
29.36559
29.51251
29.27701
29.00472
28.72041
29.38898
29.55911
28.57716
29.58772
29.6154
29.4142
28.98541
28.89142
29.50956
29.20006
29.22577
28.82794
28.63379
29.76126
29.31256
29.64775
29.65091
29.33281
29.49458
29.12415
28.9782
29.02779
29.0286
29.22776
29.39852
29.46211
29.44467
29.26147
28.93651
28.79589
28.5549
29.38043
29.26682
29.05908
29.3165
28.64594
29.33092
29.52784
29.44568
29.05292
29.54653
28.95151
28.75179
28.97439
29.65957
29.5108
29.01962
29.33335
29.01481
29.54416
29.61401
29.07655
29.35605
28.67674
29.50663
29.4345
29.60429
29.22978
29.42903
29.48175
29.49991
29.40739
29.38084
29.55511
29.16866
28.91932
29.59979
29.5425
29.53659
29.76515
29.46674
29.09226
29.27726
29.53586
29.51287
29.29625
29.02271
29.51804
29.00397
29.33777
28.32729
29.62886
29.63829
29.45323
29.45107
29.39014
29.29554
29.50221
28.65837
28.80198
29.56959
29.53134
29.64416
29.43679
29.51972
29.3069
29.26743
28.57865
29.25641
29.75827
29.65825
29.24959
29.74752
29.71912
29.33024
29.47423
29.75288
29.29987
29.50472
28.4934
29.25694
29.44349
29.31569
29.76529
29.4082
29.3078
29.63231
29.4777
28.79678
29.4592
29.13016
28.39094
29.54216
29.57722
29.32838
29.86299
29.36766
29.40575
29.21626
29.23014
29.61297
29.79371
29.45162
29.19223
29.06183
29.05379
28.79213
29.47196
29.22707
29.57599
28.52416
29.33866
29.58818
29.28309
29.02689
28.64623
29.91887
29.29852
29.55642
29.51892
28.46795
29.69215
29.78096
29.51579
29.59565
29.40542
29.67525
29.11299
28.86778
29.56818
29.52543
29.47375
29.03761
28.87701
29.51388
29.70715
29.41322
29.41394
28.36112
29.77244
29.86573
29.46661
29.01319
28.92421
29.08187
29.02572
29.09027
29.45936
28.95266
28.914
29.33931
29.42463
29.64844
29.45529
29.2259
29.23007
29.18931
29.41974
28.92584
28.69334
29.60473
29.6384
29.35002
29.29007
29.14662
29.8862
29.42226
29.40444
29.57358
29.4192
29.18952
28.35261
29.8887
29.93998
29.42095
29.36931
29.10711
29.6368
29.55034
29.30589
29.66151
29.11663
29.35923
29.28716
28.54014
29.21836
29.59692
29.81637
28.08692
27.21622
28.8214
29.05823
29.23601
29.47578
29.20321
29.23595
29.44119
29.40432
29.11844
29.34597
29.46224
29.18301
29.13588
29.06953
28.69529
28.25741
29.18105
29.31254
29.17256
28.80982
29.61654
29.33354
29.32764
29.32519
28.89495
28.23321
28.56481
29.34521
29.54392
29.51133
29.36541
29.01731
29.67867
29.37969
29.58266
29.56431
29.25642
28.93479
28.71069
29.65236
29.76985
29.4702
29.5765
29.71408
29.63267
29.23679
29.50756
29.86494
29.21973
29.76623
29.72974
29.38773
29.41009
28.98373
28.56494
29.85899
29.87913
29.63323
29.66005
29.60478
28.373
29.83599
29.6266
29.62022
29.31168
28.81768
29.36375
29.82777
29.25048
29.41055
29.33832
28.92183
29.75775
29.78589
29.15015
29.25142
29.25562
29.36398
29.50536
29.77493
29.63695
29.09491
28.63273
29.89857
29.65921
29.30947
29.62057
29.34007
29.69481
29.48842
28.81151
30.04379
30.01489
29.63855
29.87632
29.65173
28.87318
29.79775
29.72279
29.48014
29.73487
29.2721
29.24985
29.4947
28.88586
29.3108
29.49664
29.60219
29.19125
29.5892
29.22774
29.49138
29.40446
29.07762
28.56402
29.78688
29.68266
29.34249
29.79209
29.68882
29.52948
28.72275
29.19672
30.07955
29.12599
29.50878
30.00502
29.26664
29.68146
29.6746
29.74951
29.53739
28.62981
29.50313
29.55545
29.57329
29.50594
29.17503
28.66138
30.04923
29.71563
29.71103
29.66514
29.76934
29.22312
29.17139
28.99285
29.23622
29.94576
29.44737
29.82852
29.59336
29.1056
29.36971
28.5259
29.66461
29.45568
29.19715
29.63869
29.40361
29.07428
28.51896
29.49511
29.76683
29.72927
29.40721
29.79815
29.26642
29.62108
28.64136
29.26368
29.83089
29.64057
29.76404
29.71447
29.39427
29.10463
29.65778
29.50865
29.1907
29.37989
28.80051
29.69212
29.72375
29.58043
29.58737
29.38448
29.36529
28.91563
29.04523
29.9082
29.66332
28.2683
27.2683
29.14342
29.46681
29.5599
29.11526
29.44011
28.54412
29.47201
29.41362
28.56044
29.46954
29.74545
29.30059
29.12874
30.08936
29.4992
29.47994
29.50271
28.3285
29.79655
29.78691
29.30104
29.72583
29.49155
29.75001
29.60297
29.57415
28.76944
29.70394
29.53259
29.02169
29.77119
29.36382
29.68539
29.79303
29.31978
29.07346
29.87902
29.88758
29.52972
29.64078
29.6136
28.67043
29.75965
29.86327
29.35314
29.83619
29.3804
28.32671
29.80669
29.57548
29.2439
29.51281
29.90777
29.64282
29.64749
28.97945
29.26306
29.40971
28.94622
29.72373
29.81176
29.39475
29.84259
29.11219
29.07812
29.81177
29.46079
28.88931
28.86472
29.87829
29.23047
29.66882
29.55028
29.58506
28.42099
29.79845
29.59066
29.43679
29.67311
28.82823
29.74738
29.98662
29.44939
29.45982
29.28899
29.461
29.85276
29.61751
29.53183
29.79522
29.36556
29.31016
29.2761
28.62957
30.03369
29.41837
29.42425
28.94056
29.59943
30.03015
29.20485
29.68788
29.04735
29.59312
29.73518
29.66364
29.93232
29.13833
29.76705
29.23239
29.5394
29.00203
29.14227
29.73561
29.55331
28.83907
29.79942
29.683
29.87196
29.48598
29.76492
29.64059
29.10711
29.17009
30.02025
29.35572
29.56326
29.63386
29.70555
29.60008
28.97316
29.49482
29.41883
29.54074
28.82189
29.65311
29.71569
29.72241
29.74899
29.22328
28.79587
29.72398
29.58263
29.97878
29.81591
29.69273
27.99051
29.2702
29.74204
29.18504
29.38708
29.67209
28.93312
29.31154
29.57911
29.31459
28.90067
29.59052
29.31805
28.52026
29.27357
29.83427
29.56627
29.40636
29.60138
29.39532
29.26546
29.4644
28.97888
29.40428
29.33529
29.38126
29.67109
28.79747
29.4886
29.43216
29.49516
29.30563
29.69814
29.50263
29.64272
29.66269
29.47433
28.0573
29.50892
29.87382
29.70095
28.4649
29.60332
29.40089
29.56926
29.59265
28.76869
28.7522
29.82297
29.56521
29.68269
29.55528
28.51218
29.61024
29.518
29.5781
29.84855
29.52024
29.16389
29.11727
29.45497
29.48252
29.27812
29.44719
28.99166
28.48651
29.75443
29.60777
29.5571
29.85027
29.52834
29.18638
28.81288
28.6411
28.20572
29.40038
29.83446
29.44436
29.61276
29.84441
29.22361
29.36117
29.07575
29.26171
29.91716
29.27629
28.80565
29.72843
29.86367
29.7529
29.4544
28.85242
29.17673
28.98191
28.84486
29.30113
29.12683
29.27164
29.26456
29.49652
29.34122
29.35526
29.41786
29.42636
29.38424
29.69039
29.19946
29.47943
29.44979
29.26632
29.11533
29.47615
29.50322
29.50662
29.23583
29.49062
29.28732
29.09115
29.27599
29.12339
29.00832
28.87142
29.40252
29.88596
29.27609
29.57299
29.36759
28.78901
29.56466
29.58097
29.5195
29.57739
29.41885
29.12347
28.63174
29.74195
30.01197
29.22146
29.37418
29.27302
29.44927
29.13104
29.43375
29.9014
29.62483
29.45824
29.35827
28.93007
28.5581
30.20346
29.52722
29.83808
29.47343
29.61758
28.76107
29.66645
29.94713
29.4478
28.9769
29.45989
29.67249
29.32983
28.06142
29.10509
29.49771
29.38632
29.48222
29.46469
28.66835
29.69095
29.08616
29.46735
29.74034
29.0059
29.15701
29.26068
29.67258
29.63735
29.69005
29.71889
28.80776
29.48834
29.45436
29.42219
28.80072
29.80893
29.62787
29.79685
29.62746
29.19717
29.20096
29.2119
29.09409
29.71425
29.48969
29.40036
29.41219
29.3969
28.74073
29.71217
30.07419
29.38102
29.92645
29.46178
28.79979
29.83853
29.71529
29.31139
29.00028
29.24295
29.25627
29.38962
29.07938
29.82508
30.07966
28.57641
28.18371
29.41587
28.91964
29.34392
29.51265
29.86065
29.58229
29.52045
29.75563
29.5053
29.75946
29.69567
28.83371
28.91991
30.01058
29.30614
29.57559
29.44578
29.40759
28.32041
28.96345
29.06132
29.41321
29.29361
29.5222
29.55854
29.57715
29.59745
28.90414
29.57505
29.03097
29.05801
29.82977
29.81214
