24.84652
23.89269
24.94419
24.45001
24.62607
25.10825
24.82444
24.22931
24.68039
24.5543
24.4553
24.47914
24.1737
24.36724
24.54857
24.46527
24.85194
25.2671
23.95116
24.58516
25.23409
24.46231
24.06873
24.29303
24.82796
25.27136
24.96218
24.58022
24.49518
24.43422
24.23625
24.79681
24.35081
25.08972
24.98349
24.46359
24.86269
24.42372
24.46202
24.27323
24.77039
24.73157
24.21198
24.0807
24.82098
24.93559
24.76753
24.48437
24.54958
25.14934
24.69448
24.36055
24.36264
24.83831
24.89582
24.09384
25.05414
24.8604
24.57621
23.87229
24.84291
23.95901
24.50802
24.68529
24.90916
25.18765
24.3725
23.94086
24.66151
24.18096
25.17643
25.11134
24.00579
24.54762
24.58956
25.06324
25.08185
24.9915
24.62527
23.88168
24.207
24.68518
24.22999
24.94285
25.10706
24.01651
24.05618
24.44817
24.52106
24.86965
25.52868
24.59272
24.10439
25.21253
24.52432
24.71103
25.06571
24.62465
24.30317
25.03804
24.81874
24.87756
24.02358
24.70778
24.53746
24.4637
24.93031
24.05053
24.85758
24.6393
24.37305
24.82487
25.14073
24.79306
24.61995
24.55528
24.76525
24.51401
24.55926
24.74671
24.23191
24.96219
24.93887
24.39071
24.24062
24.75061
24.87238
24.21514
24.81797
24.71182
24.14984
25.11548
25.17183
24.16054
24.10895
24.36877
25.37726
24.47821
25.0189
24.60983
24.86125
25.02978
24.6945
24.5685
24.75764
25.34996
24.64371
24.68448
24.57677
24.38842
24.51319
24.3786
24.40273
25.0142
24.79509
24.86662
24.74772
24.86933
24.85415
24.50588
24.90616
24.64114
24.69129
24.94774
25.11832
24.53566
24.68632
24.87119
25.01909
24.69207
24.74406
24.48469
24.54368
24.86876
24.87327
24.74835
24.21451
24.79317
25.04878
24.97349
23.87
24.48357
25.3184
25.25695
24.6395
24.72053
24.46857
25.45384
25.06092
24.69383
24.71402
24.45256
24.81679
24.85395
24.53596
24.81754
25.27718
24.64775
24.36695
24.95387
25.11716
24.16791
24.72795
25.18942
24.54254
24.91269
25.1124
25.01633
24.86714
24.54907
24.76712
24.76962
24.62371
24.70393
24.47773
24.79752
24.91067
24.70262
24.45884
25.10884
24.70247
24.89536
24.95527
24.71659
24.43907
24.65219
24.89798
24.8611
25.0261
24.51414
24.22999
24.35922
24.6491
25.4364
25.41554
24.81182
24.38333
25.30153
25.01288
24.59939
24.66707
24.73476
24.91294
24.37703
24.74954
24.75396
24.34582
24.77636
24.81176
25.01571
24.55376
24.99135
24.57961
24.80083
24.62811
24.52089
25.02797
25.07015
24.69156
24.35918
25.16777
24.25116
25.1715
25.82109
25.01336
24.38369
25.05456
24.70519
24.97822
24.74585
24.22841
25.543
25.41057
24.52485
24.61552
25.22713
24.81326
25.17067
24.47478
25.0662
25.21547
24.62902
24.45301
25.09752
25.36808
24.97006
25.13212
25.15771
24.02563
24.9752
24.73131
25.3768
25.72177
25.00908
23.92087
24.57863
24.70101
25.38143
25.76712
24.75835
24.19541
25.19171
24.59743
25.28119
25.14313
24.66803
24.74222
25.18935
24.77361
24.89492
24.33172
25.2753
24.89126
24.56873
24.36847
25.0152
24.50226
24.75238
24.79924
25.35152
25.40814
25.27589
24.4419
24.88231
25.20435
24.70523
24.56005
24.64024
24.84075
25.01699
24.78536
24.56522
24.87668
24.93632
24.43715
24.74084
25.80247
24.66433
24.72006
24.94975
24.41043
25.09193
24.9623
24.82995
24.48637
24.97534
24.96886
24.82033
24.81827
25.80176
24.60195
24.32508
24.64372
25.07082
25.08191
25.30564
25.20477
23.9616
25.03954
24.89395
25.04523
25.79602
25.04137
23.97889
24.477
24.68429
24.76748
24.57387
25.47109
24.99058
25.30516
24.49981
24.42501
25.0254
24.71282
25.26193
24.93991
25.43252
24.9562
24.74709
24.53923
25.0708
24.81261
24.55029
24.7992
25.10311
25.29703
24.95468
24.80603
24.68633
24.58629
24.97849
25.12975
25.76362
25.08957
24.68974
24.53599
24.53168
25.54231
24.50105
25.1222
24.87274
24.23916
25.62807
25.77734
24.81826
24.92233
24.82238
23.93179
23.71685
24.47636
24.38864
24.86818
24.86438
25.17766
24.71267
24.59848
24.79471
24.99195
25.27091
24.311
24.94615
24.72913
24.62283
24.62632
24.44853
24.59653
25.02502
24.81485
25.23005
24.68401
24.79119
24.72227
24.61385
24.21497
24.60485
24.35858
25.10316
25.03662
25.08612
24.73399
24.63926
24.88113
24.76928
24.81363
25.03679
25.23125
24.76561
24.866
24.80516
24.40878
25.11079
25.18606
24.69982
24.48273
24.82603
25.31334
25.04089
24.87383
25.64995
24.90761
25.20478
24.84144
25.00322
24.37611
24.94442
25.20574
24.59801
25.20787
24.70182
24.90827
25.44232
25.0148
24.76298
24.70159
25.24344
25.03977
24.83144
24.62246
24.64008
25.20778
24.84218
24.96541
25.03803
24.87808
25.33924
24.30859
24.98604
24.74317
24.79773
25.55245
24.92317
24.13716
24.5815
24.93555
24.97782
25.32783
25.29126
24.83538
24.25719
25.31118
24.56623
25.31223
25.47904
24.88087
25.52965
25.39712
24.82753
24.54381
25.2827
25.13974
24.80668
24.84857
24.63875
24.30257
24.69179
24.93028
25.40516
25.08487
24.43048
24.84584
24.81807
24.37206
25.33371
24.7119
25.43038
25.06771
25.47975
24.57897
24.84868
24.88158
24.86774
25.05062
24.90535
24.63342
24.7513
24.92713
25.20884
25.00871
24.99147
24.46125
24.94423
25.10751
25.36569
24.95029
25.07695
24.78111
24.97082
25.142
25.03164
24.89422
24.74401
24.78596
25.2109
24.6526
24.55523
25.23814
25.06889
24.64748
24.64886
24.79012
25.4396
24.99723
24.96478
24.97951
25.03617
24.46487
24.86565
24.72372
25.00247
25.48946
24.96914
25.12326
25.17934
24.74338
24.81666
25.10672
25.02283
24.77347
25.07871
24.70183
24.78901
24.6772
25.59992
25.79909
24.9775
25.03981
25.00675
24.72087
24.99602
25.07347
24.46106
25.43777
24.66119
25.37272
25.33157
24.92791
24.91439
24.76527
25.11494
24.93623
25.15359
24.15772
24.05232
24.80331
25.0326
25.20112
25.51419
24.81069
24.80499
25.00695
24.80308
25.04415
24.33688
25.22054
24.74256
25.17367
26.00179
25.05059
24.90372
25.36896
25.24311
24.93162
24.63053
25.11126
24.69564
25.3592
24.51376
25.21707
25.30512
24.93624
24.10289
25.16115
25.25004
25.29222
24.54091
24.49165
25.90005
24.40107
25.38877
24.84459
24.90575
24.94584
25.18824
24.91211
25.39603
25.44358
24.92446
24.54165
25.12493
25.09182
24.98991
25.41578
25.30936
24.68988
24.67455
24.57566
25.31934
24.53498
25.18236
25.57491
25.8255
24.5777
24.75735
25.1151
25.18226
24.97868
24.98063
25.11964
25.16404
25.1081
24.42548
25.12174
25.34919
25.01396
25.86027
25.1881
25.01728
25.11147
25.03618
24.44907
25.16281
25.00538
24.59256
25.37444
25.53372
25.79672
25.02346
25.41972
24.62785
24.56243
25.78482
24.89024
24.94119
25.10087
25.0466
25.22077
25.27881
24.64124
24.43881
25.1154
25.23392
24.41749
25.37506
24.98044
24.70902
25.12039
25.38636
25.52831
25.18285
25.292
24.53493
25.07549
24.6965
25.10085
24.41922
25.30929
24.83986
25.54462
25.00935
24.64524
25.04605
25.05598
24.88181
25.39299
24.96416
24.82447
24.78765
24.89746
25.63734
24.87696
24.51103
24.43976
24.75879
25.22709
25.13362
24.79798
24.70198
25.009
25.24039
25.36728
24.98662
24.87247
24.71279
24.72996
24.97678
24.74848
25.17632
24.80471
24.65903
24.53698
24.18117
24.54476
24.4983
24.9705
25.43507
25.39625
24.71062
24.50196
24.5729
24.93384
24.79793
25.14438
25.53427
24.55033
24.86623
24.91908
25.07839
24.84763
24.90754
24.92892
25.03624
24.77224
24.6177
25.14107
25.28961
24.9023
24.88521
24.58488
24.82139
24.87661
24.87732
24.71089
25.20169
25.2935
24.33197
24.96066
25.24805
24.93311
24.54995
24.88441
24.37242
24.48109
24.50988
24.45566
25.13227
26.07471
24.97595
24.38828
25.25593
24.61769
25.58981
25.24838
24.62915
24.8692
24.9255
25.01769
25.19771
24.70018
24.8067
24.80401
25.1696
24.79279
24.91173
24.75853
24.73774
24.78854
24.83489
25.16802
25.04338
24.86342
25.01225
24.61216
24.58101
24.9184
25.06171
24.77751
24.84251
25.58861
24.59408
25.20169
24.70658
24.80134
24.69197
24.90898
24.95389
25.30407
25.20364
24.67076
25.03415
25.02345
25.27757
24.56437
24.36236
24.6765
25.04967
24.85633
25.05671
24.816
24.16777
25.66721
25.49034
24.89598
24.21112
24.93551
24.90261
24.82504
25.36106
25.92809
24.85808
24.70514
24.95391
24.5428
24.81352
25.272
24.70427
25.06721
25.60699
24.68675
24.64878
24.47258
25.50629
24.98853
25.13203
24.41306
24.91574
24.63009
25.15578
25.45882
25.09329
24.86262
24.88626
24.67525
24.79037
25.22096
24.88638
24.53658
25.0059
25.50932
25.29082
24.5079
24.7111
25.21364
24.87742
24.26579
25.14124
24.81893
24.78481
24.87566
25.51827
25.36709
24.97178
24.61897
24.67358
24.34735
25.07526
25.2357
24.51402
24.7223
25.56508
25.33898
24.6113
24.17199
24.52684
24.71638
25.04766
25.0253
25.18263
24.95085
24.84907
24.99713
25.16671
24.71231
24.85717
24.76603
25.09623
25.61063
25.34982
24.43711
25.15747
24.71299
24.98723
25.01084
24.2313
24.95465
25.09737
24.82768
25.49644
25.35413
24.84111
24.8298
24.76381
24.84268
25.35445
25.81694
24.8277
24.72435
24.65569
24.65194
24.85818
25.2948
25.09909
24.9415
24.78584
25.21793
25.28412
24.46701
24.79722
25.34146
24.53982
24.12601
24.90942
24.81079
25.13443
25.54046
24.47879
24.37981
24.72897
23.90056
25.46657
25.36163
24.62403
25.34595
24.85591
24.32792
24.95163
24.87665
25.49159
24.79222
25.56099
24.80775
24.37898
24.94487
24.65575
25.36664
25.00655
25.41019
24.41696
24.75195
24.75313
24.69034
25.1192
25.49507
24.54901
25.54589
24.75677
24.59384
25.07041
25.53522
24.96883
