24.62462
24.40567
24.83064
24.26837
24.83573
24.79897
24.08852
24.1197
25.00168
24.32452
24.2093
24.88422
25.0726
25.08903
24.4439
24.52578
24.3661
24.62404
24.3717
24.54807
25.05839
24.58011
24.7974
24.47969
24.61054
24.99695
24.49435
24.08048
24.84972
24.85774
24.54032
24.52806
24.54242
24.68039
24.88021
24.7492
24.34224
24.06387
24.49928
24.67407
25.016
25.26981
24.75675
24.66378
24.92858
24.55114
23.96087
24.11439
24.77336
24.7585
24.62576
25.03302
24.24154
24.31822
24.50918
25.03696
25.19631
24.46011
24.6631
24.64627
24.24523
24.74506
24.82267
24.45499
24.70993
24.84761
24.55156
24.51124
24.84156
25.10935
24.05718
24.51907
24.8009
24.79114
24.66376
24.65153
24.98144
24.83205
24.90154
24.2403
24.31784
24.87477
24.50743
24.09812
25.14348
24.17812
25.03061
23.73449
24.67359
25.25436
24.47438
24.34132
24.83706
24.93629
24.94365
24.50997
24.74722
24.40713
25.81784
24.32393
24.08796
24.49486
24.40272
25.02004
25.42178
24.76471
24.53629
24.70006
24.79759
23.87137
24.80064
24.76913
25.01424
24.64893
24.8619
24.23598
24.81199
25.51718
24.89581
24.34848
24.26983
23.97509
24.76689
24.86197
25.31636
24.97657
24.39993
24.70211
25.13187
24.55741
24.44056
25.45908
24.71646
24.52324
24.60664
24.63842
24.30163
24.97464
25.06251
24.4106
24.28824
24.19271
25.21943
25.65958
24.26482
24.20075
24.36597
25.10361
24.56097
25.59236
24.78756
24.14997
25.02052
24.84972
24.32658
24.37264
24.70812
24.73991
24.41923
25.32697
25.14278
24.35613
24.63369
25.02138
24.78106
24.54427
24.53548
24.56885
24.881
24.77798
24.61588
24.75432
24.98843
24.75895
24.38032
24.74755
24.72839
24.2911
25.12071
25.52591
24.50679
24.31141
24.47696
24.75584
25.10177
24.55228
24.61157
24.83181
24.90047
24.74948
25.37416
24.811
24.33918
24.35932
25.21171
24.7304
24.94589
24.49384
25.02874
24.70179
24.75232
24.80611
24.48458
24.70085
24.47003
24.91579
24.89865
24.79078
25.21611
25.27254
24.82683
24.11964
25.42258
24.97147
24.54767
24.61526
25.16556
24.84993
24.38179
24.89155
24.81267
25.09049
25.08525
24.68328
24.66918
24.24646
25.04629
25.70958
24.77942
24.89421
24.54042
24.92821
25.45926
24.74097
24.84258
24.6885
24.98113
25.16599
24.73065
24.67659
24.60783
25.37159
25.35174
24.85068
24.86724
24.79161
24.68528
25.11373
24.26943
24.25305
25.46211
24.43997
24.42153
25.15638
25.11983
24.57475
25.08309
25.31279
25.19483
24.80655
24.37903
24.30469
24.62977
25.33371
24.93583
24.31029
24.75462
24.42966
25.36292
25.22707
24.65093
24.62979
24.86243
24.82335
24.78396
24.76678
25.31324
24.70657
24.69074
24.71317
25.40525
25.14869
24.80188
24.70314
25.10495
24.69232
24.31209
24.99033
24.59881
24.96633
25.61839
24.6909
24.55113
24.78646
24.80383
24.51483
24.83914
24.95883
24.85103
25.12132
25.59748
24.80421
24.19019
24.73144
24.59168
25.15
25.47398
24.90153
24.40871
24.61859
24.76704
25.27803
25.2725
24.61627
24.26451
25.04991
24.85043
24.90992
25.40222
25.17455
24.29952
24.65017
24.88322
25.30023
24.73421
24.69267
24.44256
24.86779
24.4858
24.68467
24.55813
24.72972
25.43472
24.87139
24.8394
24.95604
24.51145
24.97111
24.82151
25.15009
24.71742
24.8754
25.10212
24.28035
25.32181
25.47771
25.00232
24.57782
24.75457
25.00602
25.50826
24.19335
25.2455
25.50431
24.74748
24.13387
25.00973
24.95622
25.12961
25.36718
24.82498
24.56888
24.76588
24.94496
24.69952
24.9666
24.72969
24.77284
25.36564
24.65285
24.50488
24.65652
25.60117
25.62163
24.89719
24.86037
24.96557
24.44418
24.94415
24.76237
24.56971
24.55221
24.81777
25.04369
25.73667
24.99866
24.73375
24.66289
25.06411
24.47148
25.05322
24.83961
24.83856
25.01785
24.98339
25.14452
24.42436
24.74174
24.84632
24.77371
25.117
25.06374
24.58099
24.53335
25.72658
25.51833
24.74346
25.26733
23.18256
23.35324
24.85339
24.43715
24.9273
25.07294
25.26615
25.03753
24.91893
24.59402
24.13704
24.77452
25.05041
24.95006
24.56442
25.23483
24.32223
23.90405
24.96544
24.47164
25.15826
24.37024
25.09104
25.39385
25.1193
24.44534
24.70473
24.09496
24.91813
24.62679
24.76998
25.21009
24.75074
24.63038
25.29636
24.66076
24.98349
24.59061
24.95408
25.33064
25.14066
24.4811
24.86937
25.01108
24.75858
24.8928
24.94795
25.53346
25.36736
24.83269
24.90482
24.53214
25.37031
25.45408
24.88483
24.50459
24.81329
24.53327
25.04609
24.62903
25.34721
25.41965
24.95755
25.14051
25.22917
24.76116
24.76495
24.98314
25.08007
24.95357
24.08874
25.45446
24.28586
25.27146
25.00659
24.87533
25.01819
25.03296
24.74622
25.18189
25.21036
25.0618
25.47552
24.65594
24.51507
25.0817
25.12502
24.76337
25.52573
25.04318
25.05207
25.04231
24.74157
24.9252
24.58108
25.20394
25.54523
24.65967
25.13854
24.84962
24.88471
25.40738
24.80403
25.20753
24.30637
24.48781
24.99894
25.2864
25.90167
25.42661
25.03491
24.7345
24.72543
25.10457
25.15681
24.62293
24.96407
25.81301
25.07788
24.56524
24.91205
24.97034
24.51652
24.8911
24.73894
25.35262
25.26047
25.04188
24.65153
24.71432
24.95031
24.79008
25.29144
25.61932
24.7423
24.46011
25.00721
24.73492
25.07995
25.69478
25.22846
24.87438
25.3233
24.58878
24.61808
24.79067
24.96109
25.49725
24.64186
25.21093
24.5444
25.28942
24.92204
25.02298
24.68836
25.52372
25.52873
24.36991
24.73686
24.80954
24.93588
25.29455
25.31989
24.96777
24.78985
25.01506
24.47241
24.73158
25.36502
24.73866
24.66691
25.1639
25.19717
24.58307
24.89953
24.84377
25.37315
25.45762
24.33974
24.63439
24.96204
25.48423
25.33589
25.18599
25.0629
24.83707
24.70153
24.91934
25.33603
25.2155
25.52773
24.77668
24.38603
25.20281
23.81618
24.27118
25.88211
25.31657
24.5463
25.06275
24.37029
24.92843
25.10094
24.85858
24.4754
25.03404
24.87489
25.12738
25.12532
24.36088
25.2089
24.92471
25.21372
24.62276
24.93079
25.11169
24.77595
24.98832
24.87085
24.84765
24.285
25.06125
24.90518
24.75629
24.81465
25.40937
24.85333
24.75159
24.85564
25.31096
24.87153
24.95361
25.33929
24.97586
25.07714
24.67919
24.7113
25.29915
24.86418
24.96337
24.84715
24.69832
25.49808
25.52999
25.27246
24.60877
24.89478
25.41923
24.31403
25.34874
25.11604
24.83352
25.95647
25.21754
24.49121
25.01376
25.24367
24.99148
25.3822
24.73759
24.89293
25.16456
25.37402
24.50474
25.07832
25.26795
25.14487
24.68368
25.29096
24.90095
24.70016
25.27403
25.12737
24.81326
25.66797
25.07335
24.62022
25.08922
24.93384
24.67885
25.112
24.9102
25.40689
25.02539
24.8679
24.53197
24.7264
25.02128
25.81291
25.75535
24.99597
24.94762
25.22794
24.82839
24.85889
25.16364
25.51738
24.46063
25.04075
25.50821
24.72217
25.18344
25.07719
25.24923
24.77378
24.73736
24.56506
24.6481
25.39334
25.02964
25.27366
25.23742
24.89845
24.82599
25.59247
24.9818
24.81154
25.27679
24.75406
24.35143
24.99203
25.11111
25.24685
24.76152
24.63791
24.76319
24.96408
24.86098
24.97523
24.58486
24.99923
25.02896
25.40405
24.22995
25.25589
25.04053
24.66653
25.15743
24.28185
25.57971
25.20873
24.91131
24.34898
24.00483
24.3348
25.6514
24.73363
25.03293
24.68701
25.14033
24.63515
24.49041
24.68402
24.80067
24.74728
25.08809
24.85725
24.72802
25.30477
24.60408
24.9409
24.58265
24.95685
24.6871
24.98441
24.75112
25.09773
24.62297
24.85934
25.24267
24.73008
24.93399
24.75649
25.07251
25.11814
24.57187
24.68042
24.84604
24.91553
24.56567
24.98525
24.55687
24.85031
24.49354
25.04192
24.84791
24.37048
24.96864
25.036
24.88448
24.89601
24.77976
24.91744
25.48281
24.54848
24.7905
24.88745
24.78141
24.41218
25.13048
24.74848
25.5017
24.76116
24.33024
24.86202
24.56925
25.02779
25.68739
25.39884
24.81338
25.21183
24.71132
24.71571
24.66821
24.8007
24.90735
24.76018
25.06709
25.26078
24.99308
24.36196
25.09374
25.21518
25.08886
24.8716
24.34393
24.80792
25.02212
25.36281
25.22175
24.62787
24.64747
25.05416
24.85508
24.79333
24.10065
24.83339
24.99305
24.56897
25.20728
24.70077
25.71398
25.00556
24.4792
24.56812
25.16636
24.65202
24.70786
24.84339
24.92841
24.68964
25.48379
25.16534
24.55805
24.82471
24.3528
24.41154
25.64004
25.08634
25.01928
24.26244
24.85472
24.96689
24.90244
24.38753
24.70451
25.85699
24.27607
24.56485
25.14885
24.78877
24.41899
24.71639
24.826
25.53133
24.80379
24.99295
24.70022
25.01284
24.80057
24.47405
24.48804
25.20139
24.62595
24.86489
24.98445
25.5733
25.05145
24.23968
24.86677
25.08845
24.64819
25.05914
25.39306
25.28526
24.48284
24.73993
24.79694
24.65569
24.67554
24.84281
24.84085
25.2586
24.79422
24.58889
24.72014
24.70466
25.03981
24.87841
24.64794
24.71842
24.83977
24.71505
25.17571
25.01642
24.6354
25.22229
24.42849
24.9731
25.27652
24.8812
24.04111
24.94759
24.73834
24.88845
25.05139
24.89087
24.89176
25.38506
24.61719
25.24623
25.47375
25.19636
24.95353
24.6655
25.0926
24.74599
25.1368
24.80393
25.2024
24.5644
24.80718
25.39944
24.81752
25.19312
25.08814
24.68519
24.55733
25.35173
24.6754
25.29633
24.83108
24.45341
24.74194
24.69198
25.30669
25.54939
24.18941
23.85703
24.36583
24.45422
25.20684
25.84711
25.58837
24.44886
25.05145
24.68982
25.34645
24.62047
25.10879
25.04453
25.19039
25.66124
25.11681
24.9619
24.11671
24.73083
24.69788
25.20851
25.04799
25.04827
24.11563
25.32816
24.56319
25.51349
24.6984
25.39752
25.55219
25.34159
24.16442
25.20539
25.58863
