-2.589531
-1.758535
-0.6625986
-0.1523804
1.577486
-0.7324142
0.3173881
1.971242
-0.5851858
0.9792141
0.8469287
0.9536606
1.751974
0.6911309
3.111807
-0.1181758
0.9217998
-3.193599
0.8118921
4.423358
0.02292774
-2.725604
-1.061399
0.6529002
-0.2250974
-0.8411238
-2.590235
1.060826
2.011736
0.0912321
-2.077404
-1.715304
0.7304487
2.58346
0.5881445
-1.099418
0.4996061
2.08933
0.5586538
0.02368393
1.082346
2.312019
-0.6651639
-0.6366864
2.186668
0.5111662
-1.76416
0.6614852
3.043618
-0.440684
-1.432719
0.5461735
1.806231
-1.397053
-0.1491391
0.6007814
0.73791
-0.3006533
-1.414917
-0.09475614
-0.4613072
0.5479586
0.2115908
-1.897759
1.908613
0.3903473
-0.08131839
-2.252685
-0.9520193
2.037382
0.5721765
-0.3461146
0.07643377
0.7924262
0.4110434
2.218996
0.4740499
-0.9613335
-1.50582
2.238629
0.0399074
-3.042655
-1.03887
3.059819
-0.2469815
-2.681501
-1.874813
2.879122
-0.4864977
-2.876671
-1.117374
0.1638931
1.895503
0.2173458
-0.8681892
-0.9367907
-0.5322548
0.5223126
2.160781
0.2899337
1.074146
-1.06859
2.158762
0.4866882
-1.902759
0.7326297
2.742893
-1.854093
-0.9937477
-1.89187
0.5010762
3.625057
0.6789855
-1.660701
0.06963407
2.242311
-1.096097
-2.500785
-1.428407
-0.8773471
1.377652
-0.370098
-1.619031
0.9911966
0.7894675
0.5287553
0.9042222
0.1450183
-2.523415
0.07960345
2.714311
0.2859625
-0.8959072
-0.9838984
3.103589
-1.441609
-1.807276
0.4847612
2.464168
-2.216457
-2.165094
2.515955
-0.4521849
-0.4370897
0.3076348
-0.5220381
1.740856
1.21866
1.269822
-2.163055
-0.6566905
3.008705
1.641643
-2.458105
-2.734137
-0.7704653
1.030512
2.067127
-0.2515849
-2.425297
-1.192734
3.314495
0.3877613
-1.633598
-1.558039
-0.3692747
-0.3640343
0.07264242
2.482802
0.07179275
-0.8118026
-2.074807
-0.3529782
1.673509
0.993013
-0.5005967
-1.479613
-2.066039
0.5410451
2.523663
0.6140926
-2.037509
0.9998732
1.603145
1.091007
-1.801617
-2.601459
1.255272
2.11352
-1.297713
-0.08232324
-0.3127112
-1.367753
1.121255
-1.576677
-2.166037
0.9359098
1.850757
-1.254073
-1.94323
-0.8174234
1.043888
0.687739
0.7310008
-2.442255
-0.924219
2.243426
0.5360016
-2.068267
0.9396076
2.970096
-0.4976714
-2.502898
0.2032638
3.461881
1.598372
-1.071037
-0.08108999
0.2411385
1.796692
0.7463735
-1.882589
1.956337
2.398591
-0.4927725
-0.3976575
2.529369
0.06309193
-2.215795
1.392002
0.982025
0.2048654
1.528804
0.571237
1.183293
0.7531694
0.1205351
-2.481319
0.2055597
1.073342
1.645323
-2.675965
-3.151058
-0.9980735
3.109273
0.4896094
-1.958339
-1.53532
2.114911
1.277843
0.9956067
-1.563213
0.1592459
2.299259
-0.1632915
-1.725117
1.503326
1.61737
-0.7027882
0.2068851
0.6091038
-1.622985
-1.558219
2.487878
0.5099999
-2.154173
-1.919429
1.359636
1.037543
-2.590525
0.1925848
1.67919
-0.7498827
-2.300345
-1.488187
0.3285384
1.379519
-0.7144884
0.04993268
-0.9061354
1.4337
1.179924
-0.3844123
-2.530866
-0.5369862
3.349372
0.2392383
-1.219532
-2.411629
-0.8382891
3.677581
-0.7166489
-3.029975
-0.8333185
3.211351
1.70733
-1.558067
-0.6925795
2.193293
-0.05487283
-0.2590297
-1.194835
-1.919301
1.80283
0.09121748
0.1627236
-0.4789657
-0.7047845
1.033465
0.601868
-0.5200657
0.2143242
-0.11543
-1.290759
-0.2099541
2.890949
1.515126
-2.698538
-1.312089
-0.9045453
1.051135
0.4849028
-2.492056
-0.9608874
2.512321
-0.781804
0.4309146
-0.2190724
1.34852
0.8010116
0.6482388
-0.5415307
-1.915726
0.299936
0.2266388
-1.283053
-1.525865
0.6462827
2.15123
-1.101021
0.2974428
0.7682408
0.737378
0.2879423
-0.3974971
1.489663
0.6175432
-1.502722
-2.319489
-0.6093056
2.48875
0.8222677
-1.588871
-1.058191
2.634253
-0.5767788
-0.3493377
1.310035
0.1987403
-0.9612576
0.5871999
-0.5970187
0.7932819
2.99738
-1.794456
-0.6305489
2.815646
-0.7244114
-2.701586
-1.586121
-1.92759
-0.9466485
1.425156
-0.442548
-2.505911
2.12636
1.223191
1.219157
1.774961
0.1324669
1.444229
0.3294562
1.456997
-0.4263942
-1.192802
1.128949
2.134524
0.9424859
-1.225897
-2.591291
0.2594463
1.576977
1.497801
-1.411635
-2.03455
2.167933
-1.123804
-1.516357
3.35115
0.2887722
-1.060678
0.5698108
0.6219161
2.196806
-0.05133807
-0.2154361
0.2779444
1.221944
3.247643
-0.3626345
-2.569849
0.383812
0.8936556
-1.664277
-1.713673
0.5294071
1.080673
-1.213575
2.362835
0.3162749
-0.9995312
0.7705511
-0.3397672
2.274699
-2.013187
-0.5629545
-0.5651265
-0.7096888
0.01577371
-1.222546
-0.634744
0.7145374
1.453479
-2.549113
-0.8464138
0.8955675
0.4050291
-0.3063328
-3.529471
-2.124461
0.8236431
2.0795
0.02499528
-0.05928812
-0.1311681
-0.01995772
-0.7186373
1.063914
0.5743008
-0.4631734
0.03177912
1.987857
-0.6018112
0.7043595
0.2732052
1.756548
1.195342
-0.1984217
0.2811614
0.3940372
0.09912747
2.159256
2.032458
-1.253746
-1.620645
2.313722
2.728052
-1.61405
-0.315929
-1.031659
-0.3593438
2.507832
-0.8886635
-3.35903
-1.270438
2.149771
-0.3714383
-2.007643
2.056057
-1.541485
-1.656188
0.03492341
0.1020838
-1.615132
-1.869121
-0.3046998
0.5501562
2.220465
-1.232434
0.5428026
0.08574401
-2.193593
-0.1766708
2.764154
1.410949
-2.171019
-4.717597
0.1641595
4.130551
-1.635436
-1.996503
0.132709
1.618569
1.98313
-2.453219
0.7086598
1.167764
0.6987624
0.1409851
-0.6373584
1.56407
-0.8307506
-0.7042353
-0.3291751
0.04239282
1.704923
-0.5110615
-2.148197
-1.058276
2.479109
0.5123321
-1.046645
-0.7590529
-1.692766
1.076432
1.297576
1.814865
-1.258861
-1.866536
-0.8561141
3.18593
0.293263
-1.476617
-0.6699946
-0.442845
2.654008
-1.703285
-1.452258
3.082788
-0.6609735
-1.320697
0.2538655
-0.00738186
-1.505447
1.905297
1.444253
-3.319433
-0.5022242
2.93194
1.879595
-2.183105
-1.985407
0.753296
1.156679
1.726535
-1.451631
-0.4110838
-1.313649
0.180266
0.7697044
1.119883
-0.08705741
-1.499711
-0.7133338
2.597638
-0.08479567
-0.2367274
-1.607181
-1.941696
0.9018919
2.885246
-1.419284
-0.1108912
1.374075
3.165056
0.04055385
-0.3295007
1.207232
-0.1730346
-1.722616
0.3085843
2.352619
0.2359512
-0.6598443
0.9211124
-1.652771
0.5219668
1.498316
-0.2373559
-2.458302
2.358682
0.5365276
-1.055357
0.09086541
1.454756
-1.753828
-2.174901
3.45321
0.2541865
-3.323399
-1.221005
0.2132329
4.302444
0.05747458
-3.768619
-0.3444387
0.7101248
0.3410648
1.439457
2.485195
-2.814768
-0.4125637
2.632891
-0.09646711
-0.4383582
-0.6634924
-0.1944845
-1.421767
1.362857
0.9948193
-1.518789
-0.8128353
2.422293
-0.8464946
0.7446893
1.066391
0.7348381
0.6609074
0.7256953
-1.140747
-1.468117
1.959014
-0.2567783
-1.21129
0.3476121
-1.280044
-0.2385395
3.383547
-0.1084708
-3.414194
-1.989804
2.067015
0.5207311
-1.96502
0.07120602
1.015293
-2.23474
-1.973301
1.48798
-2.735225
-1.815794
-2.143362
1.51081
0.6651292
-2.578565
-0.08015665
-0.9075372
0.3478129
0.5275103
0.7722463
-0.5167959
1.410325
-0.7484728
-0.6212877
2.632912
-1.919407
-3.851916
0.8762986
2.000753
-1.372803
-1.910524
-1.850311
-0.4753366
2.513021
-0.146465
-1.609277
0.4625129
1.998693
1.671186
-0.5081757
0.1003253
0.3235653
-0.2585306
0.5377948
-1.632696
2.007416
1.033514
-0.6589314
2.086168
-0.5539803
-1.604074
2.058994
-0.9949979
-3.38384
0.0102444
2.962176
-0.6064774
-0.7135211
-3.505404
-0.4835359
3.181815
0.7713574
-2.989774
-0.150612
1.083576
0.6512094
0.8661278
-1.112492
-0.796419
2.063253
-0.9200358
-1.067236
2.320145
-0.1326842
0.1207774
0.7300486
0.2092731
-1.879807
0.7566745
3.287453
-1.106297
-2.985446
-1.216601
1.813502
1.48429
0.05239853
-1.631865
0.6787306
2.715271
-0.5871815
-1.040303
1.466645
-0.7739165
0.8327246
1.132356
-0.7251558
-1.494444
-1.581519
2.127909
1.682707
-2.321643
-1.576284
2.183351
0.5282037
0.3964
-1.279668
-0.2790678
2.25185
0.2618018
-0.9812267
0.4378953
-1.673251
0.5386911
1.589751
-1.322228
-2.321425
-0.9781281
-0.1585166
1.598691
-1.875871
-1.032313
0.5888124
-0.2059477
-1.115961
-1.262087
0.8607678
-1.552194
-0.2136122
0.2410854
1.44171
-1.086532
-1.065222
-1.852012
0.605728
2.256994
-1.604998
-2.217391
0.2654066
1.059407
0.1475692
-1.200299
0.1871324
-0.2144744
1.177621
1.316783
-0.9498693
-0.7046831
2.498384
-0.1103232
0.9531915
-2.828525
1.139258
0.5831662
-0.3133253
-0.7352993
-1.491186
-2.204066
1.060717
2.800094
-1.307055
-2.343981
2.781843
-0.7881442
-2.121177
-0.1661298
3.568756
1.08045
-1.610489
-1.219821
0.9703109
-1.215901
0.05607396
-0.2486234
2.684414
0.7525023
-1.28562
-2.61124
0.05499215
1.810988
0.7451441
-0.8619351
-0.5096251
-1.05818
1.901575
2.818784
-0.1821007
-0.8599038
2.970196
-2.35566
-1.2733
4.03558
1.023534
-3.042185
-4.20392
0.666467
2.801835
-0.06460348
-3.074682
1.22571
2.592001
-0.1067773
-0.3579599
-0.005259769
0.7597737
1.533816
-0.8728248
-1.066712
3.34485
0.2511318
-1.436669
-2.757113
-1.641124
3.095459
0.2113385
-3.396469
0.4325292
-0.4001821
-0.337268
0.3181965
-0.5285434
-0.06712015
-0.07940846
0.9086837
-1.774678
-1.63808
1.128072
1.838945
-2.315672
-0.9529203
3.842571
-1.528939
-1.636327
-0.6039106
-0.3917834
-0.8179682
1.065162
1.294809
-0.9320223
-0.8142413
2.374738
-0.6141976
-1.922852
0.4610438
1.986493
-1.987749
-0.6280519
2.837236
0.554564
-0.7522617
-1.301999
-2.113086
2.616108
-0.4987745
-0.5099003
-1.208466
1.124271
0.5779298
0.05085807
-3.057531
-1.189526
2.037431
2.125831
-1.790905
-1.338822
1.597369
0.4181508
-1.099807
0.4570939
0.458616
-1.940874
-1.446232
1.951318
1.975007
-2.090003
-1.981069
-0.1878451
0.8873879
-0.4179967
-0.3412233
0.008917827
0.2085953
-0.06195383
-1.76262
-1.238152
1.744468
-0.5600246
0.1909478
-1.789735
-2.108407
2.407148
2.166953
-1.020562
-0.6457465
0.2533663
-1.41824
-0.2448411
2.724661
-1.995884
-2.810635
-1.743125
2.334096
0.9216998
-2.767539
0.8141584
0.899937
0.2395113
-0.5016268
1.251605
0.07019851
0.6700963
0.2769757
-1.857156
0.147987
2.304147
0.00577584
-0.6787977
-0.9572991
0.2564022
-1.23378
2.065343
-0.06726119
-0.2049691
-0.0369649
-0.7702496
1.457443
2.729165
-1.174367
-2.84863
-1.302428
0.7462686
-0.06950706
-2.051336
1.157346
-1.551014
-0.05803536
2.473821
0.4495366
-3.074862
-0.2425091
2.426042
-1.640041
-0.8279833
0.7147913
1.300605
-0.02596879
-1.751181
-2.006786
2.369132
-0.230061
-0.9870053
-2.045353
-0.6405072
0.4553159
0.8201569
-0.3766082
-4.53279
-0.56464
2.582799
1.412851
-2.588069
