1.221466
1.414247
2.231899
7.628889
2.788714
1.105032
0.4855452
2.250043
5.55943
4.479816
0.9965903
3.274619
3.999377
3.633065
4.207781
3.206072
2.883485
5.977739
2.860506
2.147728
3.514969
4.643108
2.873096
1.538517
3.823972
4.615236
1.811868
3.952192
2.162236
3.261933
3.193493
3.161304
2.083481
3.241387
5.605794
3.030591
1.393125
0.73966
5.101855
5.208941
0.2665053
3.672172
5.599144
4.864279
1.018629
1.923565
3.407002
6.21231
5.212291
0.5138267
2.135393
5.344456
3.497532
3.956727
2.125391
4.446447
4.230581
2.535159
2.823814
4.503449
4.308513
4.640263
4.034751
4.08132
3.299506
3.857719
3.372423
4.23798
3.010302
2.839903
6.093875
1.780739
1.95426
5.633982
3.084478
1.631937
3.356687
3.116849
4.043972
4.692655
3.243703
0.004111628
4.789777
6.079071
1.331732
1.031388
0.8012121
4.620638
2.612924
2.573183
2.710045
2.640073
4.460761
3.818394
0.7656463
3.482615
4.636415
2.344276
1.909474
2.680549
3.521088
3.147655
3.164338
4.517667
3.376292
2.017295
3.114413
3.580898
2.388757
3.448527
2.596964
5.858367
2.765332
1.780769
3.388569
3.968148
3.329067
3.610002
5.167539
2.920636
2.731721
4.319082
3.619837
4.67977
2.257444
1.226309
5.99322
3.384102
1.165357
2.531237
4.254521
2.729756
3.358001
3.134747
4.632038
3.213937
3.677483
2.454734
3.274975
5.984746
3.997746
0.8467227
2.240528
3.286774
3.332874
5.375332
2.037529
5.183558
2.715713
0.8853359
3.197016
5.710741
3.062694
-0.09845854
2.605572
3.656981
1.557626
2.617191
5.018824
4.754516
1.858018
1.904283
3.617023
5.846885
3.346328
1.472905
3.389988
2.744042
4.009417
5.060336
1.153015
2.758189
2.373226
3.555908
4.04503
4.660173
2.317833
2.391227
2.998949
4.951973
2.920562
2.207043
1.594506
2.425658
2.920354
5.990434
2.126315
1.272638
1.138537
2.233243
5.144794
3.963306
2.031172
0.9328669
2.922933
5.319061
4.27578
3.373489
3.607459
4.60303
2.432214
5.684221
3.389542
4.644068
2.96674
3.684418
4.265474
3.369156
4.065789
2.731416
2.89237
6.219
2.691273
2.169199
1.593964
5.519641
3.085055
2.650325
2.833549
2.32901
3.52355
4.134254
2.860873
1.479847
5.011713
3.601674
2.015216
3.232498
4.344375
2.893854
2.360413
4.221874
5.815481
1.421538
0.3137423
3.570794
4.290566
2.589746
2.239777
4.516361
3.410395
2.360464
1.986402
4.067417
5.142791
2.779772
2.283808
3.719651
4.040029
2.964974
4.054523
3.448941
2.692782
3.562375
3.516142
3.38238
4.031041
1.887697
3.019016
5.876905
3.303654
0.8772273
2.720184
3.612597
6.271454
1.255391
0.6943115
2.067417
4.164189
4.940763
1.802076
1.857757
4.495334
3.398172
2.156952
2.506747
1.906725
3.968206
5.842693
2.859946
4.060232
2.592099
4.4459
4.119272
2.708021
3.925428
2.892429
4.426176
2.500129
2.317164
3.353908
3.75739
3.619316
2.556294
2.415862
3.574118
3.363663
2.018641
5.707752
3.556541
1.661294
1.046825
3.415916
4.628941
4.019469
1.960453
2.937232
2.815668
3.803895
5.039716
4.308269
2.289247
4.577253
2.599622
1.044597
2.886711
5.748932
4.530098
1.330606
1.439886
4.161183
3.558195
4.912832
3.738185
1.35322
2.252059
5.788107
5.611031
1.814253
1.23709
3.194789
3.467934
4.313121
1.622102
4.482533
3.770622
3.296639
1.479626
4.689854
3.970456
2.778816
2.90641
2.797513
2.367476
3.663357
3.236174
2.969197
4.235581
3.026557
2.69807
3.893048
4.158966
1.65458
5.10437
5.35054
1.522272
1.130551
3.741526
5.815105
1.418738
1.151864
3.739088
1.083436
4.770231
5.385701
2.545107
0.4044447
1.92682
4.457655
3.455805
2.05205
2.737448
2.441222
6.17669
1.258473
1.59843
3.29421
2.31499
3.302033
3.635206
4.032418
4.278577
2.785535
2.596245
3.804545
4.783142
2.001706
3.653359
3.557779
4.158297
4.170235
1.844722
2.239257
3.339149
4.748408
2.850447
3.16041
2.665049
2.527184
6.525641
2.762032
0.9913055
2.221077
5.017287
1.924963
2.526725
5.877271
2.674569
4.74966
1.629569
2.862014
3.174226
1.585652
2.259907
3.128258
0.630713
3.568418
6.688918
4.117686
0.9059557
3.457589
3.086658
2.727907
3.908142
4.747385
3.905084
1.567928
2.967835
3.476906
2.771678
1.815217
2.130771
2.537858
4.976578
5.525345
2.432032
1.299265
4.480907
4.943034
3.04371
3.962074
3.151566
2.391515
3.002065
4.759287
5.949291
3.353467
-0.04020593
2.176946
3.469417
6.420974
2.563083
1.746863
3.407282
2.945905
4.104132
4.552622
4.022711
3.664505
2.299871
2.994735
4.193758
4.593233
3.095337
3.067795
3.693696
3.479035
3.200466
3.516633
3.819379
2.616064
4.452461
3.554675
2.635808
2.991801
3.40331
2.287638
3.939755
5.224671
2.267647
1.016643
4.736154
4.012678
3.939186
2.15147
1.841846
3.485699
4.589122
5.647975
2.185997
0.5055822
5.257408
3.657821
2.07707
1.085275
3.066124
6.725999
1.690449
1.982738
2.350751
3.676006
5.075935
2.110933
0.9997124
1.764867
5.054987
4.57504
1.061148
2.380931
3.24057
3.747591
4.458411
3.369708
0.7714908
1.567482
6.565907
3.238524
3.3034
3.184433
5.725296
2.688589
1.672825
4.398285
5.555431
2.646711
1.121837
3.794079
3.493357
1.489303
3.641715
6.082257
2.53878
0.4691714
1.500863
3.163538
4.13236
3.952355
3.335309
4.437015
2.580801
3.663123
4.182386
2.875913
2.289128
2.927642
4.452698
4.218801
1.329851
2.311764
4.433094
2.973347
2.265663
2.564412
4.922226
2.706211
2.624186
1.994119
2.28318
3.370878
4.099423
2.454612
1.75011
3.196934
4.697205
2.476645
4.045006
4.381982
2.445698
5.029857
3.012493
4.290748
4.40477
2.54049
2.820682
3.399341
2.516118
3.651926
5.043088
2.224844
1.015795
3.270358
3.338766
2.721983
4.313426
1.801955
2.208148
2.324468
5.970033
1.883621
1.466729
4.167488
3.514578
2.94224
4.329248
4.275205
4.10223
3.030282
4.66366
2.352472
3.101776
3.811285
5.567359
5.858324
0.5273098
-0.1633576
4.469267
3.974534
0.6414836
2.337763
4.16699
4.669047
2.736702
0.4463577
3.696133
5.16743
1.791894
2.074997
3.451336
2.254109
4.403459
2.26293
2.764664
2.529176
5.147334
2.168889
3.208235
6.029123
2.642201
1.206389
4.035531
5.354823
2.851636
1.513267
2.951561
3.777435
3.527044
0.6157886
3.118213
3.773009
3.379375
1.664203
4.460696
1.920162
4.466379
3.928332
3.659166
2.281271
4.362803
2.077499
3.374464
6.23288
1.246114
-0.005396963
3.22398
5.59253
3.568019
0.05671813
0.7049643
4.525058
6.024935
1.309065
1.42327
1.919699
3.051545
4.366852
3.317746
3.287868
2.172422
2.959178
3.898744
3.768688
3.331031
1.428418
0.8241302
3.529239
3.761858
4.920881
2.148151
2.337388
3.828655
3.425262
2.924672
1.932992
4.351337
5.470654
1.898533
1.421585
3.913698
4.451318
2.974939
2.606529
4.831112
3.417999
4.096233
2.482232
2.081805
5.85305
2.918993
1.948444
3.858426
4.777352
1.702391
2.54417
3.157093
2.738378
4.575228
3.728138
2.300877
4.478782
4.239597
0.7404625
2.911763
4.789798
2.233283
2.641835
4.671222
3.576333
2.492731
4.901676
2.882183
1.187258
1.582585
3.869841
6.290092
3.609941
0.6314076
1.378158
3.526598
2.890978
5.561268
3.233059
-0.8617946
3.320658
5.925276
3.510208
-0.1304493
1.495556
3.049688
4.658935
1.775862
1.424967
3.610111
4.4031
4.774927
3.226853
2.347613
3.87703
2.230152
2.574743
5.471896
4.740623
1.877285
1.551382
2.055678
5.639126
4.192349
1.311647
2.761313
5.89881
1.829251
2.090652
3.511952
2.894993
3.008962
3.880007
4.504358
1.733582
1.939682
3.925025
4.907705
1.4985
0.7231272
3.041599
5.523155
2.729505
1.421649
2.9577
4.236866
4.213536
4.536397
1.643758
3.295048
3.612627
3.978346
4.616504
3.828053
0.7299906
3.051879
3.58675
2.729775
3.682832
5.009038
3.0039
2.833291
3.677086
2.996969
2.670374
3.361889
4.784797
3.316537
3.412392
1.484154
4.160748
4.574692
3.29525
0.994644
3.899621
4.911229
1.213069
1.426072
3.044739
5.508644
2.306542
1.376395
4.085457
3.487451
3.57918
3.266305
4.007798
2.741139
3.070534
4.332155
4.207317
3.946112
2.917375
1.975363
1.897323
4.599894
3.473438
3.394277
1.949071
2.580975
2.980314
2.951901
3.195125
4.432122
2.435904
0.7795302
2.90723
5.969209
2.042821
0.885728
2.448979
4.240217
3.268323
3.391845
2.059855
2.569118
3.6022
3.243047
2.848819
3.890457
4.080981
3.218997
4.297454
3.633254
5.442623
2.237526
3.32944
3.293036
5.319641
2.586601
3.041015
3.509137
3.553993
2.772092
4.694467
2.644667
1.018877
7.752107
2.156705
1.914163
3.121634
2.79597
2.739445
3.861381
2.215148
4.278842
4.465334
2.849029
3.013752
2.262422
3.537708
2.004426
2.921919
3.656526
3.51731
2.286083
2.289746
3.594775
2.316175
3.497011
4.548249
1.332018
2.818531
6.091029
0.6348577
2.831866
3.822668
4.599844
1.516032
1.016715
5.920841
3.30971
2.363049
4.004144
3.309726
1.539554
3.172296
6.444397
1.27407
1.2172
3.375132
2.472881
3.070103
4.423409
1.207558
1.104164
2.591208
4.646353
3.866662
2.14864
2.153554
3.713684
3.776465
2.749867
3.053568
1.845553
4.838691
4.789186
2.629644
1.855033
3.308637
5.581212
3.633454
1.156486
3.870522
3.360022
3.760881
3.322517
3.436801
3.309328
6.17799
2.762408
1.391701
2.550818
3.592738
4.758331
3.476774
1.161362
5.547899
4.245244
1.187814
1.881368
6.307668
2.157508
0.7349784
3.553728
5.454548
2.687812
1.689132
4.328565
3.588983
2.239707
1.487447
7.240408
3.330007
-0.02492659
3.080035
5.501515
1.765867
1.537961
3.016791
3.743736
4.278882
2.439011
2.475044
6.811138
2.293099
-0.5248701
2.966415
5.956982
3.509244
1.330206
0.07750136
4.686966
2.294316
5.252313
1.503224
0.910561
2.922979
4.053865
2.894126
2.983634
3.60464
2.588507
3.45567
4.81796
3.040816
1.29245
