3.529577
4.114329
3.33042
2.677934
3.68624
3.486213
2.877021
2.933958
4.718075
3.421879
3.156159
2.888617
2.815817
2.998447
2.919839
2.67505
4.549926
3.813383
3.072047
2.792194
2.918067
4.114432
3.100786
2.643055
2.77018
3.914343
3.433969
2.879892
2.655891
2.996365
3.636854
3.615463
3.183289
2.850245
2.911368
2.867655
3.957027
3.94798
3.423776
2.817444
2.835974
2.72802
2.69187
2.653689
3.230494
3.448506
3.675514
3.577811
3.394249
2.839396
2.686841
3.10187
3.497139
3.250212
2.711543
2.700407
2.76411
2.79534
3.346381
3.674302
3.608471
3.30799
3.426626
3.037303
2.896885
3.096315
2.864083
2.81937
2.850082
3.482762
3.06591
2.721844
4.129776
3.550649
2.998892
2.804467
2.759987
3.51523
3.448637
2.997093
3.171217
3.62625
3.308205
2.50581
2.983576
3.055095
3.118888
2.908396
2.704283
3.344269
3.604531
3.360434
2.785807
2.733768
3.959917
3.528642
2.669397
2.973725
3.001252
3.427123
4.431945
3.4547
2.729226
2.776266
2.770946
2.775618
2.626244
3.17072
3.923327
4.032435
3.071958
3.025769
3.040189
4.031988
3.756528
2.640359
2.458857
2.654965
2.844115
3.710323
4.22303
4.062879
3.199015
2.745826
3.900619
3.390244
2.741893
2.979714
3.32375
2.902022
2.577556
3.202516
2.862443
3.144548
3.341546
3.116185
2.712929
2.723432
3.204398
4.271322
3.646262
3.051098
2.849346
2.93761
3.392672
3.547838
3.987331
3.152503
2.724768
3.167382
3.050171
2.994947
2.969334
3.135149
3.049565
3.839755
3.370629
2.910019
2.713583
3.04864
2.881547
2.899498
3.086838
3.115885
3.059554
3.273809
3.842374
3.860127
3.193145
3.40308
2.839002
2.894921
2.886364
2.815421
3.871722
3.740259
2.778883
2.645173
2.95519
3.269359
3.281164
3.01185
3.708013
3.862454
3.00724
2.67744
3.924263
3.605046
2.792244
2.625726
2.907237
3.448086
3.271311
3.380911
3.200808
2.893631
3.049898
3.04084
3.090933
2.87514
2.804191
2.966862
3.693795
3.684657
3.628371
3.389253
3.010837
2.678025
3.014666
3.298843
3.045657
2.71416
3.960588
3.226038
2.957661
2.833069
3.005949
4.264938
3.650023
3.519112
2.742936
2.662213
2.953846
4.205565
3.392607
3.235352
2.718396
3.030204
3.964447
3.396689
2.744769
2.629976
3.045139
4.457086
3.708272
2.66354
2.706899
3.789364
4.013916
3.413038
2.740652
2.781895
3.17169
2.903861
3.081792
2.944844
3.392911
3.525293
3.103631
3.834183
3.758318
2.87486
3.204503
4.16528
3.741605
2.893757
2.712627
2.734007
3.038598
3.398819
4.106784
3.089877
2.890082
2.794652
2.857634
4.585187
3.560781
2.729864
2.956028
2.766864
2.99955
2.802428
3.648472
3.828012
3.06301
2.984756
4.294243
3.692705
3.00632
2.740739
2.866205
2.762169
2.714819
3.019682
3.018672
2.919147
3.852732
3.675941
2.571471
2.881827
3.465067
3.35575
3.133628
2.988429
3.082697
4.37471
3.58371
2.890079
2.552056
2.731095
2.963491
2.993406
4.137594
3.347516
2.694814
2.986018
2.974635
3.110388
3.695548
3.097721
2.819942
2.783044
3.007639
3.014004
4.247352
3.43549
2.993185
2.743982
3.299484
3.347581
4.167688
3.415829
2.950926
3.080616
3.303939
2.969007
2.916194
3.717988
3.51528
3.750732
2.76864
2.781082
3.027322
2.765345
2.914108
3.092286
2.802424
3.901547
3.374239
2.692584
2.713255
4.403798
3.316835
2.943173
2.593112
2.903705
4.005453
3.356853
2.954265
2.960548
3.091098
2.631324
3.085374
2.935094
3.044917
4.051408
3.387807
2.679013
2.746649
2.856113
3.04548
3.521244
3.171196
3.009618
3.355107
3.579094
2.770245
2.601772
3.123557
4.353703
3.531463
2.709275
2.671066
2.579116
2.800749
3.173346
3.029762
3.101543
3.830325
3.360585
4.069796
3.404823
2.756841
2.697044
3.041356
3.067239
2.955453
3.265052
3.430342
3.786167
3.167492
3.037681
2.905885
3.053779
3.042637
3.119735
3.176443
4.229353
3.234113
2.735827
3.209455
4.282569
3.738597
2.984756
2.770094
3.009331
3.213106
3.220598
2.920218
4.142602
3.894289
3.060452
2.957658
2.706784
2.934336
2.915444
3.057101
3.702495
3.898121
3.137354
3.176916
2.923598
3.428638
3.522618
2.943585
3.346663
4.496043
3.922759
3.398052
2.757582
2.620145
2.883925
2.751914
3.301989
3.368416
3.284864
2.989671
2.87421
2.614559
2.972012
2.905662
2.708847
2.985929
3.453626
3.384117
2.73322
2.673127
2.841125
3.331034
3.832381
3.403965
4.51724
3.651434
2.889136
2.739094
2.670365
2.896638
3.180566
3.162217
2.721643
2.856074
2.799366
3.16353
3.241699
3.894514
4.727462
3.862915
2.962659
2.761587
2.78767
2.875079
2.996384
3.165066
2.878598
2.892594
3.213361
3.07698
3.240155
3.082855
3.192943
2.91833
2.825
2.777693
3.061425
2.884362
2.98395
4.352923
3.505357
2.896469
2.921998
3.090433
3.172119
2.915795
2.990243
2.769449
2.576013
2.973686
2.952071
2.931576
2.898241
4.691784
3.52617
2.669151
2.825166
2.655274
4.175842
3.888869
3.016262
3.141372
3.044425
2.862343
3.788696
4.943029
3.697754
2.769633
2.880858
2.754409
3.062689
3.182197
3.252507
3.06841
3.864943
3.286191
2.751142
2.653687
2.881746
2.97599
3.241399
3.149549
3.338163
3.238095
2.944759
2.469672
2.757436
2.715798
2.94342
3.176965
3.53295
3.580738
2.867852
2.814707
2.87464
3.167155
4.22911
3.755361
2.741485
2.748205
3.132519
3.105906
2.7925
3.268582
3.466238
3.979282
3.124132
3.144963
3.175581
2.932022
2.981482
2.9466
2.6287
4.232369
3.505094
2.703506
2.736339
3.255149
3.770447
3.47334
2.934366
2.977556
3.028587
2.96443
2.829444
3.254321
3.24349
3.075542
3.923
3.440849
2.948187
3.629687
3.531687
3.082409
3.952943
3.296739
2.858068
2.726984
3.202945
4.523043
3.677101
2.627593
2.840321
2.710246
2.769178
2.894172
3.692908
3.970248
3.177043
2.939416
2.813794
2.752365
3.260786
4.407222
3.522791
3.154833
3.089496
2.77915
2.744056
3.418278
3.234592
2.816973
3.225413
3.568586
3.138463
3.300764
3.122597
2.890828
3.128854
3.312967
3.19716
3.013249
2.919988
3.307949
3.678642
3.26258
3.013296
3.047504
2.97243
2.992167
3.324108
3.487277
3.568073
3.697628
3.311981
2.900942
3.149987
3.724952
3.649657
2.918341
3.013567
2.796158
2.429498
2.653488
2.767699
3.161752
3.070476
3.065588
2.704918
2.775935
4.499059
3.616079
5.672351
2.714792
3.944258
3.300043
2.98153
3.128687
4.179938
4.525174
3.550042
3.039388
2.759184
2.853522
2.810512
4.349792
3.486615
2.967574
2.734474
3.595047
3.625323
3.226446
3.364624
3.375342
2.856532
2.999805
3.257031
3.123404
2.987895
3.207239
3.034517
3.11303
3.053485
2.837268
2.865819
3.053478
3.153363
3.07069
3.167868
3.197835
2.791263
3.870908
3.913601
3.143766
2.870659
4.227424
4.400333
3.402277
2.913782
2.760866
2.791922
2.977579
3.007252
3.129309
3.132166
2.777456
3.130525
3.089915
2.860391
3.268244
3.132091
3.03174
3.314228
3.059411
3.244569
3.32174
3.443295
4.381657
4.150254
3.321879
2.861861
3.100818
3.618072
3.051063
2.827984
3.132762
2.863301
2.850794
3.109952
4.395369
3.56441
2.915044
3.154724
3.854099
4.358839
3.534815
2.738226
2.878114
4.13293
3.461476
2.697407
2.657692
4.086168
3.344112
2.905755
2.856614
3.692824
3.906399
3.394157
2.836071
3.026294
3.610203
3.822308
3.169914
2.727864
3.312347
2.991796
2.681899
2.840446
2.753715
3.387872
3.808914
3.453743
2.999532
3.212917
3.466856
3.067971
2.85992
2.922684
2.860573
3.297249
3.385626
3.479
3.014524
2.856756
2.87913
3.823118
3.929398
2.895766
3.100259
3.052765
3.1082
3.156184
2.721596
2.885432
3.113404
3.387327
3.791846
4.162643
3.256989
2.876293
4.359254
4.008445
2.707632
2.596374
3.098539
3.089414
2.742027
3.294851
3.67805
3.566421
3.116455
2.773848
2.899069
3.280997
3.101947
2.888674
3.527249
3.346228
3.026977
2.961943
2.819954
2.806172
3.298119
4.577251
3.658392
3.148086
3.121714
2.841242
2.704809
3.100501
3.2086
3.489058
3.605708
2.839417
3.819685
3.705588
2.67186
2.651722
3.360868
4.273841
3.650918
3.169943
2.998079
3.084332
3.646732
3.619507
3.081227
2.695489
3.102927
2.997562
2.744556
2.84174
3.358542
3.410011
3.129314
2.928809
4.073363
4.387663
3.638046
3.000913
2.678967
3.196837
3.120347
3.474887
3.559985
3.203047
3.216592
3.972285
3.643443
2.949215
2.735583
2.771797
2.873541
3.029444
4.476418
3.650172
2.744988
2.717959
3.966439
3.455595
2.853831
2.758373
3.940805
3.872107
2.976469
3.055844
3.403938
2.799142
2.967857
3.016888
4.416829
3.667477
3.003835
3.156032
3.23338
2.91816
2.909732
3.310802
3.255116
3.125802
3.052531
3.860099
3.71053
3.532576
2.820965
3.149123
3.322283
2.947605
2.857905
4.217372
3.312383
2.970819
2.699584
2.754455
2.995137
3.157977
3.127759
3.206077
3.351405
4.39785
3.562475
2.993727
2.722764
3.848276
3.485626
3.179326
3.264101
3.266778
2.775734
3.408086
3.977088
3.459482
2.800954
3.15286
3.133873
3.244065
3.499241
3.068405
2.720682
3.189152
3.671658
3.971783
4.363831
4.206006
3.346614
2.848557
3.15248
4.045872
3.513395
2.811528
2.790799
2.754926
3.068144
2.921318
3.136453
3.042397
3.135631
3.241756
2.996089
3.109456
2.879607
3.139048
3.099156
2.981839
3.063306
3.220619
4.066544
3.792427
3.569182
3.027303
3.251977
3.651392
4.526845
3.736124
2.915617
2.826488
3.226532
3.607496
4.775888
4.070888
2.865317
2.587666
3.129211
3.269884
3.565938
3.350534
3.001575
2.883619
4.063082
3.601422
3.05248
3.003854
2.990601
3.155315
3.457488
4.688819
3.604059
2.98956
3.202444
4.287766
3.547585
3.213627
3.19939
4.5012
3.686638
2.895925
2.920094
3.412092
3.516108
3.016353
3.545403
3.345906
