53.37734
53.99892
53.84319
54.04864
53.06369
52.75565
52.6919
52.207
53.78727
54.23851
54.10279
54.64873
53.4263
53.267
53.7868
53.53362
52.9286
52.08613
54.35029
53.7754
53.45924
54.60113
54.05289
53.32092
53.79063
54.20557
53.19427
52.29679
54.12537
54.15329
53.39548
54.52724
53.43166
53.81183
53.62606
53.27628
53.92432
54.0549
52.2414
53.42155
54.09104
54.39637
54.59813
54.38258
53.38829
54.11327
53.43552
54.02389
53.90506
53.36276
53.15773
51.70318
53.72224
54.21922
53.80976
54.63546
53.3012
54.13855
53.60312
54.04441
53.96751
53.09605
53.20888
53.52697
54.08414
54.10756
53.79639
53.89328
53.65933
53.48689
52.48262
53.05651
53.97897
53.72572
54.5644
54.97452
53.78599
52.62632
53.57164
53.07204
54.05965
53.15586
53.5271
53.82032
53.43326
52.57817
54.16874
54.61024
53.19419
54.96494
53.07381
54.36893
54.39685
54.21544
54.90216
54.36008
52.62929
53.97201
54.24849
53.96249
54.73891
53.52668
54.07122
53.55142
54.0147
53.87614
54.27377
53.54727
53.30038
54.51484
53.44964
53.65341
53.67477
53.89116
53.84998
52.82564
53.23859
52.80309
54.09904
54.00914
54.30118
53.86832
54.63821
54.03843
54.35012
53.32723
53.00679
53.48567
54.58005
54.33315
54.64037
54.10871
53.90106
53.18332
52.93223
54.69116
54.45113
52.5636
54.44302
53.08658
53.48962
55.20638
53.86129
52.76276
53.22927
54.35926
53.15121
54.27023
54.39154
54.39371
53.67475
53.29614
53.14071
53.84071
53.53056
54.62172
53.73554
53.29063
54.28395
53.81998
53.86201
53.66062
53.26789
54.13892
53.66556
53.20929
53.97354
53.81313
54.08302
52.84295
54.39669
54.24358
53.5157
55.51158
53.19447
53.8148
54.21793
53.62956
52.95712
54.22075
52.73776
54.7302
54.53989
54.19069
53.36049
54.2498
53.5597
54.90509
54.36646
52.73729
54.55003
53.67125
54.5902
54.3262
54.1897
52.24479
53.80515
54.55389
53.81905
54.67755
54.30541
53.60047
53.0477
53.25339
54.17407
54.19025
53.31987
53.69047
53.93279
54.36613
53.19433
55.0719
53.21383
53.85827
55.23897
54.23856
52.97747
53.86266
54.17225
53.9298
54.21306
53.8451
54.46382
52.61113
53.94562
54.51124
53.20064
54.9353
54.69494
54.41225
54.21018
53.78651
54.32932
53.5414
54.07385
53.10934
54.05807
54.57111
54.13245
55.18949
54.67515
53.54107
54.27316
54.08406
53.67558
53.46202
53.88914
54.31245
54.27463
53.61139
53.88667
55.06312
53.78582
53.90561
54.79158
53.82567
53.84625
54.89244
54.73004
54.02303
53.47237
54.4783
54.69526
53.60463
54.33505
53.64595
54.60976
54.74236
53.09574
54.27718
53.08298
53.6672
54.44509
54.36749
55.46321
53.23668
54.35796
54.86383
54.62403
53.04156
54.66138
53.95658
55.01153
54.3468
54.10809
54.53706
53.67577
54.29074
53.8511
53.02293
54.73917
54.20217
54.26541
55.31086
54.71585
53.77803
53.99232
53.65278
54.71655
53.99013
54.18627
53.55924
54.65107
54.45383
54.71613
54.40209
53.52284
54.14646
53.86989
53.977
55.18182
54.59887
52.92104
54.25568
53.9966
54.33926
53.90136
54.44364
54.69179
54.57029
54.66382
53.48441
54.25836
54.08145
53.54473
52.85647
53.52137
53.56045
54.37306
54.1658
54.77944
54.39347
54.4626
54.16955
54.07833
54.18233
54.03608
53.7951
53.86627
54.00151
53.18322
54.26727
53.76741
54.07044
54.05894
54.48157
54.68021
54.70671
54.48714
54.89019
54.30549
53.82164
54.41159
54.14096
54.26592
55.03154
54.52702
53.99203
54.2515
54.18298
54.35097
54.72682
54.67016
53.09227
53.32235
54.27504
53.66993
53.88005
54.03454
54.23363
53.89163
55.48097
53.80125
54.4817
54.65558
54.17934
53.92181
52.51847
54.52449
54.62527
54.05352
55.29303
54.55702
54.10774
53.73885
53.44391
54.16171
53.77301
54.70652
54.71961
55.03294
54.05119
53.33241
54.67981
54.53519
53.86799
54.42506
54.28833
52.51684
54.52677
53.42692
53.9704
55.12326
54.33482
53.14313
54.44651
54.3201
54.57489
51.98788
50.94088
53.32234
53.1677
54.07751
54.7745
53.84404
53.03224
53.52989
54.77231
53.80152
54.5925
53.79572
53.02361
53.85409
54.566
54.13557
53.15481
53.80292
54.00245
54.23311
54.39215
54.45573
54.49414
53.44855
53.60735
53.29695
53.40719
53.35858
55.03787
54.24793
53.91619
55.15747
52.83109
54.24397
54.32513
54.61097
54.91484
54.00561
54.51559
54.97688
54.81454
52.91083
54.50745
54.23438
54.75832
54.9188
53.3413
54.63062
53.99107
54.93167
55.70499
54.75769
54.00956
54.51965
54.96346
54.43322
52.89679
54.26512
54.22412
55.00685
54.78956
55.17953
54.09636
53.92769
54.01115
54.45343
54.61435
54.3489
54.57227
54.23692
54.17155
54.73205
54.13449
54.33283
54.54246
54.2524
54.46208
54.80302
53.33438
54.28113
54.44802
54.78991
53.43106
54.02802
54.6496
54.61002
54.21953
53.98434
54.11829
53.14071
54.69889
53.84739
54.53495
54.58661
54.59286
54.28715
54.45764
54.84385
54.41575
54.26079
54.81446
54.31656
54.67173
54.23837
53.86317
54.24709
54.65031
54.5118
54.041
54.72175
53.82161
53.19094
55.25983
54.14504
54.06261
54.97518
54.64197
54.56666
54.48842
53.82858
53.54911
54.39764
54.46326
53.85063
55.25768
53.75223
55.0855
56.2029
54.61258
54.37542
54.0759
53.52626
54.45749
54.24065
54.62476
55.31258
54.48788
54.61544
54.13749
54.51768
54.18422
53.65384
53.87868
54.91365
53.99319
54.98333
54.86779
53.57124
53.50333
54.16731
54.15806
54.46658
54.36847
55.05093
53.77373
54.32517
53.23025
53.62719
54.73207
53.62542
54.85035
54.65965
54.0603
54.45565
54.37936
54.58223
54.56232
54.71917
53.6854
54.23513
54.12791
54.2942
54.70559
54.50468
53.27789
54.47025
53.10024
54.25781
54.79215
55.02127
54.94613
54.81993
54.43096
54.34977
54.29814
54.04813
54.40022
54.17635
53.22964
54.54856
54.78769
54.15508
54.79111
52.72418
51.91293
52.9424
54.70772
53.96143
54.77494
55.17749
53.96933
53.16707
54.44719
54.84266
55.09113
54.24902
54.47014
54.63226
53.32561
53.7606
54.7825
54.06983
55.31373
55.18083
54.61071
54.04233
54.26502
53.63859
53.87703
54.32878
54.37053
54.8828
54.36699
54.3676
53.67503
54.43519
54.72533
54.43748
54.69699
54.86437
54.41286
54.5131
53.84048
53.68924
53.55677
54.68678
54.82667
55.22011
55.66813
54.42704
54.30488
54.16482
54.36798
54.26117
54.04002
54.16334
54.57582
53.97211
54.55963
54.43711
54.88834
55.55109
53.79694
53.62875
54.84853
54.45773
55.2721
54.76902
52.97812
54.44747
54.62846
55.03523
54.18881
54.68319
54.95776
55.22608
55.51991
54.02286
53.52365
55.29607
54.20896
55.81293
55.50549
54.49297
53.27414
54.36846
55.03907
54.67613
55.36507
54.15254
55.57347
55.1484
54.23178
54.27712
54.3285
53.37497
54.55922
54.36136
55.08002
56.26198
54.34758
53.40528
54.2769
55.07515
55.06743
53.97903
54.1863
54.18506
54.22722
54.39273
54.73148
54.87787
53.61663
54.32228
53.30133
54.3512
55.5832
55.11694
54.83995
55.00162
54.77299
53.69707
55.61377
53.85933
55.11029
55.82011
54.17225
54.22586
54.60271
55.18229
54.50224
55.65018
54.19242
54.04474
54.79873
54.6969
54.28961
53.32869
53.55704
54.31532
54.47427
54.87753
55.04109
54.92286
54.06795
54.60987
54.10472
52.90165
54.18085
54.84903
53.85028
53.28833
53.66539
55.30845
54.45859
54.61341
55.04539
54.89943
53.98101
54.19193
53.80808
54.43608
54.9966
54.07741
54.40858
54.97459
53.70176
52.75126
54.27401
54.67667
54.542
54.24518
54.06838
53.94847
54.35334
53.9937
54.13178
54.24295
53.58408
53.49783
54.97766
53.68036
54.75724
53.40276
55.00471
54.54194
54.29009
55.27888
54.64813
54.24546
53.96483
53.44282
52.724
52.62246
54.99937
54.21309
55.04091
54.6477
54.33855
53.79451
54.44642
53.60519
54.10015
53.67854
54.78935
54.61238
54.98269
54.65383
55.06217
53.70042
54.04802
54.4409
54.06529
54.37049
54.63934
53.44872
54.05859
54.32907
54.0962
54.324
54.57906
53.26426
53.84445
54.51149
54.15411
54.13311
53.43878
53.87979
53.82383
54.67856
54.5465
54.1312
53.8744
54.51174
54.52988
52.88847
55.10996
54.15881
54.76006
54.8697
54.14606
54.35318
54.65997
54.12962
53.03636
52.63402
54.17551
54.05003
54.53688
55.80357
55.03372
54.59547
54.38384
53.08572
53.39037
53.76463
54.59957
54.68348
54.86037
54.66768
54.26357
54.15571
54.2633
55.02429
53.42237
54.3713
54.47842
52.88586
54.42014
54.45052
53.88238
54.86216
54.35881
53.54883
54.81829
54.61316
54.36971
53.93163
53.85983
55.25333
54.32328
54.62638
55.42021
54.50179
54.20971
54.2353
54.16507
53.41111
54.38942
54.16602
55.02744
55.71496
54.19488
54.67833
54.47857
53.41842
54.59881
54.37775
54.96146
55.29399
54.37564
54.45935
55.27196
54.3157
53.7866
54.78359
54.03474
54.41987
54.27882
54.43924
54.72851
55.14619
54.76723
53.17756
53.38867
53.85991
55.09998
53.95538
54.45807
53.9587
54.08093
53.32331
54.36549
54.64083
54.41371
54.5688
54.76318
54.05069
54.58945
54.38546
54.1276
55.14394
54.25531
54.71835
53.73433
54.77068
55.25195
54.28735
55.2995
55.39962
54.61663
54.89125
53.75706
54.48281
53.86903
54.75208
54.87038
54.2936
53.50846
54.31611
55.36404
54.6803
55.89823
55.62164
54.58471
54.4622
54.48321
54.16445
55.31115
54.53836
52.55617
52.92862
54.41582
54.37801
54.93699
54.99413
51.94651
51.92456
54.0837
54.71088
54.76313
55.13848
54.62632
54.45469
55.06572
55.00977
53.80064
54.69932
53.97099
53.55228
55.01433
55.04887
54.47952
54.23517
54.91861
53.80036
54.36193
55.12243
54.40114
54.62526
53.52451
54.1739
54.25424
55.37599
55.84143
55.20163
53.55883
54.72308
54.3636
55.43483
53.82367
