1.192305
2.90373
4.500454
3.489326
2.073049
1.960541
5.273923
4.177149
0.792936
2.728785
5.210208
3.171948
2.501153
2.184976
6.835703
2.787993
0.9036677
4.646141
3.503673
3.368433
4.288402
4.236285
2.827167
4.884355
3.853932
1.390174
2.132347
3.235279
4.511089
4.93624
1.286196
2.037152
3.643772
4.875533
4.230387
2.050231
2.256788
4.36952
5.309136
3.221799
2.775019
4.408803
5.358194
4.282037
0.6928123
2.658917
4.253816
3.336027
4.607841
3.693296
3.02399
1.83192
3.73632
5.623311
0.6750676
0.8527052
3.094483
3.583308
3.703873
3.292635
2.535443
3.432646
5.320635
1.984056
1.373612
3.614305
5.222914
3.208737
3.326097
2.738235
3.163271
2.396054
3.256644
5.679781
1.749894
0.3562242
1.268149
4.260615
4.487839
4.040949
1.962473
1.813511
2.645358
5.732962
3.930805
3.269463
2.162151
4.343027
1.940673
4.80126
2.194273
3.820886
4.78652
3.113977
1.815687
3.906132
5.147963
3.902583
0.3816284
2.816906
4.718391
4.986926
2.64559
2.359295
3.792479
3.965874
3.135665
3.065023
4.576012
1.616395
1.319938
3.307501
1.693325
4.046747
4.311869
2.154704
1.608489
2.006641
5.415805
2.338599
1.603334
4.041897
5.333739
1.8354
2.322953
4.27422
1.917632
2.94604
6.141626
2.955627
2.345922
3.295019
3.74221
3.509306
3.001362
5.315923
3.127995
1.959281
1.47599
3.801764
4.933101
3.751782
1.230099
2.325337
2.939465
2.623419
6.079672
2.494004
-0.1484011
3.260951
3.818775
5.990778
3.644832
2.184205
2.929204
4.158821
3.78591
3.095859
2.98886
3.96271
4.206271
3.764742
2.405463
4.345686
3.140849
4.543779
3.998991
3.168827
2.740204
2.695672
5.635952
3.684316
1.960003
2.883349
3.010658
3.865256
2.627134
2.457784
4.162691
2.764658
4.206994
4.614063
2.429996
3.393552
5.167417
2.251606
3.017522
4.233659
2.744848
3.286415
2.496061
2.433227
5.363697
2.966678
2.380543
3.172505
1.877826
2.625813
4.342517
3.918078
1.764693
1.250991
4.089268
4.262617
2.57143
3.025604
4.335485
3.313905
3.279101
3.501135
4.859407
3.815298
1.597132
3.798693
3.969887
2.776414
3.827911
2.551511
1.679234
3.547173
3.267437
3.072157
2.867206
3.778889
3.079348
2.271194
3.226986
1.716039
5.586759
3.298695
1.695897
2.260036
2.09139
3.957289
3.248141
2.431199
4.623413
2.563364
2.66859
3.220237
2.626839
3.914661
3.170059
3.276424
4.560171
1.690061
2.400823
3.913878
4.159342
2.064439
2.125505
4.656386
2.396037
2.776796
4.117321
3.717513
3.053186
3.668746
2.486417
1.904694
5.676412
3.714554
0.9769695
2.906565
4.046858
4.800787
3.853056
3.41235
3.385045
3.101474
2.571611
4.552681
3.192554
1.841699
2.969436
2.409676
4.346636
5.240625
2.082043
1.272825
3.294996
3.317679
3.431032
4.796715
4.866773
1.698439
3.142761
3.582678
2.774701
4.172623
3.738609
4.467936
1.756005
4.059093
5.566917
2.304466
1.665744
3.034
3.284245
3.203597
1.74272
4.704699
3.417127
3.00434
1.940052
2.553632
5.232344
4.296905
2.035379
1.920567
4.282398
3.913718
2.437885
4.184347
2.773423
2.297992
4.269073
4.487856
2.561804
3.918876
4.04545
2.374979
3.255956
3.272228
2.731325
4.137512
5.328826
0.3639674
3.68165
5.936279
0.9534297
2.754426
3.064085
2.820157
4.231369
2.93998
1.491838
5.471764
4.428627
2.130583
1.261883
3.165826
4.105638
3.570626
2.423213
0.6035462
3.186147
5.293184
2.363213
0.0682468
2.062589
2.835904
3.504922
3.587059
3.407668
3.060475
3.325277
3.694521
2.061768
4.701874
2.847954
1.853137
5.276554
5.075271
0.9328452
1.80192
3.87112
2.850097
2.72963
2.753019
3.270904
3.376668
3.30197
1.697481
2.622779
3.925706
3.510783
1.972616
5.3263
3.56776
0.3732792
3.210306
6.939536
3.08325
2.002372
3.414506
3.409827
2.690963
2.522562
3.869992
3.478145
3.537541
4.073715
2.624374
1.770468
4.848516
4.656771
3.061312
1.590345
3.679252
5.59185
3.528661
0.7105899
2.600629
3.716188
3.99942
3.729454
4.246796
5.321187
1.152107
2.019076
4.290585
2.074227
0.9193113
1.173023
3.027836
4.974954
3.49643
1.819298
1.301825
2.418803
3.7438
5.669531
3.215769
3.156191
3.62073
2.416304
3.922166
4.384643
1.988656
2.770461
3.603531
3.150542
1.645683
5.5741
5.252238
1.849557
2.2453
2.058483
2.703668
4.031457
2.758279
4.236184
4.011047
1.82309
2.634868
4.407458
3.66888
2.989135
3.897536
4.75691
4.185348
2.521542
3.088236
4.633984
3.652133
1.675346
2.44106
3.828068
4.676077
5.226871
1.746456
1.648391
3.776876
5.740051
3.565566
2.828152
3.191526
5.034578
2.067264
3.839524
4.681737
3.058924
2.234481
4.750381
4.493584
3.257369
2.782788
3.428122
3.759568
3.966457
2.882352
1.558846
2.727443
5.320503
3.152751
1.884431
1.924032
4.316707
4.220634
2.2057
2.58235
4.640172
2.095673
0.8324878
2.46284
2.339822
2.056209
5.988656
3.473115
0.1338456
1.725415
4.244062
5.41083
4.348991
1.008947
1.890724
6.27968
2.978817
1.582045
2.523548
3.304705
5.004643
2.647662
2.242245
2.956576
3.766609
4.320518
2.984874
3.216484
5.196364
5.02581
2.347694
3.839553
4.241945
2.431423
3.45235
5.140482
3.4964
0.8106884
2.624459
2.435078
1.390002
3.535738
4.772
1.392838
0.9159856
2.848885
1.748213
6.054307
2.972565
2.294003
0.5604916
3.319479
6.883295
3.669356
0.7736289
1.929094
4.493892
1.101908
2.935121
6.448927
2.855474
0.675976
1.354536
4.647212
2.83506
3.454717
3.186803
3.601847
4.028359
4.217078
1.948933
3.542496
4.32545
4.77986
1.853759
1.92153
6.376474
2.651264
0.6944244
2.805039
3.939095
4.97408
2.959555
2.628949
5.029148
2.965598
2.113466
2.658648
3.722606
5.666505
3.761233
2.001318
1.26469
3.946841
6.601141
1.345964
0.9452416
5.141143
4.724626
2.133103
1.594114
3.579158
7.366096
2.175705
0.5313413
1.785982
3.491026
5.779829
3.325655
0.6908566
3.853419
2.972919
2.213616
2.86862
3.615589
2.248305
4.586042
3.430621
2.188841
4.387039
3.982638
3.52216
2.067618
3.563089
6.051352
2.695547
2.029454
1.804163
2.734106
4.79808
4.158078
3.525558
2.31763
2.64672
4.573913
3.311451
3.175912
3.18017
2.755091
4.494548
2.667085
1.869769
4.034341
1.948273
1.481727
6.006079
2.822667
0.9558159
2.972589
3.856392
5.317988
3.200479
2.736303
4.656379
3.924207
2.639725
1.318037
3.012063
6.107931
2.383242
0.836235
1.909397
1.938827
4.800605
3.873411
1.696386
2.659897
2.848976
4.256988
5.18628
2.496775
1.17333
1.961696
5.921213
3.220204
0.2787838
0.6131328
4.05906
4.793636
4.176463
3.019207
1.665215
2.321535
5.710213
3.114167
3.050213
2.630423
3.007674
4.975405
3.662076
0.7774315
2.220094
5.036573
3.649982
2.330379
2.120629
3.96013
6.591951
1.810498
1.043099
4.402169
4.286997
3.229738
3.419803
2.127182
3.592114
5.879455
2.225592
-0.3159959
3.021535
5.275389
2.996114
2.297328
4.29812
4.865688
3.612922
3.201707
3.600727
4.27704
3.943928
4.092091
3.368461
3.558496
4.10066
4.385241
1.413947
4.807059
3.963713
2.087393
2.872061
5.400082
2.852251
2.663165
5.856414
1.821748
2.796506
3.117747
2.680849
4.26958
3.315234
2.516536
1.002337
3.598352
2.071622
5.009664
5.441416
0.4884782
3.028362
3.468992
3.182958
4.014239
2.939975
3.790059
4.257129
2.190951
2.067205
1.813925
5.181709
6.088505
1.025516
0.4704882
3.960922
3.832624
1.474446
1.907539
2.849792
4.193367
2.040482
2.877036
4.905031
2.515277
1.46218
3.007796
2.827475
1.640353
5.27325
2.861577
1.237442
4.861385
4.283898
2.574145
3.290492
3.919882
2.459912
4.856028
4.209404
1.17722
2.184969
3.592426
5.338241
2.917954
0.9211773
3.218
3.763908
4.402393
2.633231
4.340388
1.682485
2.000455
7.174586
2.068164
-0.07821696
1.312178
5.877035
3.018523
-0.5630679
2.632481
4.952963
2.319334
2.612447
3.955723
3.93966
3.785538
2.084537
4.090419
3.316279
3.834929
4.797528
1.867125
3.040932
4.38981
3.917428
3.505777
3.233824
4.12929
2.333422
1.930675
4.429841
3.594271
1.846004
4.161523
3.795163
2.411057
4.316875
2.836776
3.418089
2.693952
4.607872
3.057331
3.174346
3.253244
3.827742
3.582559
3.465583
2.217612
3.522207
4.669272
3.514652
2.351305
2.066657
3.003416
4.68981
5.297458
-0.03529293
0.4550557
3.396388
4.610616
2.204778
2.324921
3.109122
3.089205
2.20488
2.635046
2.597198
5.069054
0.9964926
0.3125902
4.507879
2.755539
3.215886
3.931503
4.276208
2.085181
1.972381
1.965155
3.894464
4.929918
3.130257
2.338051
3.402347
2.485801
3.932684
4.843538
4.218234
0.5194573
5.098414
4.219937
3.142014
2.029282
4.391232
3.505329
2.871457
3.941843
4.587007
3.087248
2.261125
4.814012
2.468858
3.102732
2.581856
4.69628
2.009118
1.801568
3.057317
3.378645
1.747202
2.941652
3.567606
4.131993
4.079092
1.033125
3.053031
6.201522
2.699271
1.974328
3.144873
5.157315
3.438744
1.558398
2.505201
5.517949
3.105382
1.736089
2.687151
5.596149
0.373759
0.460975
1.265737
6.361523
3.373543
1.477248
2.069896
3.66731
4.480639
2.625043
1.986441
3.323644
2.028402
4.671145
1.868
2.270593
3.047897
2.935751
2.237045
3.69158
5.70074
1.618681
2.098738
3.293737
3.738209
2.533751
3.688386
3.808161
2.818306
4.111435
5.127155
1.584947
3.909248
4.48736
3.508102
3.476567
3.54294
3.008576
3.174882
4.647888
2.533053
4.424695
3.462197
2.289082
2.060327
4.179213
2.261729
2.849128
4.949347
0.3442886
2.016064
6.344354
2.785117
2.230254
3.716749
2.367614
2.735414
6.641681
2.318163
2.05044
2.094823
3.298449
2.350526
3.234083
6.337045
0.8212712
2.129603
1.916736
5.328584
1.319944
3.253443
1.96999
3.021541
2.614055
5.136067
2.321039
1.650267
3.446328
3.402162
2.725388
3.854517
3.311559
4.039245
