29.18924
28.70892
28.37484
29.30983
28.78251
28.70639
29.38597
29.26223
29.01902
28.57794
28.60969
29.71908
29.13502
29.25813
29.22485
28.65435
28.81878
29.1907
28.96891
29.29901
28.07747
28.38789
28.9301
28.9733
28.03817
29.24958
29.10221
28.95629
29.11868
28.93804
28.81207
28.52843
29.17115
29.32872
29.12995
28.27984
29.11473
29.41709
29.19997
29.59271
28.65982
28.824
29.32058
28.96537
29.08061
28.52511
29.23472
29.14263
28.90815
28.98295
28.60867
28.7203
29.09172
29.04426
29.25301
29.24404
29.26279
28.93272
29.07157
28.88103
29.24212
28.97967
29.1714
29.46343
29.24361
28.76574
29.21183
29.34484
29.17991
28.44415
29.33233
29.59335
29.26757
28.71944
29.37242
29.33324
29.10488
29.1445
28.39947
28.8885
29.19445
29.2186
29.44318
28.99671
28.79794
28.66614
29.06348
29.1608
29.1276
29.19574
29.40712
29.35238
28.90907
29.12883
28.69787
28.41492
29.26784
29.35442
29.22161
28.8985
29.16899
29.17331
28.94992
28.66075
29.04143
28.8241
29.07022
29.37559
29.18004
29.09401
29.20298
28.84686
28.98984
28.50275
28.94903
29.40497
29.48344
29.21233
29.454
29.32314
29.23392
29.30821
29.10521
28.67958
28.04202
29.82917
29.17855
29.42276
29.31309
29.68272
29.27899
29.46772
28.98887
29.03716
28.65645
28.60682
29.42484
29.13494
29.28634
29.29669
29.06594
28.73012
29.20343
29.31934
29.14374
29.43865
29.44496
29.23563
29.18057
28.95898
29.23903
28.20113
28.20331
29.55929
29.45768
29.2726
28.94992
29.19136
29.23029
29.38491
29.33285
29.2557
29.32899
28.76923
29.06846
28.89115
29.06862
29.24562
28.95306
28.29745
29.28167
29.58683
29.07348
29.399
28.26066
29.4783
29.22351
29.27104
29.41027
29.21147
28.99442
28.8314
28.77611
29.71047
29.68373
29.1801
28.81357
29.7193
29.26323
29.48706
29.16243
28.42882
29.62438
29.48252
29.3537
29.57518
29.62252
29.24014
29.22365
29.442
28.83813
29.29899
29.35435
29.00569
28.83073
29.00071
29.29872
29.60806
29.40372
29.59574
29.04001
29.12463
29.38343
29.23357
29.41391
28.60956
29.38414
29.41324
29.14142
28.1003
29.59221
29.64515
29.00814
29.16473
29.02728
29.27009
29.47301
29.31526
29.30445
29.39783
28.75081
28.46386
29.44847
29.45273
29.42059
29.6839
29.23303
29.24475
29.46385
29.01878
28.90701
28.85303
29.57311
29.32829
29.33773
29.43324
29.45601
29.07451
29.30854
29.77471
29.35662
28.41486
28.66673
29.86287
29.44205
29.5695
29.60954
29.56272
28.82185
29.37165
29.0439
28.8907
29.19189
29.33478
29.52623
29.62963
29.20015
29.20866
29.42575
28.42542
29.62327
29.38386
29.33138
29.88512
29.85154
29.44156
28.73826
28.85687
29.54874
29.44844
29.09148
28.44586
29.64075
29.81732
29.63484
29.57367
29.85832
29.06043
28.8133
29.68822
29.35647
29.85812
29.38249
29.00319
29.70202
30.09966
29.22903
29.58094
29.45753
29.7147
29.43742
28.56522
29.72261
29.30662
29.55913
28.93447
29.5756
29.84986
28.93404
29.35787
29.4281
29.50254
29.36216
29.30723
29.35182
29.23071
29.43168
29.49579
29.57311
29.67386
29.44328
29.36652
29.38173
29.48695
29.44563
28.85151
28.38849
29.43663
29.579
29.36695
29.63472
29.76956
29.30084
29.42531
29.0579
29.41349
29.7234
29.52003
28.59477
29.77252
29.02887
29.30725
29.17406
29.67081
29.69195
28.81817
29.53687
29.54634
28.82346
28.40382
29.51566
29.8059
29.568
29.78098
28.72801
29.67768
29.48157
29.32954
29.91926
29.39198
29.37599
29.38347
29.19181
28.46705
28.52141
29.24827
29.42338
29.34768
29.328
29.2723
29.42121
29.20396
29.50532
29.09809
28.59241
29.48624
28.95633
29.19888
29.62137
29.67157
29.48185
29.66621
29.01995
28.48918
29.80758
29.59691
29.30274
29.7787
29.77202
29.50008
29.28529
29.57547
29.52377
28.93308
29.0929
29.85436
29.29362
29.77434
29.54164
29.71185
28.95914
28.95659
28.68394
28.69962
29.78493
29.46616
29.8521
29.45237
27.67427
27.18852
28.3574
29.64264
29.19027
29.02647
29.57156
29.48086
29.47472
29.10131
28.46961
28.24107
29.56317
29.54759
29.72181
29.88426
29.55344
28.75611
28.69472
29.50413
29.41182
29.79563
29.51238
29.48527
29.09165
29.2099
28.71666
29.09091
29.1617
28.6431
29.5432
29.4861
29.57231
29.68889
29.56701
29.34896
29.46764
29.39091
28.62577
29.83928
29.55708
29.36605
29.80226
29.30484
29.46881
29.43449
29.1578
29.2908
28.23895
29.7518
29.3186
29.5017
29.89009
29.74798
29.39863
28.76207
28.87198
28.5149
29.57303
29.68897
29.89633
29.69595
29.27555
28.50088
29.65594
29.45369
29.40749
29.3616
29.38887
28.81928
29.46776
29.44661
29.32045
29.61942
29.31466
29.28802
29.62883
29.65647
29.4501
29.2408
29.31313
29.34009
29.19111
28.50486
29.26088
29.40014
29.59906
29.52902
29.09746
29.56502
29.69993
29.62954
29.44909
29.81011
29.36869
28.30874
29.74161
29.59051
29.3888
29.71808
29.76703
28.83481
28.88265
29.65404
29.82598
29.91036
29.44675
29.31782
29.83968
29.54377
29.25759
29.84013
29.24793
28.50971
29.35096
29.81711
29.71452
29.58795
29.38786
28.73486
29.35586
29.23063
30.02238
29.5858
29.72124
29.50065
29.55079
29.64953
29.42916
29.8611
29.08304
29.29964
29.72701
29.98501
29.56958
29.2898
29.62185
29.76214
29.33146
29.96361
29.64432
29.55963
29.35692
28.77558
29.68954
29.64816
29.52492
29.63062
29.59929
29.28656
29.75727
29.46922
29.53323
28.86444
29.55795
29.7364
29.61281
28.81664
29.66873
29.60256
29.61022
29.76123
29.79546
29.51529
29.60455
29.73344
29.1281
28.53217
29.35741
29.64783
29.35023
29.7449
29.87554
28.21042
29.72025
29.4265
29.19757
28.53275
29.75555
29.55274
29.03982
29.74741
29.56864
29.76601
28.9684
29.1191
29.68491
29.67586
29.72506
29.49805
29.63678
29.28686
29.03313
29.50671
28.32141
28.17988
28.79756
29.63751
29.28941
29.46949
29.63052
29.09746
29.24555
28.52109
29.29898
29.82133
29.4977
29.71101
29.69131
28.50512
29.76776
30.0699
29.6761
29.4133
29.95751
29.51505
29.51171
29.68199
29.44956
28.45639
29.04642
29.63542
29.47607
29.4337
29.32784
29.47517
29.75579
29.40862
29.68987
28.80535
29.74356
29.77071
29.31596
29.51205
29.95312
29.54121
29.18125
29.94547
29.63684
29.15988
29.55811
29.48844
29.44815
29.68144
29.54434
29.20669
29.74059
29.73265
29.48041
29.05283
29.34767
29.95695
29.52216
28.67371
29.8353
29.98173
29.45023
29.26837
29.91717
29.74445
29.6435
29.69899
29.62222
29.51828
29.70268
29.77829
29.71867
29.16043
28.94862
30.03955
29.446
29.87051
28.95951
29.61312
29.86459
29.86822
29.59085
29.43908
28.97117
29.63033
30.06416
29.99968
29.89941
29.27452
29.68507
29.73848
29.65672
29.799
29.60113
29.80855
29.49802
29.18165
29.9662
29.74256
29.66493
30.0058
29.48931
28.46562
29.99075
29.97068
29.36273
29.81522
29.90264
29.58011
29.86588
29.4865
29.71396
29.08682
29.11738
29.12579
29.92384
29.61627
29.60517
29.28644
29.22291
30.14832
29.69874
29.61157
29.88651
28.81628
29.81386
29.74084
29.6598
29.79616
29.68652
29.75761
29.38123
29.49598
29.16282
29.03565
29.58324
29.75708
29.27438
29.45006
29.49669
29.33334
29.65809
29.45752
29.54206
29.69978
28.95081
29.7278
28.90476
28.30203
29.48796
29.16543
29.32474
29.69381
29.72325
29.39574
29.40745
29.05794
29.60677
29.58687
29.38659
28.67497
29.72743
29.78298
29.57289
29.64108
29.70351
29.4365
29.24984
29.24323
29.4572
29.61164
29.16392
29.6879
29.46033
28.85823
29.77024
29.12019
28.67438
29.4939
29.56036
29.47195
29.48473
28.55528
29.58674
29.69172
29.48468
29.37925
28.52933
28.12296
29.64246
29.07861
29.47552
29.91734
29.58562
29.49142
28.94975
29.70404
29.53205
29.70067
28.77652
29.90525
29.76455
29.68517
29.83854
29.50333
29.48403
29.51571
29.58249
29.2898
29.15886
29.8568
29.31444
29.33373
29.14393
28.83887
29.78794
29.75569
29.56496
29.55573
29.25769
28.62912
28.36774
29.6791
29.39007
29.59057
29.9088
29.50119
29.55878
29.30169
29.20299
28.79293
29.82908
29.85382
29.50294
29.59721
30.06195
29.54187
29.0224
29.67835
29.66745
28.67002
28.59855
29.51772
29.62055
29.29305
29.59543
29.63937
28.98943
29.73037
29.36067
28.79888
29.32952
29.71422
29.32963
29.37471
29.60731
29.35698
29.36467
29.44603
29.65432
29.42397
29.91643
29.4351
29.6449
29.41046
28.95752
28.72403
28.90871
29.62614
29.49038
29.67153
29.66817
28.68499
29.71285
29.46607
29.37727
29.60212
29.62454
29.66192
29.22061
29.6449
29.52625
29.01377
29.32015
29.7725
29.72758
29.87613
29.3926
29.5801
28.87308
29.6949
29.58709
29.57368
28.97652
29.93819
30.114
29.71928
29.78066
29.76831
29.41554
29.11849
29.61424
29.95815
29.2776
29.57538
29.58545
29.86034
29.1874
29.54431
27.70722
29.09365
29.23683
28.70137
29.29184
29.65805
29.22954
28.60123
29.71786
29.64579
29.66855
29.71434
29.52382
29.2555
29.62725
29.6359
29.67708
29.62827
29.53638
29.73554
29.40871
28.54498
29.57871
29.78833
29.57157
29.70473
29.54568
28.8785
29.13107
29.47799
29.81648
29.78767
29.42985
29.29792
29.80201
29.0836
29.49426
29.52101
28.67113
30.20799
29.54859
29.32722
29.93192
29.84431
29.30528
29.68695
29.36937
29.23793
29.2596
29.3681
29.53411
29.41075
29.13014
28.56255
28.62989
29.3051
28.78598
28.87653
29.98312
29.35973
29.95239
29.66548
29.88398
29.79319
29.40423
29.42179
28.71873
29.7522
29.71393
29.0171
29.74022
29.91358
29.55456
29.04309
29.30845
29.79333
29.32347
29.53548
29.70608
29.52098
29.10405
29.76241
29.82864
29.34382
29.58292
29.79548
29.96013
29.62816
