155.8505
155.7852
159.7023
159.1798
156.6826
157.7929
160.9351
159.9258
160.0787
156.3762
160.0081
162.3523
163.4983
157.5855
156.0453
160.7069
163.0087
163.5243
163.0593
160.5849
161.0866
162.6545
160.6262
160.311
160.9559
161.5588
163.2987
164.5604
158.907
159.8269
163.3252
161.8449
159.9352
158.8645
162.8077
162.4191
161.264
162.958
159.5774
158.3762
161.5407
163.1848
161.0236
160.4413
162.8962
162.4502
162.8491
158.7366
157.8103
164.5896
164.0278
156.6449
154.3106
159.5865
161.9104
162.1103
157.7434
156.378
161.5912
161.2613
159.9217
157.052
157.0756
162.8911
163.3627
160.6741
160.1393
162.0133
164.271
161.3326
155.8296
159.4833
163.5806
165.4887
163.2819
163.8435
161.5541
161.4766
160.6435
160.201
163.7579
161.4858
159.1531
160.5202
159.2485
158.7277
155.6471
161.8429
163.1567
161.5652
160.1761
159.0921
162.0556
165.1665
164.4367
162.6496
159.136
159.9935
163.4498
163.094
159.0074
158.3215
157.2419
162.2012
164.2709
161.8601
158.2526
157.9043
155.2004
157.3101
160.4478
159.5197
157.5418
159.0444
156.1061
159.9716
162.5069
161.7005
162.8114
160.9525
156.7217
158.219
164.4565
164.4118
162.9191
157.9799
160.234
163.5821
162.694
160.4807
162.6573
162.8072
164.845
164.2768
161.9925
160.6136
160.3265
164.1585
161.1944
159.7533
161.9817
161.2636
162.0407
161.3826
160.0156
157.2733
157.0402
163.2244
160.8479
156.0838
157.4507
161.4404
160.5079
159.6881
159.5434
159.1051
160.992
162.4674
156.7697
158.9299
165.4586
165.3169
160.4231
160.7952
162.1776
162.3437
164.0687
165.7681
164.7516
157.38
158.8979
163.6034
164.8099
159.5908
158.7016
164.5694
166.164
164.1434
163.5263
165.2833
159.6916
157.2953
160.6696
164.1592
162.1035
161.0581
159.6783
161.2824
164.3158
163.7175
162.3583
162.4146
163.6836
159.8107
161.9053
162.8243
159.3772
158.1593
162.1106
162.0102
161.6085
159.8927
158.5913
158.4863
161.8203
163.7882
163.1487
158.4363
158.6671
162.6107
161.8651
159.9149
162.8049
162.1468
162.003
162.0031
161.3344
158.8482
160.5137
165.0531
164.2141
161.0843
158.4975
156.4701
160.9588
163.3597
161.2269
156.7353
156.8806
161.4934
161.2715
157.6565
157.7383
161.7079
162.8616
159.9135
158.8476
161.6269
163.4517
165.4091
163.8756
158.6107
159.9285
161.8159
164.0139
163.9138
163.8778
159.5827
157.5186
163.8086
166.3811
164.7783
158.901
157.9263
160.3592
163.256
163.6628
157.5571
157.7265
163.9888
163.1064
161.7643
161.7756
164.1129
159.432
155.4205
160.6678
165.0892
162.968
160.8115
161.2601
162.0322
161.8723
161.1154
159.0925
158.1301
161.8875
163.6488
164.1287
163.8732
162.601
160.5262
160.3285
165.631
164.3127
162.4653
165.6793
164.6178
163.5917
165.6109
166.2639
158.7038
160.1881
165.7453
164.5687
160.9294
160.1126
162.1153
164.9624
164.5087
164.5256
159.9128
157.3738
161.9918
165.5029
164.6766
162.7055
156.9037
156.4708
158.5877
162.4934
161.2762
161.9414
160.9108
163.797
162.3145
158.1408
161.7923
164.1925
164.8457
161.4659
157.2737
160.0987
163.8138
163.5615
158.9871
162.0356
158.074
158.243
161.2582
162.1692
162.2606
165.4783
159.851
155.6049
160.5297
165.9131
165.9026
162.0479
159.555
158.4349
159.7029
162.8012
163.2845
162.864
162.3447
164.9377
163.1376
162.4875
164.6391
165.0551
166.9751
164.0773
163.7284
161.8738
163.3984
162.1987
158.9023
161.9066
164.9865
163.8894
162.5496
161.1382
159.6855
156.2175
160.6623
163.628
161.787
162.5564
164.3019
165.5644
163.965
162.9936
162.4391
165.7428
167.0545
164.2505
161.6895
162.756
164.7118
163.0535
160.3408
163.7763
162.0243
157.6339
160.4495
164.3155
165.3098
160.757
161.2292
159.4216
158.7767
159.4982
160.575
156.9225
158.2004
163.7506
163.3719
162.5361
160.7647
161.4671
163.9274
164.7382
162.2937
159.3504
158.5816
160.6982
165.7386
160.4979
145.8932
150.1547
157.8814
160.8548
159.8905
160.027
158.7662
158.3366
164.4938
161.3595
158.3791
156.6899
161.6077
162.867
162.2528
160.1453
159.0767
161.4669
160.4376
159.558
162.7271
163.7081
161.6393
161.5473
161.9447
159.6003
155.7418
159.6086
161.8957
160.0153
159.5624
161.2525
164.5461
159.8875
156.5493
160.7601
162.0191
161.4097
159.0399
160.094
162.7473
163.0144
161.9066
159.5477
162.5663
165.4877
164.5983
163.2502
161.6142
157.5329
158.2528
161.8364
165.3925
164.1236
163.0671
163.202
164.2964
164.9042
162.3096
161.4963
164.2126
166.7446
164.5971
162.3996
162.7185
164.4611
162.2191
161.3817
163.1001
161.9972
159.7779
161.7466
161.0772
161.6135
163.0807
162.5756
162.2874
162.7504
162.051
162.6891
163.9289
160.1313
161.429
160.3225
156.3272
159.2348
161.5479
162.3248
161.5907
159.1856
159.2475
163.3657
160.5528
159.0097
159.2435
161.7165
163.3756
162.7809
161.3108
161.2351
163.6638
164.9102
160.7274
156.8752
161.7037
163.462
162.6427
160.4964
160.9863
162.6484
157.4905
162.2263
164.0306
162.3096
160.1612
162.4456
162.1941
157.6189
161.2788
164.8199
163.8143
161.8253
160.5841
155.9691
159.4075
165.9569
165.9095
164.523
163.6255
164.0663
165.8157
164.993
164.5889
163.773
160.6808
158.4188
161.5492
166.2695
164.0756
161.3297
164.5804
165.0748
165.5346
163.2821
161.2022
163.2214
164.0591
166.4635
163.5428
161.6191
160.797
163.0225
161.0793
160.6512
163.2906
163.5158
161.9714
160.2536
162.6374
162.6303
160.6933
160.6882
166.1397
164.3305
157.8814
159.955
162.4378
160.2198
160.3232
163.2858
162.8662
162.9253
161.3531
161.9951
163.5575
164.5377
164.2806
156.8606
157.531
161.511
160.7017
157.7089
162.6904
163.2822
159.1866
161.5005
162.6987
163.767
165.1764
156.7871
159.6283
164.8825
163.8842
157.8048
153.8029
158.549
163.4941
157.4762
159.1929
162.4599
159.8392
157.7421
160.4273
160.2348
161.8658
162.9964
163.172
162.3268
163.9418
163.9314
162.2817
161.7044
163.808
165.2153
164.2535
158.2143
159.7736
165.0168
163.8684
159.4231
158.1142
163.8704
162.3528
159.5854
161.2575
160.4597
163.6561
165.4362
161.7209
159.2821
159.1756
163.6092
161.3376
161.7428
161.3806
163.8267
163.7152
163.3728
161.277
159.6271
164.278
164.3888
159.3784
160.0662
162.8324
165.4307
162.4996
162.7057
162.0377
163.4052
160.0059
159.3896
163.247
161.5997
159.5389
161.6596
164.0429
163.5217
164.1248
165.4806
160.8098
159.1926
164.0467
163.8476
160.6815
159.9128
162.2784
164.0729
163.4666
159.3669
158.0621
163.0243
164.743
161.2859
157.5593
160.1626
162.6066
161.3764
163.0472
163.2532
163.2908
163.8359
164.8439
163.8707
162.8733
165.5568
163.8994
163.1832
165.5018
165.8389
163.3348
157.3265
159.1523
165.4936
165.7553
161.6382
160.7742
157.518
162.5385
165.3225
165.1511
163.6769
164.3311
162.9431
165.3014
162.1669
163.3221
162.4958
159.6361
164.0608
167.0015
162.7921
162.7451
158.6396
164.1931
166.0094
164.8041
161.1223
160.6599
159.8202
160.7544
164.1346
161.6216
162.0041
160.5746
161.3414
161.0907
159.8164
158.1809
159.2846
164.4704
161.8886
160.8215
162.6342
163.9456
161.0752
160.176
158.3935
160.1694
164.252
162.2212
160.6948
153.9109
158.0345
161.1743
162.4141
161.0782
159.4055
161.1538
163.5406
160.1499
155.7811
159.0591
161.7827
158.5543
158.4191
160.2026
163.8065
161.7517
160.382
162.473
162.1631
157.6484
159.9901
162.8058
155.7558
159.0269
164.8524
165.3497
163.9948
162.8032
162.1647
161.6534
164.5088
163.9222
164.2764
164.7056
164.6245
159.5518
159.8468
164.8347
166.7334
161.1404
156.2605
155.5725
160.7832
163.0919
162.6134
163.7893
156.7457
160.1509
164.4583
162.7256
162.3976
163.2009
161.584
161.1065
162.7167
158.2033
159.7891
164.7419
164.2797
163.0252
165.0785
161.5715
157.6232
160.0011
163.7123
164.3531
164.7877
157.022
158.032
162.3714
164.0513
159.9451
157.0539
158.5799
161.5812
162.6017
161.6363
162.1912
160.5207
157.0458
160.966
163.5107
163.3858
162.1937
162.365
163.6021
158.616
160.2663
164.5036
164.7711
161.1231
157.1144
156.039
162.5693
163.7849
161.2037
160.5722
159.6488
160.0934
161.3194
159.1806
160.174
162.6435
164.167
163.765
164.1611
163.5303
162.5028
162.9321
163.361
163.1078
165.138
161.7015
160.655
161.2434
162.8291
163.9789
165.5887
158.7258
159.3901
159.2144
161.8427
163.7068
164.1989
159.1967
159.6846
163.9564
165.463
161.3136
156.1183
162.8086
165.368
163.8814
161.4779
157.2274
158.4347
165.1567
164.8333
164.0144
161.361
162.8536
162.1286
164.6777
164.0836
164.7099
158.9128
159.6385
164.3173
165.1898
160.8976
158.1135
160.1637
164.8003
165.3793
163.3529
162.2782
163.4456
163.942
163.6256
163.2396
156.288
150.5406
157.0061
161.2713
160.0894
158.4241
156.5041
156.1251
161.0888
164.8875
162.3032
159.8286
161.809
164.5237
164.8387
161.0098
161.7523
163.577
162.2314
162.8779
165.0946
164.1846
159.6387
161.4358
165.5162
162.4537
156.0851
160.0054
163.3653
163.7354
161.3318
156.7043
163.1297
164.5904
163.6945
161.3473
157.0693
159.2249
163.0691
163.3773
160.0694
161.0235
161.863
165.3339
164.2167
162.1839
158.6668
158.5394
160.3821
160.7464
162.7396
160.9921
157.9556
156.7217
158.5359
159.2937
157.3837
160.5027
160.1084
162.3979
164.7081
163.3743
160.6722
159.1067
160.802
162.3098
164.6749
163.8501
164.6783
163.249
157.6417
160.7608
165.5091
164.1885
158.2866
158.8564
161.4964
165.5372
164.8602
161.7605
162.1161
164.1119
160.4985
163.6076
166.0736
163.6857
160.31
164.1936
