3.112548
4.40745
4.292297
2.486714
2.865868
2.86805
4.086767
3.843239
3.023101
2.650408
2.754228
2.805617
2.950468
3.36648
3.480844
4.005609
3.480485
2.798612
2.597651
3.099361
2.977004
3.01826
3.310437
3.942453
4.001786
4.031817
3.555155
2.875848
3.129733
3.038783
2.949841
3.422639
4.214913
3.651432
3.550789
2.830234
2.81463
3.005016
2.62839
2.949597
4.60644
3.416523
2.678286
2.491848
2.929533
3.861499
3.377305
2.923375
2.509363
3.051183
3.42656
3.780088
3.218004
2.831383
3.677899
3.08241
2.608767
2.843768
3.086167
2.748473
2.987924
3.014328
2.685524
2.930409
3.580869
3.35656
3.221608
2.988404
3.530708
3.306921
2.699964
3.719328
3.0619
2.520424
3.20311
3.339742
3.35523
3.227933
3.038323
2.824736
3.657853
4.409049
3.043249
2.854701
2.576309
3.320298
3.297104
2.683144
3.235737
3.12431
3.740016
3.704042
2.846949
3.077437
4.446049
3.366316
2.899557
2.693215
2.848834
2.714454
2.807905
3.614556
3.463284
3.250211
3.608938
3.55859
3.100311
3.062836
3.097281
4.240894
3.529771
2.710613
2.715472
2.652029
2.884674
2.726249
3.1438
3.203174
2.921434
2.97422
3.195628
3.438701
3.553621
2.75935
3.825807
3.416399
3.019783
2.672748
2.978772
3.143278
2.852016
3.135831
3.335764
3.075514
3.055625
2.978565
2.948268
4.032269
3.260614
2.486338
2.539475
2.83185
2.753802
2.938771
3.414513
3.174292
3.398139
3.067425
3.20343
4.766818
3.824397
3.144924
3.017587
2.592427
2.635215
2.864973
3.977234
3.796679
2.788115
2.844645
2.778834
3.472509
3.215924
2.985566
2.998326
3.112814
3.735928
4.528686
3.770518
2.811916
3.057678
2.920382
3.283678
3.050228
3.121401
2.9059
3.211044
4.395144
3.669718
2.809227
2.972881
2.780957
3.452941
4.563126
3.563329
2.739139
2.730634
3.456113
4.496181
3.961263
2.969126
2.659197
2.895173
3.263014
3.476076
2.730167
2.720439
2.802158
2.874424
2.689437
3.1782
2.999439
3.288251
3.171756
3.707823
3.006318
3.050737
3.011545
2.787742
3.894469
3.594342
2.765954
2.779916
3.403192
3.479083
3.128549
2.997524
3.337817
4.144256
3.440126
3.147622
2.996418
3.471889
3.434555
2.853723
2.765455
2.971988
2.854144
2.925142
3.396444
4.417913
3.388126
2.711885
2.731077
3.047892
2.810002
3.156714
3.83831
3.521326
3.020003
2.870626
3.265902
3.757581
3.243052
2.847258
2.764229
3.139887
3.048888
3.255227
3.233484
3.059087
3.290222
3.281401
3.217944
3.866706
3.228452
2.951256
3.337828
3.212544
2.935913
2.965994
3.160163
4.611217
3.745109
2.722431
2.569683
3.317689
3.117665
2.870508
2.864685
4.360319
3.524404
2.825723
2.680301
2.817071
3.002503
3.644072
3.149951
3.014248
3.125365
2.929868
3.137651
3.07138
2.951195
3.522571
3.831275
3.762547
3.217255
3.66962
3.730144
3.075986
2.953506
3.1318
3.160606
3.215595
3.054783
3.958616
3.604798
2.886107
2.605577
2.755006
4.264428
3.380933
2.654771
2.810868
2.751082
2.644811
3.270018
3.71349
3.268757
3.011536
2.896259
2.658477
3.162085
4.145961
3.986536
2.890666
2.670846
3.116359
3.201681
2.942821
3.196806
2.923934
2.784431
3.43045
3.810145
3.23062
2.601494
2.908714
2.974122
2.896175
3.081579
3.346252
3.449566
3.250688
3.189766
3.19145
3.709584
2.903151
2.765426
2.886005
3.133446
3.860161
3.626426
3.492933
3.362573
3.275702
2.874598
2.9421
3.14274
2.722952
2.861079
3.425748
2.903503
2.702981
3.557454
4.635981
3.592358
2.651878
2.822205
3.146707
3.271689
4.408752
3.381575
2.9732
2.580515
3.137535
3.153424
2.894288
2.913083
3.382544
4.181228
3.540471
2.913023
3.150853
3.070444
2.989776
3.344314
3.364635
3.196422
2.948293
2.81308
3.328368
3.058334
2.911415
2.947829
3.241251
3.778323
3.959288
3.075223
2.795554
2.942489
3.252986
3.377252
2.844355
2.636465
2.748383
4.096573
3.695147
2.541861
2.573172
3.046522
3.13592
3.075377
4.161478
3.616772
2.697338
2.881421
3.741233
4.235394
3.380008
2.860071
2.47655
2.634375
2.643062
4.57668
3.224089
2.660677
2.839967
2.691865
2.664213
3.04756
3.856673
3.322763
3.0594
3.799419
4.569792
3.41111
2.912176
2.643769
2.634933
3.261068
3.198952
2.794562
2.973564
2.948614
3.324659
2.941063
2.890268
3.071308
2.73507
3.119061
3.161338
4.341805
3.294682
2.747342
2.902402
2.902881
4.187637
3.487356
2.721259
2.78513
2.872334
2.949984
3.066074
3.698031
3.20721
2.735103
2.699419
3.039356
3.327065
3.56641
3.412672
2.827332
3.014291
3.017899
3.031743
2.993771
3.254529
3.522
3.767923
3.061672
2.921935
2.884926
2.927154
3.65013
4.062987
3.408932
2.683683
2.937458
3.16824
2.69672
2.874531
2.639473
2.995197
3.384778
3.860338
3.282132
2.662462
3.824918
3.566448
2.937069
2.815033
2.756164
3.746691
2.803642
2.465459
2.759318
2.654351
4.128267
3.312031
2.727099
2.868185
4.163149
3.841077
2.908495
2.770553
2.761808
3.015516
4.504768
3.672544
2.821918
2.582614
3.24206
3.056922
2.795391
3.091002
2.84719
2.953907
2.754549
3.405349
3.954224
3.363873
2.685255
2.851527
3.087948
2.934448
3.20364
5.000731
3.68276
3.009561
2.962217
2.942273
2.817627
3.264333
3.07377
3.066349
2.805808
2.940253
3.076552
3.0767
2.74133
3.063857
4.739044
3.855129
3.124602
2.688554
3.046596
2.95828
2.762582
3.077216
4.390678
4.059665
3.12459
3.027013
2.757556
3.580245
4.228122
3.413068
2.844538
2.858392
2.97825
2.895201
2.703221
3.4277
2.748593
2.83123
2.984658
2.823752
3.049252
2.957075
2.708916
3.253403
3.209736
3.508044
4.155404
3.314775
2.925816
2.747134
3.309685
3.21882
3.793903
3.390652
2.792177
3.332117
3.844168
3.344322
2.95826
3.004503
3.129532
2.857547
2.84424
2.897206
3.170216
2.711046
2.690275
2.8506
2.664205
3.025413
4.113961
3.71076
2.923351
3.002393
3.957442
3.655063
2.657084
2.710241
2.923516
3.561889
3.052771
2.723289
2.873454
3.585839
3.101295
2.979141
3.625107
3.424247
3.395515
3.473263
3.008391
2.830229
3.049054
2.97702
2.595196
3.378139
2.900037
2.733937
3.123513
3.432595
3.04916
2.842297
3.101138
3.866567
3.24415
2.836597
3.262639
4.402512
3.459229
3.028493
2.85888
2.889486
2.740762
3.105392
2.947047
2.946529
2.919114
3.291259
3.571765
4.129724
6.217483
2.848472
3.014667
3.977473
3.620472
2.997162
3.042228
3.560439
4.594311
3.857515
2.975502
3.074175
2.662737
3.112368
3.337589
2.924969
2.951171
3.049359
3.554837
4.524683
3.268274
2.779101
2.859642
3.318662
3.551211
3.746696
3.381686
2.981414
3.063211
3.105593
3.096795
3.457694
3.835857
3.576342
2.90147
2.758514
3.625705
3.720269
3.212693
3.031548
3.171399
2.993947
3.007795
3.085316
2.929643
3.584388
3.269438
2.955831
4.352053
3.72945
3.016834
2.585647
2.718061
2.717378
3.330657
3.177494
2.988281
3.831336
3.579656
2.886511
2.821314
3.054246
3.08103
2.973344
3.363427
3.567522
3.183746
4.442019
3.744734
2.886364
2.691009
3.127166
4.261878
3.516397
3.097837
2.646825
3.04497
3.244265
3.787913
3.422428
2.876586
3.110185
4.913907
4.103638
3.089906
3.35295
2.795151
3.861127
3.145278
2.603728
2.732596
3.01883
3.577184
3.075442
2.928195
2.71645
3.378208
3.642055
4.326088
3.758137
2.805938
2.700959
2.647899
3.718825
3.254934
2.869669
2.754164
4.097185
3.141268
2.992051
3.107108
3.110509
2.846756
3.227187
4.347804
3.614954
2.857754
3.83374
4.372812
3.269789
2.926087
2.872065
3.890607
3.329229
2.705614
2.884232
3.127804
3.125032
3.161453
2.813738
2.76258
3.072782
3.070927
4.058475
3.760549
3.060389
2.809474
3.720321
3.178781
3.138249
3.150843
3.186227
3.267795
3.371784
2.780411
2.915583
3.256106
2.943683
3.348307
2.89377
2.79897
3.268064
4.075925
3.679933
3.077598
3.083837
3.875865
2.927786
2.557905
3.161204
4.147769
3.548754
3.111136
3.042274
3.229758
3.009731
2.959859
2.998977
3.066992
2.777332
3.33413
3.677975
3.204806
2.840204
3.018929
2.668457
4.045203
4.272362
3.452007
3.319401
2.693213
2.802355
2.948567
3.652178
4.012828
3.485606
2.850167
2.925104
4.292416
3.404186
2.852932
2.738702
2.985024
3.421719
4.345709
3.883646
3.155032
3.072838
3.05162
2.8803
2.859441
3.023004
2.675091
2.921709
3.128601
3.0605
3.086219
2.818129
2.941552
3.562974
3.304174
3.028121
3.276118
3.011861
3.050009
3.126522
3.109909
3.062015
4.159237
3.619293
2.622363
2.774747
3.145605
2.89137
3.470016
3.173437
3.052723
3.69895
3.047713
3.020916
2.947809
3.799715
3.393732
3.784225
3.797513
3.245868
3.046355
2.637208
3.321409
3.378505
3.509813
3.621007
3.173612
2.860707
3.006286
2.989684
2.768121
4.27086
3.53946
3.02891
2.872989
3.559662
3.165649
2.72158
2.797542
2.923003
2.880772
4.304928
3.887056
3.438481
2.689376
2.839226
3.237615
3.706857
3.746427
3.434564
2.919489
3.495983
3.402762
3.355674
2.925203
2.949975
3.192057
3.924904
3.501072
3.51692
3.177144
3.270773
3.639197
3.226547
2.948014
2.956585
3.902277
3.590564
2.664309
2.901856
3.466071
2.896249
3.191712
2.983194
3.155406
3.672915
3.182562
2.93152
3.000482
3.084207
3.11616
3.191501
3.107681
3.995219
3.560163
2.79278
2.862157
3.528658
3.414294
2.98136
3.229722
4.233771
3.570427
3.063866
3.550113
3.602943
3.108263
3.205237
3.168224
3.491108
2.732241
3.664954
4.014024
3.032815
2.769032
3.061749
3.086813
3.166565
3.019753
3.011401
4.268246
3.763527
2.739772
3.558367
4.469335
3.513876
3.088036
3.000895
3.417085
3.789071
4.160744
3.543097
2.881155
3.285273
3.854725
3.349789
2.996179
3.252147
3.29632
3.235358
3.384199
3.301055
3.172412
3.590203
4.365572
