101.0581
101.5331
103.509
104.7983
101.6406
99.62004
101.7559
104.9883
103.6179
102.7302
103.9241
104.7533
103.2314
102.0729
103.649
106.2403
104.1398
104.7173
104.2662
104.1024
102.1401
102.1054
103.388
105.0972
105.6194
103.8116
101.854
102.4777
104.5938
105.6167
105.9378
102.4627
101.5676
103.5315
105.8866
105.9696
104.3967
104.5852
105.8142
105.9133
102.6954
103.6962
104.9508
107.2781
106.0962
103.8649
103.3049
102.6039
103.1397
103.5884
103.9494
100.7999
100.7278
103.0343
104.479
102.7247
101.6462
102.1928
103.3599
103.8595
102.5482
103.999
104.6292
107.1896
104.2825
103.7173
104.6627
104.6531
104.7388
103.3786
103.1865
101.8908
102.0193
102.9507
105.6211
102.5883
101.0281
102.9606
104.6986
105.0412
104.8778
103.4597
103.0844
103.0069
102.476
103.6295
103.1718
104.8201
104.5971
104.1431
103.1956
103.6176
104.5637
105.738
103.2766
103.0252
103.9424
106.2286
104.7304
102.8778
104.2877
106.0411
105.5138
103.8259
103.7283
102.9938
102.7569
103.0448
104.0498
104.563
102.7931
100.2781
99.59814
102.7072
104.8048
104.7677
102.65
101.2047
103.8892
103.1709
102.094
102.4989
104.1577
104.0724
103.6405
104.0644
102.5813
101.8796
105.0635
106.4481
106.2798
104.9176
103.2216
103.2478
104.4294
105.6851
106.5836
104.5569
100.4263
100.8074
105.3335
106.844
105.7612
102.8511
102.3644
104.2164
104.361
107.0512
102.7856
101.8205
102.7759
104.9211
105.2432
104.0413
102.4326
103.0873
102.6443
102.681
103.4443
103.9835
106.148
106.7526
104.8355
105.517
105.0875
105.7914
105.5901
105.5837
102.8756
101.4728
104.2555
105.973
105.0034
103.5033
104.8596
104.6449
104.9807
103.9299
105.1594
104.6595
104.5407
105.8361
105.8167
104.6768
106.1078
104.5383
103.1918
105.2573
105.5463
105.7229
104.4663
103.3219
103.8622
106.0609
105.79
105.0718
101.5263
101.5652
103.8261
106.3775
105.8251
103.6177
103.0273
104.8166
105.8678
104.8902
105.5186
105.0038
104.7568
104.394
104.789
104.8033
101.8723
102.9208
105.1414
105.8231
106.4577
105.66
103.46
102.1631
102.5522
103.6113
103.8503
105.4036
104.9455
103.8257
103.2688
103.2439
104.371
106.7835
106.4995
103.931
101.486
102.8824
103.9461
103.986
105.4787
105.4662
104.5512
103.6917
103.8387
103.242
104.5007
104.2193
105.8081
105.4546
103.5267
104.4823
105.096
104.5633
103.1082
104.764
105.1832
104.9505
104.4437
105.2837
104.9383
104.4368
103.7541
103.5525
103.5429
106.3393
105.5044
103.7441
104.9922
106.4887
106.6843
106.0552
105.1185
103.6021
103.047
105.0832
104.8339
105.0094
103.7061
102.3588
103.9039
105.2759
105.4385
104.6115
104.0353
103.876
104.7725
105.6536
106.5112
105.7176
105.2356
105.6777
104.4108
104.9541
104.9373
107.4835
103.4905
104.2636
105.3624
105.1827
102.2049
103.4634
104.9563
105.7609
104.0755
105.7979
106.4301
106.4178
103.7715
102.9667
104.0721
107.4748
106.689
104.1509
104.3096
105.5608
105.1509
105.5947
106.2274
104.4062
104.9465
105.782
106.1881
105.2475
105.1506
104.634
104.233
104.5573
104.6828
105.4104
106.1296
101.4233
101.9097
103.4741
104.4621
104.3211
105.4287
104.9186
105.8378
105.1233
103.3367
104.5239
106.2629
106.3708
102.2657
102.0676
104.4619
105.4533
105.2959
101.1882
102.3559
103.9982
107.0253
106.3703
104.5601
102.7926
103.7064
103.7889
104.6189
105.4457
105.256
105.0546
103.5571
105.2493
104.4156
104.4707
105.5901
105.2658
102.4988
101.0052
103.0889
103.6952
103.0556
101.4101
104.1988
104.9067
105.6514
105.8046
104.2659
104.0112
103.966
103.9751
105.0692
106.3866
103.1294
101.7119
104.2446
106.0133
105.7796
105.9312
105.1561
103.7523
102.8817
102.8778
104.1186
105.1875
107.0857
106.5382
104.1607
104.9818
106.1596
106.6628
102.6529
103.6112
105.0941
107.335
105.5791
104.1938
104.6232
106.0783
107.4605
105.7169
99.65672
94.60143
97.04932
100.4973
104.3674
103.1856
100.2462
102.4283
102.6737
104.6003
104.8731
103.8196
101.7678
103.3004
104.4269
106.4412
105.8188
102.5186
100.1761
102.0425
104.6375
104.7067
104.145
104.9813
104.2552
101.4329
100.4003
101.4066
103.9505
104.1604
103.8167
101.8626
101.6308
104.1814
104.5946
105.4623
105.8224
104.4726
105.627
105.1627
103.4458
103.85
105.829
105.8752
105.0589
104.0293
105.0724
106.32
105.0428
103.5237
103.0381
106.1329
107.7342
107.7577
104.8619
104.4287
106.3209
106.2611
105.8945
104.3582
105.4762
104.7053
104.6959
105.6147
106.9134
103.9464
104.5909
106.0944
106.6191
105.2127
101.7946
100.7921
103.6226
104.915
103.9469
104.1614
105.3705
106.2455
104.8551
102.3683
103.4823
104.6394
103.2437
102.6782
103.1414
104.2268
102.9789
102.6495
102.224
101.7554
103.58
106.086
104.6705
103.1708
103.4388
105.9538
106.7727
104.212
101.579
104.4254
105.6505
104.7683
102.6909
102.819
104.5183
106.6385
105.7385
105.6979
106.7429
106.8684
106.8269
104.5574
105.2207
106.0414
105.3484
105.1426
104.9984
102.6061
103.1458
104.3895
106.2501
104.5828
103.2183
102.5831
100.3062
103.065
103.7831
105.3143
103.9122
102.7982
101.0481
103.6358
106.7148
105.7278
101.6514
101.5561
106.1315
106.6613
107.0059
104.7118
105.304
102.8654
101.5089
104.1084
107.1701
105.9265
103.5644
103.9075
103.2139
103.5125
104.405
106.3503
106.9336
108.0341
105.9744
103.373
103.2381
105.6026
103.2605
102.2656
105.1335
107.6893
106.4125
103.0435
103.1707
105.4997
105.4174
104.9665
105.1402
106.1015
105.7564
104.5629
103.7872
106.4206
106.8292
105.9788
100.7208
101.6475
105.8036
106.0562
104.6116
104.0922
106.5232
105.3987
102.2255
102.6059
103.6531
107.2811
104.8978
102.3373
102.7318
105.6655
107.506
105.644
100.6094
97.9995
100.2404
102.286
104.0611
103.9488
104.7035
103.4545
101.4249
103.3024
106.3274
106.2054
103.7114
103.5562
105.3504
107.5859
107.0582
104.7525
101.9617
103.1228
104.5563
105.7907
102.8968
102.4509
103.692
103.7934
105.5212
105.5949
104.2782
103.8647
103.9305
103.0479
103.7959
102.5881
102.1806
103.9347
107.0624
105.2171
104.5896
104.8311
106.0004
105.9597
105.6682
106.1301
105.4535
104.1259
103.4244
103.0397
103.7551
107.0514
106.6943
102.8038
101.8877
103.583
106.2143
106.2175
104.0635
102.9716
104.1996
105.2849
105.9528
103.3334
102.4937
105.2482
107.6053
106.1849
101.8467
101.9233
104.7736
107.5089
106.8215
104.9147
104.0268
103.7332
105.4299
103.8061
103.5817
104.6783
103.6413
106.528
105.3241
104.4227
105.0534
105.0549
104.7757
102.0032
104.0979
105.2289
107.8672
106.2319
105.3017
106.904
104.7838
103.7301
102.9215
103.9847
105.0051
107.4693
103.3506
102.5083
104.7864
105.714
104.2573
105.3723
106.5478
106.3207
107.5443
105.7135
106.1238
106.6249
106.6009
105.1215
105.3034
105.6038
106.2582
103.873
104.0759
104.724
103.9388
104.6899
105.8644
106.9485
106.3705
107.0358
105.8608
105.0609
103.4773
101.6604
104.7728
104.4432
106.6982
106.3192
102.8695
100.2691
103.096
105.9407
106.3561
105.672
105.3897
104.6333
104.0924
102.8955
104.8434
107.8793
107.4649
104.0431
102.1383
103.3626
103.4268
101.5539
100.5657
101.1286
103.7904
104.9809
103.5136
103.3147
103.415
103.1718
103.0094
104.6299
105.4756
102.4238
102.1413
103.0623
102.6642
103.8935
105.1976
103.4517
104.2463
105.5685
105.4621
104.8435
104.3013
102.1857
104.3292
105.6965
105.7561
102.2172
102.4794
104.6813
105.2451
103.2871
102.3983
103.5246
105.1101
104.8502
105.3423
104.0468
101.9578
101.1011
103.2789
100.9905
100.7337
102.6096
104.861
101.9301
101.7872
104.4041
104.011
104.0302
104.5696
106.1455
104.6726
103.0325
102.135
103.9317
105.9305
106.3712
107.4125
105.7764
104.8932
105.0455
105.1806
105.9265
106.4862
104.2955
102.5468
104.3366
105.2209
105.2131
104.6583
105.2004
103.4712
104.4754
103.7579
103.6242
103.4555
105.8154
105.9629
106.8762
105.5842
106.019
105.6545
104.1384
102.4434
102.4965
104.7141
106.7547
105.8512
102.9387
102.6177
102.3928
103.8799
104.1249
101.3813
101.6889
103.8835
105.5885
105.3755
104.5423
103.2228
101.9215
101.3827
102.223
104.0872
105.9903
104.0303
104.2028
103.2067
102.4264
103.8303
104.5133
106.4329
104.0883
101.9406
102.9001
105.1201
105.8472
103.5478
103.7637
103.722
104.5872
105.519
106.4958
103.7573
104.1597
105.9171
105.4668
102.4001
103.6911
104.9857
105.4438
104.8705
106.2791
105.9747
104.6432
104.2679
103.9807
102.6721
103.0299
103.6057
103.993
103.9014
103.6228
104.0641
104.4346
103.6444
103.7012
104.7865
106.3799
103.0857
102.2786
104.3718
105.8518
102.6407
103.1015
104.7127
106.5693
106.0639
103.206
98.27679
99.4279
101.1717
102.1556
105.3018
105.7036
102.2048
99.61247
101.8719
105.791
104.697
103.7229
104.4583
105.8212
107.0648
105.1577
103.324
101.0526
102.0286
101.7906
101.7644
103.819
103.936
103.1912
103.5317
104.2196
104.8733
104.423
103.8773
105.9646
105.0075
104.2724
104.555
104.3568
104.4999
105.6649
105.5266
104.8968
105.6906
105.8986
105.1676
103.5906
103.8091
103.7543
104.7518
104.8894
105.7971
101.1378
100.4698
101.4769
103.4848
105.0523
105.2054
101.9266
97.20859
98.05289
101.982
105.7176
105.6696
106.0956
103.1286
101.836
104.2436
106.5249
106.1843
104.37
103.4512
103.7915
103.4747
104.7893
103.7273
103.3457
103.0733
100.8344
102.2005
103.3386
103.6195
102.1986
101.8907
102.831
105.5127
105.386
105.3195
104.647
104.2292
105.1448
105.8064
105.9921
