1.610154
3.439866
2.936025
2.738932
4.799322
3.375149
1.989457
3.750944
4.059135
3.508942
2.628848
2.192128
6.287117
2.127153
1.835747
3.152743
4.128269
3.366171
5.004921
3.092782
3.434996
2.121936
3.202909
2.191215
2.697741
6.458077
1.328585
1.842214
3.561175
4.639097
2.758762
4.632969
3.693206
2.905414
3.024821
3.070979
2.624907
5.919771
2.221747
2.345336
4.636407
2.796247
1.971774
3.638665
4.470986
3.714026
2.565142
3.00116
3.633272
3.235868
3.714973
4.963562
3.739644
2.557722
4.597335
4.061773
3.136943
3.56586
2.361458
3.586129
5.107111
3.785493
1.101611
2.251577
4.936104
2.797313
2.147276
2.569214
3.880471
3.355702
2.969964
5.870587
2.567951
1.682558
4.570417
4.656517
1.527608
2.27213
4.993595
4.3969
1.797698
1.468644
2.688649
5.939639
3.55843
1.85122
3.671987
3.476084
2.73571
3.213123
3.853191
2.448744
3.483154
4.054361
2.827345
1.594928
3.207633
2.37427
4.041078
3.763836
1.314302
2.372632
2.928675
3.98797
2.751146
0.331441
1.107648
5.16494
3.671283
0.3044125
2.429096
6.805892
2.495851
1.067076
4.872171
4.167583
2.950378
4.849582
3.071363
4.09726
2.348961
4.425811
5.557662
2.043535
1.172604
2.315905
2.730122
5.669921
3.096552
1.080594
0.9336277
2.526475
7.258492
2.019135
0.6428807
3.515792
2.523558
5.002251
1.813143
2.455597
5.400546
3.848151
0.7513142
2.587588
3.617681
4.492883
4.743824
2.507618
1.702154
2.761808
5.79706
3.070673
1.436001
2.075988
5.615545
3.968601
1.662779
2.620804
3.938237
4.91007
3.251606
3.635308
4.564657
1.89896
4.127736
5.138677
2.641677
1.652467
2.180257
4.682742
4.470705
3.392975
2.553359
2.536054
4.402344
3.120883
4.117751
5.312685
3.075432
2.28063
1.37029
3.700886
5.467465
3.113553
1.390554
2.465997
4.346538
3.84115
1.910163
5.254252
4.647586
1.843628
3.618265
4.729414
4.674309
3.203398
3.426575
1.902439
3.732542
4.067568
3.611532
2.72835
2.213048
2.448654
4.152343
3.763525
1.577471
2.608399
4.449702
2.283221
2.876763
6.034555
1.378328
1.59802
5.010673
3.713073
3.385066
2.544871
3.335787
4.193944
2.201335
5.476939
2.79437
1.756654
4.463758
4.033759
2.393083
2.893872
4.342142
2.858597
2.264832
3.683024
4.877322
1.210758
0.9707241
2.2602
4.183054
2.400748
2.949056
3.707789
4.229449
3.312583
3.40692
2.856155
5.96319
2.20226
1.06799
3.011603
5.46269
3.614069
0.8755888
3.875319
2.964776
3.455534
4.809896
2.572878
3.381445
2.570969
3.356472
2.818866
3.619165
4.441165
2.77926
2.556973
3.590701
3.53459
3.218895
2.576573
4.345688
4.119214
1.818678
4.450004
3.324382
1.566399
3.310416
4.049832
3.307717
1.533434
2.975231
6.698604
3.127532
1.509367
3.038546
4.732965
1.89105
2.910263
3.966004
3.054046
2.187993
4.52428
5.357939
1.40478
1.819
6.065216
2.170325
1.13654
2.678743
3.844904
4.814224
2.475881
2.003358
4.194039
3.269925
1.904703
2.932994
3.602079
2.641864
4.059622
4.77913
2.798558
2.328106
4.733493
3.169035
4.135042
2.804522
2.821002
4.33306
4.598138
3.28454
0.9484726
2.185559
3.407055
3.605915
4.766618
1.417702
2.835044
4.975477
2.91077
3.346847
2.712055
1.359054
2.037178
5.110636
2.680182
1.39628
2.679096
2.506554
5.544569
2.685946
1.603369
4.199434
3.874894
2.972795
3.332674
4.992593
5.252279
1.051671
2.04345
5.541287
4.358483
1.283473
1.88413
4.018003
4.179615
2.074828
3.364715
5.541924
2.387809
1.433919
3.25651
2.370889
6.104551
2.661612
4.061814
3.884156
3.003721
4.229556
3.041653
0.9966855
1.378393
3.816398
2.740946
3.993303
4.87034
3.247397
0.3574739
3.09884
5.007675
2.382068
0.7871481
4.502299
6.251123
2.49062
1.264592
0.9782218
2.889971
6.023521
2.622838
1.098514
2.685908
3.968613
4.308675
3.464772
3.725777
3.845841
2.819552
2.61421
3.051713
3.849828
2.6656
4.310536
1.944393
3.289762
2.116516
3.222094
4.1919
4.010291
2.973901
6.351183
3.202209
1.396511
3.544369
2.919197
2.897736
2.41557
3.010997
3.847234
2.917749
3.097273
4.916988
2.385561
2.28145
1.644465
4.667809
4.313434
4.730635
2.596623
1.13126
2.111059
3.111712
3.512823
5.173562
2.719904
1.49755
5.65614
3.619108
2.145239
1.21166
2.861551
4.347666
5.002163
3.415662
1.72764
3.846061
4.944748
2.860415
4.447686
2.321205
3.589527
3.186443
3.475428
4.465196
2.322679
4.259965
5.432902
2.249815
2.138984
5.894835
3.960445
2.136885
2.823945
2.447646
5.198764
4.521185
2.039507
2.494292
3.329987
4.698637
2.192466
2.815419
2.685401
2.545593
3.046929
2.120038
3.36178
3.643188
4.043967
2.169649
4.101651
4.131919
3.787633
3.213368
1.524038
3.26995
4.563008
3.855547
2.78832
2.087076
3.922351
3.809638
3.443688
4.863533
1.676472
2.927453
4.270858
2.915436
1.323745
2.74256
4.435196
2.864319
4.059
2.744595
1.932221
4.862716
3.14241
2.472728
2.95183
3.920262
4.760602
2.327867
2.240057
2.644545
4.0875
4.499102
2.26974
1.596709
3.533906
3.687513
3.790271
2.621596
3.220719
3.567845
3.976159
4.207373
2.949479
3.203427
4.315102
4.285659
3.783442
2.472627
4.095345
5.137105
2.275209
1.672641
3.91607
4.968716
1.905353
1.692932
2.385358
4.287661
4.397956
1.713152
2.641609
3.369391
3.205116
2.829371
3.918079
3.743497
0.794578
2.141179
2.659557
3.024954
3.226178
2.204833
1.353304
3.203908
5.633035
1.830433
2.358508
2.934039
2.658813
5.847082
2.180846
1.69075
3.570883
3.103208
3.802832
3.816814
5.166052
1.810827
2.244149
6.561458
1.747522
1.550031
2.463587
3.074167
2.79684
5.563412
2.356555
1.672596
1.999379
3.333454
2.99401
5.675892
3.533229
0.5685208
3.346659
5.051654
3.087904
2.768435
3.108494
3.031125
4.400065
3.913381
2.626383
3.456394
3.329883
4.185527
3.243958
1.66802
3.247811
4.902686
4.631371
2.422274
2.973687
1.726072
2.963586
4.810506
2.213508
2.668564
2.53382
3.769784
3.76126
2.281848
0.6318166
2.304241
5.088269
3.615522
1.636304
2.40826
3.832386
4.937511
2.0365
0.7031701
4.946774
4.834143
3.194268
0.9479866
1.150978
2.305781
5.122834
4.794248
1.64625
1.007643
3.128906
4.836546
3.046627
2.917861
2.217053
3.322833
3.669881
4.261182
4.073569
2.175821
3.851205
6.047612
1.894325
4.325709
2.697306
2.717858
5.737997
2.126973
3.371418
2.238394
2.591373
4.861822
4.275437
0.297086
2.126903
4.303529
3.187361
2.738984
3.776174
3.59105
4.053639
2.035254
4.952904
2.932471
0.9821554
3.981888
4.246634
4.644781
1.454928
2.904795
4.693641
3.549731
4.295539
3.765796
1.902744
4.088867
2.304671
1.890059
5.750796
1.808126
2.173423
2.74267
1.793395
4.334644
6.033538
3.270559
1.300546
1.312382
6.314926
3.071587
0.9837543
4.709096
4.350225
1.580105
2.835443
3.554366
3.081639
5.024194
2.608523
2.547775
4.105044
3.055907
3.221685
3.113847
3.009409
2.265829
3.409278
4.630951
2.339833
2.60442
3.208106
4.448645
1.148557
1.475564
3.473631
2.462877
2.361685
3.064806
4.66581
2.169295
2.206188
2.440031
4.326565
2.809164
4.196636
3.987054
1.483277
1.706305
4.56931
4.939674
3.653141
1.189139
2.280157
3.326483
1.46679
4.966468
3.128228
2.768488
2.875227
2.742065
4.433043
3.527055
1.637356
3.498081
6.811329
1.192539
2.141356
2.333145
5.059237
2.246729
1.653807
2.086258
1.812329
3.475554
4.409937
2.215309
1.717307
2.684052
3.734955
3.543202
2.923795
2.481463
2.921582
4.989552
2.014195
2.885492
3.282141
4.058943
2.626379
2.392357
5.094963
3.262286
0.2199598
4.234351
3.706128
2.392462
3.325979
5.992086
3.53498
2.98927
1.964064
2.826744
3.632854
4.50905
2.664185
1.963625
3.070628
5.468475
2.076597
5.552582
2.864585
1.767575
2.220803
3.656359
4.549055
3.834289
1.828563
1.881681
1.264292
4.381862
4.908099
1.80129
1.113216
5.255709
2.370161
2.013927
2.962403
3.733192
3.528817
3.834099
2.809754
1.762035
3.066364
4.483308
4.86822
1.338616
-0.008517674
3.970452
4.895869
3.704741
2.522696
3.191129
6.255932
1.736124
3.209721
2.879527
3.737773
3.421758
2.740292
2.73058
7.509301
1.692957
0.297565
3.374947
3.30802
3.788985
1.635675
3.341947
4.659449
3.61343
2.089267
3.251889
2.217074
4.359353
3.180324
3.439176
3.703551
1.923874
2.829859
2.538338
4.207257
3.084255
2.862756
3.209797
2.03935
4.508723
3.782903
1.703159
2.155464
2.90005
6.040306
3.137972
1.863529
3.897342
4.205315
4.992424
1.272333
2.481632
5.548746
3.580184
0.7095646
1.248795
5.269627
3.885135
2.804904
3.622965
3.809707
2.647555
1.29284
4.003926
4.506034
2.242326
3.26478
4.459787
2.761842
2.177886
4.254337
3.312684
3.970049
3.064749
2.047272
3.420818
5.187866
2.550307
1.857996
2.665487
3.369632
4.359092
3.248755
1.395547
3.190097
3.453949
4.149903
2.231468
3.257171
3.531717
2.191575
2.778205
3.249312
2.696081
1.50433
3.433009
1.467596
3.187973
4.304468
2.108207
3.317102
4.354799
2.229499
2.023943
4.672114
3.158849
4.433639
3.158424
2.629136
3.48834
3.706612
5.176115
1.665906
2.418516
5.50714
2.389956
1.861517
2.517006
3.985235
3.758121
2.51382
3.340709
3.871169
5.183644
1.351117
1.533448
6.906715
1.639087
1.11374
1.911292
5.246928
3.082392
2.341241
1.550334
3.023077
5.697721
2.544251
1.400374
2.648012
5.504067
2.386416
2.456146
2.619811
2.348813
2.981642
6.202191
4.440066
2.515648
2.307307
1.403289
3.143369
5.508527
2.580158
2.268044
3.021417
2.353326
4.646857
3.763062
2.419813
3.180658
3.30077
3.507644
2.966972
4.302157
3.856443
3.559794
2.930694
3.650849
2.466382
4.450901
2.980483
1.807141
4.124943
3.693767
3.94379
1.199373
0.942543
3.042944
4.771739
3.319961
