25.09029
24.27824
24.58687
24.01498
24.81213
24.95401
24.65524
24.60176
24.6151
24.55119
25.58923
24.82143
24.58028
24.53378
24.16091
24.10356
24.9511
24.08667
25.01647
24.98014
24.76627
24.20669
24.65644
24.87588
24.04362
23.54512
25.19201
24.70062
24.87505
24.47574
24.75165
24.38827
24.25477
24.47445
24.02871
24.69032
25.14898
25.4147
24.39876
23.94187
24.71457
24.46479
24.5795
24.48312
25.42358
24.49085
24.65814
24.26381
24.38093
25.55187
24.86104
23.67907
24.78847
24.76822
24.75226
24.29038
24.83082
25.08006
24.77155
24.67608
24.46128
24.47857
24.75351
24.55274
24.59112
24.43577
24.80456
24.73103
24.59158
24.73444
24.18385
24.75529
25.21433
24.35761
24.70649
24.99487
24.54885
24.68732
24.55638
24.60293
24.13436
24.81861
24.38928
24.16435
25.22011
24.76691
25.09848
24.48005
24.80909
24.71525
24.31441
24.65117
24.5695
24.60505
24.79156
24.55563
24.43891
25.1897
25.09182
25.14795
24.71426
24.63251
24.47936
24.47629
24.30802
24.93567
24.6651
24.61684
24.96959
23.97167
24.75888
24.46338
24.79977
25.12849
24.48763
24.78009
24.82536
24.60898
24.37689
24.84166
24.77644
24.30126
24.34114
24.76403
24.4809
25.22122
24.12924
24.64741
25.28797
24.85455
24.64161
24.88133
24.48184
24.72511
24.26919
24.775
24.57546
24.45441
24.5084
24.61037
24.68058
25.47444
25.17649
24.79171
24.74774
24.05183
25.26894
24.37115
24.76732
24.43816
24.43127
24.51992
24.72358
25.90383
25.12076
24.68852
24.68651
24.63519
24.77687
24.66044
25.30262
25.02359
24.7736
24.24865
24.61445
25.34234
24.17758
24.09829
24.49304
24.54185
25.26214
24.83837
24.74748
24.54122
24.55863
24.58847
24.7649
24.28729
24.578
24.84132
25.0171
24.86793
24.99382
24.1803
25.09984
24.25726
25.05321
25.02483
24.51587
24.814
24.5835
24.65034
24.98089
25.23001
24.69875
24.35383
24.79374
24.79597
24.90922
24.59012
25.40296
24.22433
24.7191
24.53689
24.59964
24.75015
24.56992
25.11457
24.73466
24.55881
24.81337
24.42632
25.11219
24.92924
24.978
24.24041
24.91102
24.79755
24.19909
24.86153
25.03261
24.37585
24.55201
25.25075
24.51924
24.68929
25.46496
24.8213
24.57081
24.71658
24.33526
24.42135
24.37478
25.32594
25.57513
24.80478
24.36701
24.57155
25.03532
24.63196
25.08226
24.81223
24.82278
24.56056
24.51416
25.18476
25.06209
24.88079
24.40372
25.03641
24.68509
24.6309
24.96391
24.78746
24.39507
24.83245
24.71379
25.11724
24.85037
24.15503
24.71181
25.59395
23.97498
24.52836
24.45642
25.6692
25.46139
24.988
24.71212
24.27722
24.57863
25.2454
25.09235
24.99074
25.27972
24.94656
24.96597
24.81974
24.39763
25.18404
24.65914
25.081
24.69965
24.79996
24.93504
24.30387
24.85716
24.64903
24.92462
24.96185
24.91747
24.78868
24.66524
24.98181
25.02063
24.75631
24.32831
25.1156
24.51566
25.00777
25.28596
24.74243
24.49022
25.0571
24.88488
25.19139
25.252
24.81343
24.54331
24.24109
24.82585
25.38822
24.54122
25.02212
25.10926
24.55275
24.58962
24.78549
25.21639
25.28454
24.56182
24.68445
24.57772
24.83699
25.16912
24.90546
24.39254
24.4072
25.0208
25.42996
24.88321
24.89214
24.34929
25.20438
24.38965
24.85495
24.68901
25.24335
24.72106
24.85202
25.16983
25.03369
24.7369
25.06676
24.80555
24.85578
24.86237
24.59935
24.95154
25.04741
25.06706
24.71624
25.38662
24.71064
24.77728
25.07708
24.68339
24.63143
24.71713
25.49347
25.34152
24.30402
24.77854
24.59763
24.27914
24.76216
25.32852
24.82413
24.75668
24.73295
24.97654
24.22798
24.97394
24.21412
25.38139
25.36218
24.6467
24.98226
24.64739
24.6635
24.99412
24.57692
24.91082
25.10624
24.90589
24.29237
25.28097
24.36514
24.33375
24.53101
24.72496
25.28464
24.92212
24.73743
24.59378
25.19427
24.97754
24.53739
24.88986
24.62912
25.16323
25.38389
25.17609
24.22411
24.90784
25.19325
24.4195
25.12108
23.91493
23.98251
23.91276
24.80695
25.33994
24.94793
24.88968
24.66545
24.95752
24.45083
24.50858
25.56755
24.94977
24.90308
24.76937
24.79702
24.93473
24.37259
24.27709
24.59047
25.04217
25.15266
25.34409
25.13014
25.13167
24.73603
24.21621
24.93252
25.04423
24.37502
24.67778
25.06192
24.87286
24.85727
25.10886
24.29509
24.46449
24.69552
24.92558
26.13544
24.78051
24.66874
24.80812
25.48776
25.45842
25.03586
25.17291
24.351
24.71363
25.14669
25.18014
25.36428
25.17763
24.60498
24.70646
25.47263
25.0814
24.86168
24.87429
25.14837
24.79262
24.55361
24.91697
24.91867
25.09065
25.18409
25.15246
24.61552
24.76974
24.6616
24.92385
25.13843
25.3462
24.55618
24.72558
25.00462
25.43666
25.3359
24.60564
24.72738
24.5915
24.73098
25.32403
24.74637
24.72888
25.15037
25.14611
25.0856
24.39316
25.6481
25.41272
24.7815
24.90364
25.18647
25.2918
24.9981
25.00786
25.03812
24.76593
25.76842
25.45517
24.04765
24.48025
25.36909
25.26902
25.43221
25.72655
24.14204
25.12764
25.16356
25.08355
24.35359
25.17342
25.06656
24.73586
24.50746
25.20494
25.68381
24.94428
24.6702
24.64659
24.80569
24.52557
25.02501
25.83743
25.56903
24.90956
24.73776
25.03104
25.23995
24.79186
25.2374
24.95277
25.09078
25.1903
24.66676
24.80267
25.09122
24.79036
25.47432
25.32799
24.91505
25.08213
24.69652
24.48495
24.7641
25.28525
25.13642
24.91483
24.41373
24.76237
25.14344
25.07665
25.3005
25.09215
24.74953
25.12732
25.03947
24.9344
25.44792
24.35978
24.97561
24.92811
24.82677
25.15137
25.07644
24.65236
24.65413
25.03853
24.7308
25.3681
25.46589
24.76805
24.54565
25.05776
24.96188
25.20615
24.76205
25.17282
24.36046
25.43056
25.55019
24.92906
25.0763
25.42233
24.34655
24.93348
25.07291
25.22249
24.83529
25.4021
24.58735
24.66501
24.85028
24.17525
24.97055
25.02711
24.8349
24.85941
25.66661
24.89009
24.71885
24.70951
25.04826
25.48722
24.76512
24.3397
24.86133
25.04878
24.53451
25.29315
24.72267
25.33387
24.93846
25.38914
24.51843
25.29465
25.40982
24.44942
24.90495
25.34911
24.54924
24.82514
24.89882
25.04974
24.87057
25.16889
24.72898
25.38577
24.87729
25.37316
24.91536
25.62477
24.7796
25.60738
24.79678
25.16927
24.97315
25.40298
24.41966
24.92259
25.11901
24.57174
25.46683
25.65947
24.78698
24.6167
24.97756
25.63473
24.90883
24.43323
24.67353
25.33126
25.4452
25.36034
24.77341
24.90512
25.28452
24.85993
25.11505
24.26607
24.91034
25.39884
25.07275
25.29413
25.55821
24.53298
24.89708
24.42105
25.37152
25.24829
24.76608
24.8683
24.69524
25.56339
25.29566
24.49494
25.12832
25.20086
25.10306
24.74487
25.10086
25.34569
24.55008
25.024
24.82315
24.98639
25.44021
24.42602
24.483
24.88371
25.40519
24.69481
25.51925
25.48373
24.91153
25.10663
24.99435
24.47527
25.07974
25.22424
24.83575
25.75656
25.32401
24.60507
25.25017
25.13108
24.7476
24.39352
25.18446
24.95501
25.24831
25.63882
24.98799
24.74866
24.66954
25.01093
25.6469
25.36548
24.46154
25.0334
24.81018
24.81293
25.28808
24.67238
24.63986
24.72076
25.91183
24.64977
24.82275
24.9856
25.55698
25.5916
24.71541
24.68821
24.64107
25.34439
25.18344
24.5004
24.51807
25.09827
24.77253
24.73475
24.99664
24.73853
25.04514
24.67688
24.66895
25.07957
25.32057
24.357
25.35943
25.1661
25.00505
24.91356
24.42292
24.52572
25.13967
24.91904
24.69355
24.59771
24.58348
25.3457
25.08917
24.80694
24.79048
25.09785
25.44826
24.87518
24.48294
25.00758
24.65913
25.4399
25.08474
24.4771
24.28693
24.74864
24.95802
25.29888
24.8318
24.66389
25.12865
24.70795
24.10957
24.57376
24.94833
24.62244
24.7104
25.23043
24.76411
24.5839
25.04386
24.56074
24.88586
24.39267
24.75018
24.85122
25.12276
24.81437
24.67842
25.39629
24.85099
24.74714
24.48372
25.32994
25.49516
24.65365
24.78587
24.90275
24.95998
24.84201
24.90239
24.66956
24.8373
24.8535
24.8538
25.24361
24.71711
24.63342
24.53716
24.86828
24.8862
25.25813
25.23396
24.57037
24.20971
24.90942
24.88074
25.13642
24.76459
24.93498
24.34752
25.28305
25.54737
24.81879
23.85126
24.54873
24.69694
25.11302
25.18814
24.84614
24.80511
25.19649
25.11712
24.72003
25.13623
24.5848
24.96528
24.28878
25.40077
24.58069
24.93363
24.49959
25.05637
25.16026
24.70937
24.7504
25.0834
24.61255
24.52602
25.66367
24.09823
25.19055
25.15907
24.91407
24.61615
24.97438
25.03745
24.88974
24.72248
24.71252
25.24628
24.53845
25.03627
24.6388
24.94486
25.06151
24.95103
25.04621
25.10531
25.05017
24.64244
24.9201
24.9367
24.80472
25.44162
25.17332
24.24091
25.11297
24.9067
25.10011
24.83751
25.07516
25.74903
24.41056
25.05578
25.46937
24.92265
24.24488
25.15072
25.41965
24.1451
25.54751
25.62958
24.32339
24.39937
24.74859
24.47875
24.99173
25.33202
24.97279
24.73071
24.8603
25.21923
24.9035
24.83369
24.7267
25.50127
24.98078
25.16814
24.60284
24.65003
25.10975
24.97983
24.66979
24.8998
25.21634
25.44605
24.91782
24.98218
25.08224
24.81104
24.69559
25.14242
24.41787
25.03688
25.48835
25.14261
25.01622
24.6636
24.43665
25.6737
24.80996
24.87961
25.5981
25.48087
24.37416
25.27666
25.38777
24.57965
24.60165
25.05705
25.02413
24.24015
24.68666
25.20329
25.35382
23.8833
24.25577
25.17174
24.9998
24.48735
25.40122
25.55074
25.19522
25.09487
24.68855
24.87512
25.14833
24.53877
25.09073
25.60259
24.95137
24.59624
24.72712
25.29022
25.6758
23.94655
24.92796
24.48352
25.23067
25.28595
25.11626
24.87143
25.11892
25.01588
24.95812
25.45468
25.17557
24.77326
24.98839
25.23018
