-2.85767
-1.676523
-0.9597475
1.970843
0.4778528
-1.656122
-1.051034
2.105821
-0.9935877
0.164869
0.7242225
0.9129096
-1.179836
0.001923705
2.017019
1.450884
-1.955425
-1.845663
2.808222
0.7871455
-1.376262
-3.073895
0.4110528
2.297628
-0.2015831
-1.785212
-0.1572598
1.958316
0.1630402
-1.598024
-0.8616356
-0.01135128
2.037332
0.3769826
-0.2993501
1.724827
-0.7402952
-0.4350191
1.785724
2.518669
-0.6254747
-2.901628
0.5382203
2.873391
0.1900405
-3.659024
-1.512287
2.168595
1.248606
-1.989646
-1.132365
2.098775
2.153773
-0.7687762
0.1163943
2.920717
-0.8511814
-0.3230437
1.254286
1.708658
-2.496817
-0.664193
0.3046759
1.170234
-0.416401
-1.187738
-1.948521
-1.883885
-0.005630967
2.619999
-1.632293
-1.738816
-2.181016
-0.1160874
3.176216
-0.2644681
-1.530523
-0.9066208
0.6813048
0.8567824
-0.6414912
0.4020146
2.455839
0.3527279
-1.438313
0.5027871
-1.534091
0.4475192
2.023799
-0.2886243
-1.980686
-1.64512
0.4309079
0.5804684
2.388981
0.5687199
-2.133444
0.1820197
3.704248
0.6156564
-1.902856
-1.467997
3.099704
0.5933068
-2.632276
-1.498163
1.078667
0.5037004
-4.101182
-0.314833
2.424215
-0.5767494
-2.004604
0.7257004
1.872006
0.09061406
0.72002
1.562566
-1.048369
0.7000896
2.958793
-0.4782023
-0.4446699
-1.073211
1.371704
1.074526
-0.4173684
-0.3631824
-0.8025436
0.8228517
2.590747
0.05693693
-3.008373
0.4258133
3.577445
2.206836
-4.457708
-0.4341267
-0.6445361
2.004614
-0.3068761
-0.9447149
1.295769
1.690239
1.123067
-0.5061178
1.904751
0.5160096
0.09081443
-0.3635561
-0.4611995
1.636841
2.592509
-0.08238135
-1.694209
-1.929471
0.3015114
0.8673716
0.3490607
0.7120177
-0.2458083
0.5973085
2.439044
-0.6885854
-1.207752
0.5107369
1.983058
1.220159
0.1840647
-0.8291408
-0.5356683
0.3507406
1.426285
0.2251233
-2.559779
-1.063885
3.287571
0.181869
-4.540352
-1.703279
2.485671
0.01416275
-1.49675
-4.211856
-2.461363
1.853001
2.553389
-2.399958
-1.386169
0.05622778
1.279844
2.352446
-0.7486942
-0.539157
1.617449
1.497885
-1.186306
0.7992306
1.468422
-0.5024807
0.03562612
2.837071
-1.675081
-2.003282
1.993619
1.671319
-0.9843316
-0.9548118
-0.6969168
2.329529
1.346181
-0.4650161
-0.03596656
-0.5575309
0.5409348
-0.5448819
1.395348
0.5505439
-1.952274
-1.556542
1.841659
0.1586583
-1.969858
-0.4948737
-0.6998855
-0.7737532
-0.4946134
0.1236947
-0.6739602
-2.803711
0.05718033
2.909087
0.3480461
-2.787808
-2.67884
0.4018771
2.705971
-0.7351071
0.4092892
1.179049
1.67656
0.8503051
-0.289831
-0.002535067
0.6005641
0.6974656
1.180286
-0.116357
0.460269
0.6459069
0.797348
-0.5928748
1.188868
-2.338774
0.3275637
2.375239
-0.1367721
-0.6054562
-1.164777
-0.8888297
-0.658159
3.867149
-0.4532982
-2.22628
0.03912377
2.588307
1.280702
1.174592
-2.562825
0.8900343
3.426551
-1.105388
-0.6885053
1.713131
0.411314
-2.288733
-0.7202102
-0.05737772
2.583618
-1.329449
-2.530227
0.5328549
2.045455
0.4935397
-1.064217
1.336593
0.2519825
0.4596816
-0.2723449
-1.025388
3.034647
-0.3784873
-2.406591
-1.98739
-0.5562087
-0.1733928
2.382993
-0.9730355
-2.177451
-0.2839398
-0.07474478
-0.857848
2.271578
0.6926423
-1.63747
-0.1956884
1.61293
0.729162
0.04587416
-0.2652667
1.190735
0.8197573
0.3739944
-0.1474831
-1.518896
-1.971741
-1.035431
0.08654692
1.274215
-1.528555
-0.4211099
0.1070742
2.555185
0.02791067
-0.01770458
1.810032
1.544466
0.8329048
0.6520952
-0.2460135
-0.2312512
0.1471434
-2.214682
0.8862441
3.271386
-0.189041
-2.336016
1.999402
-0.1687288
-2.293099
0.3986186
0.6468986
-1.550113
-1.650824
-0.2591197
-0.6518497
-0.5574185
1.803937
0.9755856
-1.949952
-0.3918923
-0.3156272
-0.5612698
0.4586895
0.4126738
-0.6625867
0.08456114
-1.606282
-1.337237
3.040159
0.04360447
-2.4877
1.028058
2.497883
-1.94795
-0.2022173
1.583582
2.120808
-1.161996
-0.3704537
-0.5174435
1.775489
-0.07879984
-1.373553
-0.5770624
0.4660602
1.593067
-0.9616714
-0.7763855
0.2898552
2.224469
-1.779582
-1.275948
0.8706976
0.8882367
0.5046031
-0.9658293
0.9923959
0.8838097
-2.623631
0.4701668
2.82576
0.3203753
-2.060436
-0.7499797
-0.2465878
1.401309
2.436271
-2.114353
-0.4495068
-1.651793
1.266558
2.409233
-1.210393
-2.448032
0.09629887
0.5193086
1.977586
3.348981
-2.443841
-2.523002
2.426543
-0.5113944
-0.1154809
-3.370366
-1.405225
2.230404
1.469672
-0.640944
-1.146176
1.234373
-0.3481946
1.129235
0.7487453
-1.367738
-0.3764834
1.613534
-0.1909995
0.5321132
-0.7448946
0.5227308
-0.1646993
0.5968904
2.020706
-0.3804921
-2.224742
2.542194
-0.3362439
-0.5409632
-0.5483127
1.25046
-0.2283135
-0.8103155
1.536994
1.208552
0.1221242
-1.000067
0.01574867
-0.316769
0.2210713
3.330598
-0.7860382
-1.737816
0.6048459
2.41989
-1.562145
-1.564055
2.029165
1.018939
-1.237724
1.124158
0.7391658
0.4436875
-1.599453
-0.04328189
1.353133
0.3988872
-2.551384
-2.172262
3.41414
0.9757369
-1.761625
-3.072857
-0.6400024
2.276263
-0.1206015
-2.972896
-0.9709451
1.472105
-0.5467895
-2.101418
0.9185596
0.4447694
0.4613924
0.2040243
0.197195
-0.7556064
-0.9913896
2.532895
1.913773
-0.466375
-0.6981822
1.614106
-1.232109
-1.066166
3.027542
-0.2954536
-0.3366531
-1.253448
-1.364228
-1.154493
3.131392
-2.909918
-2.650428
1.784204
-1.598531
-0.877227
1.192008
2.308392
-0.01922207
1.062353
0.8411708
-0.927364
-0.1847684
1.113407
1.569712
0.4932878
-2.139304
1.25227
3.649111
-0.2686038
-3.717398
-0.2739681
-0.6188613
2.548831
-1.418517
-0.05740774
-0.8087605
1.201951
0.4254309
0.4890263
0.8029824
0.7625113
0.01128341
-1.817677
-0.2379867
1.17552
0.6785336
-0.7037757
-2.066305
-1.126223
0.572148
1.411486
-1.168619
-2.029312
-2.448443
1.4001
-0.2543952
-1.59066
-0.1465451
0.9292485
0.2034866
-1.323579
-0.6918612
2.470358
2.21183
-0.8731285
-1.2599
1.407196
2.098245
0.1862015
-0.7580678
1.642397
1.055737
1.115939
0.6195983
0.4432929
-0.9083264
2.564512
0.3732588
-0.06697772
0.3793625
0.9923754
-0.5324479
-0.963786
0.585315
1.107742
0.6454561
0.6571204
-0.2443378
-3.184033
-0.001265086
3.542909
-2.553736
-1.249043
1.403335
-0.6317765
-0.2319606
0.935392
0.6355491
0.6002727
-1.168039
-2.740351
2.210556
0.4434441
-1.356008
-0.4625326
0.7918068
1.551138
-1.224786
1.204325
0.1043115
2.264362
-1.464496
-1.248186
1.413342
0.08763795
-1.751879
0.09764895
1.900551
0.8840901
0.3628283
-0.5216735
-0.9965439
-0.2416971
2.755705
-0.1122866
-2.631577
0.34278
1.311545
-0.1524009
-0.209777
0.7352933
1.382246
-0.8958476
-0.7036293
-0.5879252
2.418792
-0.1542021
-1.533254
-0.979355
1.553245
-0.1281464
-0.4027117
-0.4562034
0.008439505
-0.1725662
-1.052128
2.491426
-1.316457
-1.651594
-1.428366
-0.2347703
0.5089418
1.187141
-0.7483535
-0.1322401
1.153123
0.7139755
-4.616747
0.132724
1.882314
-1.543417
-1.061734
0.810992
0.3295075
-3.076644
-1.673236
2.867808
0.3124457
-2.127737
-1.72225
0.3657699
-0.4270037
0.4778107
-0.8139381
-0.109426
0.3011925
-0.3146748
0.6386282
1.538551
-1.503163
-0.5423555
1.845791
1.25249
-1.029506
-0.0980574
1.062583
0.05526878
0.5483429
2.929738
-1.906645
-3.997177
0.2325946
1.337527
-0.3442625
-1.575374
0.1534116
-2.281642
1.07362
3.119586
-1.720544
-1.621319
-0.9356332
1.510207
1.220237
-1.315494
-0.6012604
0.760657
-0.8620643
-3.067771
0.4527843
3.322599
-1.747391
-5.045892
0.289001
1.643259
-0.1259625
-1.502882
0.142825
-0.3054259
0.3095269
1.363619
1.055307
-3.086735
-0.1366649
0.4363521
2.374008
-1.4581
-1.496412
-1.773751
-0.9041394
2.191017
1.468593
-2.277739
-2.283952
0.03846236
3.149205
0.7403086
-2.316619
-0.505285
-0.344477
-0.1291895
0.9059209
1.045118
-0.272164
-1.402344
-0.05286225
1.300006
0.3600417
-0.659076
0.1426301
0.4882768
0.03300719
0.8266167
1.085909
0.342111
-0.9129736
0.4050307
0.7890137
1.690546
-2.530138
-0.7258622
2.188659
-0.6713542
-2.083122
-0.6234549
-0.207045
-0.9257492
-2.112542
-0.7289554
2.32016
-0.5147565
-2.174516
0.4141924
1.804615
0.8283717
-2.129332
-0.1633438
1.281101
-1.87616
-1.886384
1.333898
2.119455
-1.022009
-2.901552
0.1804158
1.916234
0.1952187
-1.816531
-0.3676777
1.527615
0.830382
-0.9128215
-0.7308394
2.578221
0.9661591
0.3301714
-0.8535436
0.7669466
1.00144
0.2956398
-2.77008
-0.5458387
1.137565
-1.002432
-2.933824
0.29393
-0.7197297
-0.9437243
2.837238
-0.24514
-0.682892
-1.067972
0.6231813
1.585499
-0.2508344
-0.6619031
-0.2339678
0.6896232
0.3946765
0.1697272
0.5039876
0.7686055
1.817438
-1.818759
-0.5568179
2.539577
0.1421429
0.1320827
0.5234804
-0.3217564
1.856078
2.022636
-2.859713
-1.237602
2.757406
0.1614783
-1.900201
-0.1472528
0.1997716
1.282447
-2.044099
-2.663699
-0.08251118
2.263916
-2.732173
-2.36984
1.456127
0.4976334
-0.6153693
-1.218192
0.9621435
0.076127
0.2112487
0.4273387
-0.06219483
-1.415112
-0.3530711
4.121712
-1.095245
-1.852596
0.05922242
-0.70659
-0.5720809
1.151442
1.234868
-0.2683206
-1.958758
0.6048925
0.4135923
0.2178238
-0.9365254
-1.067261
0.5405851
1.893745
-0.05229073
-0.9833978
-2.187363
0.791747
1.689285
-1.224914
-0.0575153
-0.2119024
-1.096035
-0.4960642
1.638449
-0.03012961
-1.347456
0.5437263
-0.4291415
1.349967
2.182782
2.062359
-1.649705
-2.693552
1.871071
1.857139
-1.362932
-2.143175
0.4315609
0.2313238
-2.664051
-0.4477397
2.664549
-1.082374
-2.949449
-0.5920624
1.773543
-1.191056
-1.12512
-0.4498589
-0.9944197
1.071879
2.377693
-3.652774
-1.87099
2.412962
1.622935
-2.935414
-1.760563
2.543084
1.047096
-2.282045
-1.537823
0.4449095
0.1302668
-1.027105
-0.05934569
1.704377
1.299115
-0.9007744
-1.8259
-0.4576034
3.560003
-0.05996734
-2.216994
-1.488651
2.819521
0.2313493
0.7195205
-0.6338118
0.1150747
-0.6382991
-1.186685
1.687546
1.077972
-1.007318
-0.8897704
-3.062665
-0.2439146
2.611107
0.9234129
-1.892203
-2.050142
2.076684
1.161744
-1.208573
0.1294502
1.320697
-2.472087
-0.8307976
0.9775131
0.2395812
-2.629506
-1.916898
1.432201
0.2792065
-1.754724
1.776125
0.04586506
-1.745288
1.281912
0.1145063
-1.420223
-0.5229931
-0.9674753
0.1657462
3.19957
-2.270412
-0.7948555
1.832658
-0.3593902
-1.432729
-0.9290627
0.9821604
-0.6806793
-1.522054
1.482475
-0.9870389
-0.7032831
-0.6760386
-1.019576
2.257759
-0.5513856
-0.7830384
-1.646599
-0.7444469
-1.332332
0.4314349
0.5403534
-0.8343348
-1.73197
2.290497
-2.177085
0.8635176
1.852065
0.7133994
-0.9014791
-0.3981214
