157.8229
158.1939
155.933
159.0956
162.0369
158.829
155.9489
160.2188
162.5604
159.1439
157.7781
162.2705
164.0819
162.4517
161.1572
158.1863
159.7385
163.5066
164.5242
162.6943
158.0897
157.0626
159.1651
161.7303
158.858
157.6115
160.4295
161.426
160.3349
159.0499
157.5724
158.0518
162.1824
165.1721
161.5993
156.21
159.605
164.3114
163.9566
163.3141
159.7464
158.8895
162.5979
161.8548
160.2461
155.8091
158.4244
162.1323
162.3095
160.1132
156.4855
157.1334
161.7502
161.9601
161.3541
160.1784
162.516
161.7275
162.6267
162.5091
161.6614
162.1867
162.1513
164.5612
164.4046
161.636
159.0924
163.1718
164.7289
159.749
159.524
162.401
164.3635
159.5272
158.8464
163.006
163.1317
161.8438
158.9907
157.6063
162.6558
163.6742
161.1507
161.7776
158.4344
158.856
161.4855
162.1973
164.6879
161.5326
161.2128
164.0903
165.1198
161.2623
156.5731
157.9403
162.3896
160.9455
160.8594
160.0966
160.6707
160.6534
160.7932
157.4606
159.0574
159.1831
160.6169
161.506
162.1902
160.0275
160.5338
161.9193
162.1315
157.4404
157.0922
161.8518
164.3911
162.7578
160.5403
160.1472
163.6678
163.0151
161.0412
159.5002
154.351
159.1078
162.8485
162.0553
159.7719
161.163
163.7278
164.794
162.5995
159.4664
160.0912
158.2041
159.7936
162.4435
160.8169
157.7308
157.1579
158.48
160.5069
162.9585
160.2167
161.5492
162.9491
162.8884
162.6654
164.6109
161.7818
158.8845
155.8878
159.8367
163.5326
161.3704
157.0654
158.8381
161.8981
162.5055
163.134
161.3086
163.804
161.5495
159.838
158.4803
160.2027
161.0604
159.9301
156.5707
157.9796
161.8296
163.1959
160.9897
155.2725
159.5657
163.3498
163.634
159.626
158.6906
158.2716
160.5999
160.0722
160.6129
164.6923
163.239
159.0302
161.8514
164.8342
165.7165
161.8914
157.123
160.8082
164.4321
165.641
162.0319
163.1906
163.0009
161.4763
164.3491
163.7645
161.8528
163.0077
161.9541
158.9287
160.8904
161.6019
164.4209
160.9135
163.4434
161.625
161.0336
164.0167
163.3475
163.385
160.3784
160.7545
163.276
162.9547
156.0522
158.7739
163.7124
162.4569
161.8205
157.076
157.1805
161.06
164.3781
161.3616
159.8811
158.9979
160.0904
161.3549
163.382
162.1999
162.2587
161.8991
160.1256
162.7864
162.834
160.037
159.5827
163.5542
165.0433
161.983
161.0953
164.3693
163.8253
160.85
162.8175
166.8497
161.9692
155.9819
161.8826
164.6997
164.3083
163.5363
160.6993
160.483
160.8966
162.5479
159.2917
159.4829
160.3215
160.8141
161.1824
161.3172
160.9884
162.6772
157.5213
160.7666
164.4706
164.6973
162.2885
162.4179
164.3587
161.4253
158.3073
161.2146
164.4037
162.455
158.3064
161.0296
164.5647
166.0854
162.4946
163.1295
163.5822
159.5578
162.0726
164.6795
164.9277
163.1364
160.8331
162.6457
167.5938
166.1531
163.0085
161.8157
164.8403
166.3382
159.3142
160.8803
164.0555
164.6594
159.9442
157.9804
162.6833
162.2623
159.9058
163.2798
163.3219
163.4872
161.7401
164.4658
164.2818
162.8738
163.8187
165.4571
165.664
164.2053
163.2318
163.5122
164.3912
164.1908
161.6122
157.3913
157.6755
163.0636
164.2234
160.064
161.9294
163.4476
161.9047
159.6954
161.9761
164.5712
163.1673
160.2304
159.289
162.2079
163.7381
160.3082
159.2021
162.8996
159.6319
159.3551
163.8521
160.9949
155.5621
156.4169
163.0116
163.8912
163.2647
159.2768
159.9239
163.5217
162.189
163.699
164.4489
162.9595
163.2671
163.8423
161.5013
157.2385
160.8363
163.7545
163.1768
160.5685
161.5586
162.1984
161.5889
164.2204
163.4126
158.0203
161.6654
162.0246
161.9862
162.6983
163.9039
163.6087
162.7304
162.9514
158.4124
159.9873
165.9905
164.2731
160.9043
164.5302
165.9128
160.4699
160.8953
165.0063
161.5296
159.7284
162.3733
164.9515
163.2864
161.8344
163.4568
162.6925
159.0666
157.7355
158.9477
161.4365
162.9469
163.3057
162.3497
157.2592
148.7125
151.8196
156.3076
161.3447
160.0462
158.8153
158.1373
164.2984
162.7687
157.9659
154.4095
158.6528
163.7438
162.5744
163.8548
162.538
161.623
159.3851
160.6617
162.5483
165.3055
164.8519
162.7787
160.5361
160.86
162.081
161.1617
160.0164
155.1844
160.1332
163.1927
161.9158
163.7365
162.2249
162.0407
162.2438
164.0363
158.2486
159.5399
165.0047
164.7104
161.8732
160.1545
162.8022
163.5269
161.754
161.0328
157.4348
160.9789
164.8896
163.8117
160.1004
162.6114
163.934
160.4452
157.148
155.6839
161.9455
163.3602
162.8985
160.6054
159.5875
156.165
160.3446
165.0121
164.1271
161.215
157.2631
158.5188
163.872
162.2957
162.1567
160.6128
160.3858
163.3957
166.4179
166.3838
165.449
161.5126
162.01
162.7233
162.9933
159.7322
159.5824
164.0454
162.6996
162.6507
161.6364
162.2561
165.1901
164.7335
162.4858
164.6417
164.2713
158.3431
159.0641
164.8791
166.1996
163.4111
161.4656
159.7451
160.5755
162.6113
164.1268
163.2456
164.3163
160.4647
161.0604
165.9986
163.4985
163.4693
164.7081
159.7213
159.3561
164.8161
165.2531
161.056
161.1147
160.6272
162.4285
160.6132
163.7606
166.8157
164.3855
163.9319
163.2066
165.3217
164.2449
163.7253
161.7652
160.5478
163.6626
166.9668
164.9131
160.4369
161.7
165.1992
163.7896
163.5547
164.0853
164.7034
161.7825
159.5898
161.351
163.7785
163.9868
159.0902
159.964
161.7024
162.9624
161.5397
163.0015
161.1684
159.6581
164.1826
164.2741
159.675
159.8343
164.3432
164.9586
162.0679
161.241
163.5666
164.1646
164.9142
163.7472
159.759
158.1868
161.6949
163.439
164.6907
163.1601
154.741
159.15
163.2513
163.694
155.8337
155.9995
161.1278
158.7758
159.3668
164.6316
164.3056
158.7764
156.6716
161.4613
165.1974
164.2609
161.1498
163.1923
163.0671
160.483
160.203
161.6015
157.5102
154.6471
160.7756
161.3957
161.374
163.4294
162.0511
160.0558
160.0904
158.2327
164.5987
164.5809
162.6768
163.5508
160.0964
161.3829
164.7726
165.481
161.1299
162.5896
163.871
165.0493
165.1396
164.704
157.6434
158.9751
163.6546
163.2479
160.4585
160.1443
162.0495
164.9952
162.8179
163.5052
158.407
160.155
165.5112
163.6858
159.6553
160.216
164.1414
162.1932
163.5602
164.7413
161.8673
162.0098
162.7982
161.4769
163.2628
163.5724
160.4405
163.4131
165.4452
164.0374
160.1406
160.3781
165.181
166.0787
156.7252
160.188
164.172
164.559
161.3331
159.162
163.9148
164.7038
161.036
162.1077
165.2982
166.5044
165.9276
163.0523
161.4532
160.5301
165.0632
165.0036
163.2478
158.6391
159.7467
161.7458
162.6622
164.8559
163.2193
158.6589
159.4012
164.2652
166.8026
165.8475
162.1369
161.7906
165.4382
166.4786
163.8472
163.0819
164.7008
165.4971
161.399
162.4207
167.087
165.6326
163.2514
162.6357
158.7133
163.3174
165.2449
164.2446
163.9493
163.9161
161.5553
165.951
163.8397
164.0646
161.8651
160.4053
158.5044
163.4962
164.4366
162.7611
158.4092
156.7675
161.9899
164.5448
160.4124
162.8658
156.798
162.3041
164.8711
163.8733
162.2989
163.3508
165.2751
164.0082
162.5597
161.6678
161.0482
162.6812
163.6012
163.9512
163.2092
162.0032
161.1877
164.3657
165.5607
164.9028
163.1742
160.3224
163.7984
165.0914
156.0837
157.2224
159.9271
160.8639
160.0353
161.433
161.3642
160.7465
158.5037
162.7368
165.3859
161.8217
157.2276
158.6821
162.9243
162.7679
161.1621
161.1223
161.8607
159.5414
159.678
161.3815
164.1995
161.0987
159.5945
162.9001
161.6447
161.1719
161.9691
157.8829
158.7035
163.8538
162.8355
160.6116
155.4358
161.3447
162.7923
161.5635
159.4617
155.1189
152.7901
156.1638
161.0586
161.1897
159.8931
159.2065
160.2359
159.7459
160.9889
164.9829
164.594
159.6638
160.5109
165.2511
165.7645
163.9208
162.6007
162.1966
165.9596
164.6995
165.5464
159.7584
162.7362
164.5367
162.7319
161.2343
159.8904
160.7132
164.22
162.4452
162.7216
162.4318
158.068
155.7006
159.6764
161.2836
161.1319
157.965
161.4856
163.5652
161.5176
159.0209
159.9023
164.0031
165.5476
164.0193
162.9416
162.1433
163.3714
162.078
161.6173
162.9898
160.8995
157.918
160.1309
163.1976
163.6146
160.5539
163.061
161.7038
161.8714
164.9299
159.0772
156.0826
162.2533
164.3797
161.3119
160.5714
161.5668
163.3998
162.6997
162.8029
164.075
163.1808
164.7308
164.0648
163.3155
162.489
159.4662
158.8211
161.3815
163.7227
163.4631
162.6563
155.8057
158.994
163.6375
161.9898
159.1858
160.9901
163.7328
162.1404
157.8908
164.1328
161.7038
159.8002
162.0308
162.9415
164.0867
162.6586
162.7413
159.3397
160.5254
164.6427
162.9591
159.5455
160.4586
164.6882
165.0586
165.5531
162.7265
162.1172
161.5671
162.8171
164.1058
164.6981
161.2007
161.9209
165.6951
163.4695
160.8291
153.0592
156.1582
161.6642
157.4883
154.5782
158.4872
159.7664
155.3109
157.2071
159.8841
161.6501
161.2408
157.9324
159.6297
163.7662
163.968
163.418
162.069
161.794
165.1736
163.0172
156.932
158.4913
163.5976
163.8137
163.1155
159.7229
159.1621
160.1019
161.7986
163.3101
164.1367
161.349
161.0432
163.9734
162.4923
162.7065
162.2269
158.6064
162.0833
165.0528
164.6766
159.6763
160.906
162.5627
163.6324
162.5638
160.07
160.8435
162.0315
160.9676
161.7672
160.5591
158.0791
156.5009
159.0016
155.4
154.7939
161.1655
161.403
162.1031
162.491
163.189
163.4153
164.475
162.0269
157.7166
159.2021
164.353
163.1709
158.7651
163.7903
164.8724
161.0325
158.5377
162.4563
163.9368
162.0135
163.2673
163.5705
159.772
161.3796
163.329
162.5441
160.8928
162.4103
164.8915
163.2109
