157.0405
158.8464
161.5515
162.3538
161.7956
156.0443
155.5273
156.4907
159.7631
162.2218
161.8011
160.6459
162.8045
161.7632
160.6949
162.3916
157.941
157.5441
161.5584
162.1165
161.7228
157.1331
159.639
163.3753
162.2733
161.0282
163.2056
158.0596
158.2241
161.3137
163.7533
163.5772
162.668
160.3781
161.2731
163.591
163.2502
160.0977
156.2069
160.1989
163.8945
163.3005
161.9992
162.427
161.4846
162.5399
163.2179
162.8886
163.5638
159.6711
159.192
158.416
154.5889
159.9105
161.5804
158.8963
159.4365
160.3722
163.8608
162.552
162.202
157.4774
157.572
162.8289
164.0231
160.48
161.9442
163.0853
160.1403
161.1465
157.0069
157.6173
163.3244
164.0756
162.524
159.4564
162.316
163.4219
157.828
156.9055
161.774
161.9688
156.6699
158.106
159.3828
155.6208
157.7844
162.9615
163.5246
160.7766
157.1431
159.0804
165.5826
165.9531
162.4536
161.6101
158.3935
159.6857
163.884
165.3488
163.3025
157.0146
160.4027
164.1711
161.2052
157.7252
158.9342
164.2426
159.3062
157.4032
158.3513
161.942
162.1063
161.3726
161.0792
158.9229
157.7834
158.5086
160.0348
163.5038
162.5959
163.7163
162.0596
163.0518
163.5688
163.8074
156.6153
160.9434
165.9899
165.7152
162.3388
161.6228
160.4718
161.9112
158.9996
162.8536
162.3952
156.9543
157.8169
161.7066
162.2882
158.5604
157.7017
161.0044
156.5963
157.3344
161.8371
162.4734
158.3656
159.409
160.1237
158.9898
159.7581
161.1556
161.2742
160.0238
160.4921
163.3374
161.7371
160.4807
160.6761
163.6707
162.6261
162.0929
157.953
159.3883
164.9338
162.4188
161.3611
155.8997
157.9808
163.7053
164.4986
160.6651
158.7105
159.2898
163.583
161.9716
154.5008
159.089
161.5313
160.328
161.7351
160.5852
157.8219
159.9953
165.4702
163.9128
160.5705
156.2079
159.2811
164.6967
163.8875
161.588
160.4281
157.7006
159.5131
161.2382
164.5414
162.6727
161.164
160.2534
158.775
159.4896
162.3085
163.339
157.8823
156.9573
161.0565
164.0786
158.3644
157.9951
163.7262
163.9863
159.0669
162.1153
165.3081
161.7493
158.453
161.5762
166.4035
164.9399
164.1573
158.1637
160.4294
162.7355
164.5015
162.0176
159.4603
163.1917
166.016
162.6678
159.148
160.9758
163.6435
160.339
157.3234
161.9757
166.0516
162.41
161.9389
161.1461
163.5677
163.4145
160.5299
160.4559
161.5513
162.6261
163.1368
163.5957
160.2716
162.0278
164.8686
161.3394
158.5099
163.2359
165.4384
163.2523
161.6674
161.8942
164.4028
162.2604
160.0795
159.4441
163.0759
165.53
160.5887
159.8464
163.8336
161.1232
154.8783
158.5205
163.4651
163.8025
160.4134
159.9516
161.5634
164.8991
162.7495
158.091
159.6811
162.5737
163.4407
160.1698
159.493
160.6449
161.9634
163.3945
160.4704
157.0335
157.5925
162.8548
164.3977
163.1771
161.2564
159.4239
160.618
161.8708
159.9142
162.8216
162.7142
160.1548
161.5919
163.8273
164.0064
163.1566
158.1259
161.3707
163.4188
162.5771
162.0722
161.0084
158.9713
159.917
163.6747
163.4032
158.5929
160.5374
165.2509
165.098
163.5726
163.7159
162.8315
164.7671
160.6652
156.8382
161.096
159.3056
160.0024
162.5387
162.3293
164.4764
162.4818
162.6645
162.2638
163.3154
162.5869
160.838
160.5658
161.8582
157.3994
160.5772
161.9923
161.9234
157.6795
158.3739
161.3719
166.9723
164.4808
165.2617
161.6505
159.5984
162.1732
165.1866
162.4161
161.5612
164.4445
164.3819
159.3497
163.1958
165.3322
164.7892
161.6466
162.2765
156.7863
161.0079
162.7112
158.5927
158.1191
164.6225
164.3351
161.7378
160.2837
161.8098
163.8793
164.615
161.7066
156.731
162.0082
164.7363
162.7069
162.1463
160.3314
160.768
161.7702
157.0348
158.7333
163.8578
162.9792
158.6429
158.9299
161.9214
158.7718
160.1509
162.2844
163.274
162.7168
162.2923
156.2517
161.2411
161.9091
160.8522
159.9063
159.231
157.7335
159.682
163.2601
163.4284
157.8352
146.8821
151.0261
159.8891
160.6284
157.847
160.2812
158.1228
158.728
163.1693
164.5086
161.235
157.1976
157.624
160.7123
161.3099
163.6968
161.3773
159.3811
160.7472
163.9507
163.2548
164.5292
164.2724
163.9117
160.6636
160.7751
161.7823
158.0606
157.4102
162.8216
163.6285
161.0398
158.8473
160.5479
163.5548
162.9309
159.1071
161.9224
163.7501
164.9046
164.5867
159.7491
161.4279
164.9998
163.5475
162.6103
158.1967
162.4166
164.4231
164.453
160.7031
161.0249
162.6344
165.2024
165.6689
162.2821
159.7675
162.1528
166.3374
164.7681
164.1279
160.3922
163.2989
164.1875
164.3566
163.8171
163.2966
163.6178
162.1163
164.9323
161.6627
162.5421
162.5971
160.7051
163.1096
163.7079
164.0606
162.9322
158.4032
161.5397
161.5571
162.9215
163.4282
161.6813
159.5606
163.4714
163.0246
163.0035
161.0528
158.7482
159.0285
164.2309
163.6123
159.4587
157.3563
160.9677
163.4998
163.5506
163.9473
160.3664
161.6473
164.7062
162.9156
163.7991
161.1523
159.7401
161.6908
165.618
163.3694
160.5508
159.8535
160.4076
161.2341
161.7077
158.4477
161.2746
164.4202
165.0085
159.4438
157.5802
157.3766
163.1143
164.0895
157.4771
159.7868
163.2324
165.4979
161.2179
161.8522
164.4087
162.9003
157.2473
160.0838
165.3639
165.385
162.9239
161.0982
165.9787
163.3524
164.1837
162.4345
161.4025
158.2104
163.494
166.3148
163.3049
162.4802
161.1515
161.2847
162.4401
161.7506
162.6879
162.2484
164.1001
163.9332
161.5944
157.5152
159.8341
163.332
164.5939
161.8031
159.0143
160.3934
162.6478
162.5864
164.2008
163.3999
161.7285
162.7839
164.2146
164.0143
161.7318
162.7496
163.5617
163.3495
161.2117
159.1002
159.847
163.6506
164.1306
162.4252
161.6784
163.9889
162.6494
164.4669
161.0235
160.3682
164.3157
161.0833
158.4765
162.5027
163.5148
160.1832
157.3043
153.876
153.8797
158.0677
162.5914
162.9728
161.1452
160.2017
158.7564
161.8018
163.0446
162.647
161.6879
165.3208
162.8565
162.813
157.5944
160.2153
164.735
163.9559
160.9182
160.3957
163.8995
165.256
161.0915
155.8901
160.2371
165.1385
164.3021
157.9182
156.6906
161.9079
163.3697
160.538
161.9707
161.9762
164.593
162.4178
160.2726
160.6673
161.1323
160.6306
163.5601
164.5192
164.0676
162.158
161.383
160.2475
162.2358
161.9815
162.8203
162.3174
160.1849
160.1204
161.9859
164.2856
164.704
163.8861
162.4327
162.0165
160.0186
162.7946
164.9073
164.3236
161.8904
157.189
160.5099
163.9288
164.5431
158.9734
159.8907
163.644
165.3435
165.1602
160.4287
158.8603
164.0884
167.7504
164.7755
161.9533
161.201
160.5588
161.7628
164.3568
163.915
163.0247
166.677
164.2533
165.0254
166.3979
162.5778
161.7636
159.6821
162.2933
165.2407
165.2683
162.1294
161.8219
160.1191
161.9598
164.1979
163.2494
163.3126
162.8295
160.0246
160.1515
163.3088
165.9715
162.9888
157.6057
159.9667
163.7545
161.767
160.5138
162.9642
164.1432
160.7902
163.8139
161.2548
161.038
166.0144
167.0654
164.4471
161.0267
163.8812
165.7709
167.9946
165.3126
163.4856
162.527
165.6742
164.1875
163.3049
161.9388
163.6488
158.5857
156.7879
162.779
165.0061
165.452
161.8694
160.0098
163.699
163.6608
158.0055
157.9844
159.4852
163.1637
160.9979
153.5885
157.0617
161.8294
162.5491
159.8234
161.0117
163.5042
162.1544
159.0863
160.506
163.9775
162.4404
159.8735
159.3685
159.7604
157.1127
158.8355
163.148
162.3667
159.8911
159.6421
159.9272
162.9003
160.2497
160.3936
162.7092
163.9221
156.8189
159.4335
162.7793
164.6021
156.2792
157.4438
163.3829
161.6291
163.166
161.3199
161.6522
160.0731
159.0652
159.0869
156.2287
156.8581
161.8989
163.3663
164.2314
161.6507
156.2518
159.1452
163.5536
163.5726
157.0763
160.1505
163.08
164.4613
160.6301
158.3799
162.6146
164.0441
160.4692
163.0284
163.6715
161.7502
161.0301
160.3042
161.7752
163.2555
159.9638
159.6153
160.7932
160.7141
162.6867
162.4179
161.1431
156.8052
158.7513
161.8688
161.2541
163.2761
162.2485
159.5916
159.0934
162.2654
159.6409
160.9045
163.1418
163.617
163.1359
161.9697
161.2344
163.7948
163.1396
158.993
155.6659
158.1756
163.471
163.015
162.2702
164.5959
161.5484
161.509
161.0489
155.7379
158.5321
161.2792
162.4274
161.4914
161.5949
161.6976
164.5717
161.5142
160.9655
162.3475
161.0966
161.1861
158.1594
159.5129
163.6355
162.7224
158.566
159.4075
163.7674
162.4395
158.5522
163.0246
164.4118
158.9869
160.547
164.0989
161.6967
161.9477
163.0134
163.4339
161.5285
158.7235
157.5747
161.5629
163.545
161.7865
160.4021
160.1338
163.2283
163.5571
157.2264
161.1753
163.4012
163.3105
160.3173
162.5113
164.6471
162.4964
161.6847
162.7604
163.6251
163.9327
162.4499
158.5647
163.3548
165.6956
163.3503
161.0048
156.392
158.0738
160.4255
161.3476
161.6586
161.9623
162.728
158.5723
158.0957
160.5236
161.4403
162.3177
161.3452
162.8367
161.189
162.3535
163.331
159.909
160.5523
165.4136
164.1127
158.7981
159.7811
163.032
163.9413
164.4703
164.38
161.5856
160.1898
161.2568
162.7353
162.0912
161.1681
163.8543
161.826
155.6545
162.4512
165.6091
164.4096
164.1812
161.155
162.8431
162.2629
162.9975
164.4606
163.3311
163.1242
161.0733
155.1655
159.2781
164.2615
163.9912
159.1477
154.6166
152.244
157.8379
159.3961
160.1902
159.3362
161.1568
161.9434
163.9855
163.1584
161.3861
159.713
162.1555
161.6604
161.5758
166.1631
164.81
157.0273
160.3699
163.8503
160.7893
157.5225
160.587
161.5483
155.1939
160.1788
162.9169
163.1239
162.5193
159.0771
161.0404
163.2326
161.6602
163.5542
163.4057
