157.1965
154.4835
159.3706
162.198
156.3688
154.167
160.338
161.4657
152.8944
158.2361
162.8864
162.5703
161.6504
160.1078
160.9711
162.3013
156.1947
159.4541
163.4656
164.1526
161.5869
155.1046
160.9305
163.4741
164.8797
157.8279
157.9263
165.0432
164.3811
162.3635
159.3108
159.8726
163.0086
165.0389
162.2632
162.0842
157.0417
157.743
161.2616
163.7506
162.7595
163.8026
164.5274
164.955
160.9851
159.69
160.6097
161.2822
162.1443
163.4707
162.3376
158.7191
157.0725
158.9025
162.2163
161.9327
161.8705
162.2322
161.4787
157.9052
159.8761
161.0888
158.991
161.041
162.5738
161.3312
163.5153
162.7122
162.4509
158.9914
163.0901
164.3187
158.7673
159.2739
162.0684
163.574
162.8727
159.3454
158.0669
160.7538
161.3293
158.2065
159.3213
162.9947
158.464
159.0857
158.2676
162.9358
162.2932
158.4187
156.7564
159.6366
163.2883
161.5029
156.3075
156.5598
162.2021
162.9785
159.5239
157.0441
154.8023
158.9958
163.7715
162.6783
161.4843
162.3565
163.5525
161.903
157.2127
158.7464
163.1815
162.6706
159.5528
157.1258
156.7387
164.3629
165.2733
163.2047
162.1949
157.3448
157.3072
160.1109
162.7477
162.6724
157.2268
157.65
161.8614
160.4884
158.4373
161.7553
164.0428
160.7757
161.3247
161.6049
161.4359
161.8276
164.4944
163.6027
159.3831
158.1894
161.1931
163.6253
162.1116
158.9129
157.1808
159.2395
157.6885
161.1052
163.183
158.5869
160.307
161.9713
159.8825
159.2864
161.7557
159.608
160.5829
161.9079
162.6327
160.0227
159.203
161.5699
162.6114
161.3204
162.6806
161.5854
160.455
159.8518
160.6979
159.7719
162.6133
163.5696
162.7168
162.1932
158.1603
157.8166
164.1608
165.4842
162.6572
159.2652
159.5923
162.3689
160.4858
158.5425
161.9697
162.8527
158.1065
157.1709
163.5439
164.3442
161.1871
158.6897
160.2714
161.1173
160.6832
161.9132
161.1114
162.4819
162.5301
163.2672
163.7769
163.1792
160.4959
159.9893
161.9689
161.3996
163.5706
164.2486
162.1656
159.777
162.2677
164.6521
158.2533
160.2536
164.412
164.8328
162.3822
156.175
159.3943
161.3163
164.6224
162.7089
162.4582
157.925
161.4494
162.1402
163.3233
161.4476
157.4845
160.241
166.2223
166.5543
159.6511
155.9513
158.6197
166.0799
166.3812
160.0091
157.0752
161.6575
164.8106
163.2225
161.7318
163.7415
163.611
163.305
162.4162
160.0738
163.8742
160.298
157.9245
162.8313
161.3912
158.0476
161.5458
162.9834
162.8186
163.1102
159.8789
160.1962
157.9245
162.0607
163.381
162.7812
162.6507
156.4849
160.112
163.2909
161.9493
162.7649
162.2347
162.3053
159.0276
158.6319
164.4359
164.4312
157.8557
159.6746
162.5677
163.8194
162.7661
163.8214
164.6855
164.523
163.4862
164.2161
161.7585
161.0061
165.2806
165.0341
159.162
159.9456
163.6296
163.5938
163.0302
158.0822
160.0709
163.9149
166.1369
165.0487
162.2272
162.6771
159.9296
162.5121
165.1343
162.8006
161.0285
160.4221
159.7747
163.0922
165.3103
162.9846
160.8377
161.9833
159.6645
160.5428
165.0305
164.7536
159.5986
159.4441
158.4809
163.1634
163.9196
161.4767
160.764
162.8526
163.878
158.0975
159.6604
158.7074
163.1545
163.1362
161.2884
163.222
162.6635
162.7086
164.1449
160.466
161.9056
164.4336
163.5008
158.0803
160.2502
163.503
164.7461
161.4172
155.3105
159.4583
163.0245
161.294
160.5311
164.5329
161.8035
161.1851
163.3772
160.8784
161.665
164.4908
164.6508
162.8212
163.0435
161.8952
163.1248
161.9265
156.442
157.5753
163.2242
163.4904
160.1631
156.373
159.9161
166.2642
163.8403
163.73
163.4329
162.2377
161.1447
162.7974
159.6255
161.019
159.3046
162.5811
163.4529
163.6519
161.4826
162.4551
162.8834
163.0485
159.6172
159.6416
160.2652
161.3103
163.4816
162.1836
161.5994
162.0945
161.2381
158.6427
161.2831
164.3034
161.716
156.2454
159.5723
162.8541
162.4389
160.8045
160.9178
160.7586
160.6522
148.9842
150.5147
156.6216
158.8823
159.1402
159.2663
159.4803
160.8434
159.9834
159.0063
162.4272
161.0439
162.0307
159.9838
158.7973
165.3125
162.085
153.2714
154.9753
157.8732
163.2481
162.6906
161.1284
163.2799
160.3122
159.4926
158.5277
160.5483
161.9431
162.7013
161.9302
163.7733
164.8677
162.9978
161.3671
161.3805
165.4655
165.9717
165.4895
161.9247
160.0255
163.5526
159.6823
162.0162
165.4206
165.0455
164.5402
162.9949
162.1887
164.1811
166.8541
164.742
162.3816
161.208
163.0862
160.9806
158.6609
160.6796
163.0284
163.2232
162.6821
162.4591
162.7514
161.0518
164.9087
165.5245
163.1595
162.2151
162.8553
164.0605
160.1789
163.9551
163.8401
164.2076
162.9911
163.0869
163.1229
159.9415
162.0697
164.0429
162.9371
161.2008
161.3042
160.8595
160.4976
162.803
166.1626
164.5034
163.8636
164.4305
163.8493
157.283
159.6239
164.4641
165.017
163.9259
157.8261
156.0813
162.909
162.6325
161.5461
163.8092
158.1521
155.0817
161.6787
164.167
162.9633
160.8957
159.4338
160.964
161.7996
163.118
160.3924
161.3329
165.775
165.4633
161.6382
163.072
162.5671
162.8739
160.7455
162.335
164.1765
166.6434
164.8831
164.2127
162.3322
163.118
162.6631
161.7899
166.3044
163.5883
162.2049
161.8559
159.6817
159.969
163.6642
164.1359
161.504
161.2722
164.5812
160.8918
160.5509
159.8114
163.4106
162.2128
160.4137
161.4205
163.8108
164.6684
165.7894
158.1696
159.2379
164.4691
163.9094
159.8685
158.3174
158.7862
162.648
163.795
161.5269
161.9569
163.2748
162.0348
161.3737
163.7209
160.024
159.643
162.333
160.6165
160.7093
162.1514
159.1531
161.4664
164.2325
163.3059
159.689
156.0356
159.5845
164.6142
162.9217
163.0746
163.6622
164.0447
160.5879
161.1395
163.6381
163.4046
163.8152
163.4832
162.0636
158.6713
162.0101
163.9932
158.7424
156.7681
158.9849
156.8959
159.1425
163.2659
161.3019
158.7627
159.7479
161.328
162.4398
163.8837
163.3296
161.8769
162.7042
163.3244
164.3674
161.1799
160.4499
161.7794
163.5719
163.3623
163.0188
161.8346
159.4114
160.7682
160.3181
158.52
160.7932
162.4249
160.7899
158.9385
159.6851
162.5912
163.343
164.6876
166.3377
164.2433
163.6822
159.8911
162.2584
165.2062
166.6288
165.8072
156.9219
161.2861
164.8362
164.436
157.6178
158.621
163.2392
162.2837
156.7104
157.3743
162.3693
162.6615
163.5793
161.6303
162.459
159.4954
161.178
163.3342
164.1585
161.566
160.7382
163.0282
162.8291
162.1263
166.1506
164.6918
161.6751
164.601
165.0241
163.2771
163.621
164.8182
163.9669
166.0673
166.0348
162.4874
162.7299
164.117
164.4387
162.6563
165.5025
160.6447
160.5423
163.7302
165.0764
156.744
157.1482
163.2196
165.2805
162.9423
161.8511
161.665
162.694
161.9293
162.3933
165.6236
163.3305
163.024
163.9846
163.2177
160.7807
164.1473
164.259
164.5421
162.6397
161.5312
161.9859
158.6896
158.645
162.359
164.2939
162.2436
158.5898
162.6228
164.6501
162.5613
163.835
165.04
163.0768
157.082
159.6834
163.4979
161.7706
158.7048
156.4101
160.9782
164.0646
161.793
155.0225
158.1084
164.4164
164.4176
157.0594
157.6347
162.4757
162.667
161.688
156.8387
159.3243
165.4004
162.3848
159.0757
157.1958
159.6073
159.4319
159.0004
158.9606
163.0218
162.6547
163.7261
161.123
157.0158
159.6591
162.1332
160.2619
158.6644
159.9563
162.5498
162.2391
161.5129
160.6485
160.9975
160.4366
161.2787
164.9672
162.1013
157.1409
155.5187
162.3667
163.9626
162.2985
160.5295
160.3383
164.4664
161.2099
161.4564
161.6051
158.6606
157.2204
159.9725
163.4354
156.8107
156.1065
162.7241
162.2395
157.9271
157.9298
162.9821
159.936
158.0302
159.4939
162.3347
163.6395
163.1459
159.4922
161.8042
164.1327
158.5731
159.8607
162.3873
163.4779
165.1146
162.1935
160.7278
157.8362
161.4954
164.0745
163.6467
162.4236
161.9402
161.784
159.844
159.5464
160.4082
162.8166
160.7921
159.9498
164.0536
164.2296
159.5686
156.6198
161.4944
164.7977
162.7141
160.5912
159.471
161.5235
163.8088
164.4975
161.0079
160.4555
164.3411
164.1253
161.411
160.4901
162.3656
164.0903
157.961
155.3564
160.1881
161.2371
163.9864
158.9361
159.7677
160.1326
158.8184
160.8096
161.0651
157.1801
158.9006
162.9283
164.285
162.2293
162.1677
160.7684
155.1706
159.8763
164.953
163.2039
156.5422
157.7132
163.1656
162.3395
154.9694
155.8665
161.674
162.2977
158.2073
161.9046
162.7789
161.764
157.0438
159.7189
162.8567
162.4706
160.4611
162.4541
164.2486
161.1625
162.1688
162.9705
162.7371
159.6212
158.6735
162.0735
165.7773
162.2789
160.7057
162.3854
165.4924
159.5766
161.7151
163.2286
163.7364
163.0021
160.7782
161.3006
162.1007
161.9105
160.7411
158.9442
160.9216
162.8502
163.1944
159.2787
153.1646
157.3747
159.3263
160.1121
161.3509
158.59
158.3841
160.4211
163.1727
161.349
161.6682
161.8022
159.7423
163.1971
166.0185
161.9703
160.2391
160.492
158.3845
158.571
160.4748
163.2469
161.5361
158.459
159.7359
165.6344
164.7607
165.3068
162.4429
163.6021
163.5626
163.6989
163.7555
163.1634
164.8285
161.8542
164.6585
162.8098
162.8789
164.4685
164.5436
164.2531
161.1419
160.9781
162.7003
164.6806
162.3162
158.8127
153.8637
157.7337
162.9996
163.3322
160.0527
156.3336
149.8626
154.5961
159.8825
163.1968
159.6544
159.0811
160.4803
162.7608
164.7826
164.2509
160.84
161.4342
165.4178
165.2765
164.0787
162.6644
159.8861
158.0977
161.7749
163.2635
158.6803
155.4151
159.0425
162.6957
161.5714
157.1874
158.3174
165.0873
165.7662
161.809
160.734
166.0533
163.6416
164.6612
