54.49534
55.00261
56.47427
57.51589
57.54067
56.15594
57.10259
57.96185
56.54262
57.43322
57.89435
57.62207
58.21099
57.77053
58.96713
56.79147
57.52792
54.25306
58.29385
60.32016
56.40048
55.0627
55.76528
57.02793
56.687
55.88548
55.54374
58.04197
58.93603
56.64814
55.29563
55.55605
57.76975
58.86876
57.5804
56.5254
57.48608
58.31827
57.35767
56.57137
57.8903
58.72863
55.88021
57.51768
58.8399
57.02853
55.89354
57.48231
59.05249
56.68681
55.26987
57.32987
57.67965
55.4501
57.24268
57.77841
57.10905
56.29893
55.24586
56.77138
56.99866
57.71318
56.65003
56.22776
59.0397
57.2886
57.05532
54.81251
56.50062
59.0751
57.12826
56.75483
57.34052
57.63434
57.46586
58.34198
57.39436
55.72919
56.04747
58.55739
56.77939
54.04512
56.85836
59.23148
56.26308
54.16285
55.99221
59.20741
56.67837
54.3726
55.57103
57.47522
58.76285
57.27992
56.26614
56.15081
56.24248
57.72056
58.83071
57.4347
57.45536
56.68627
58.48934
56.9752
55.70345
58.04149
59.38229
55.90761
56.33395
55.58723
57.99363
59.67745
57.36462
55.89476
57.14133
58.17574
55.80723
54.43228
56.13541
56.85561
58.41954
56.4097
55.96501
57.65782
57.58403
57.35166
57.56754
56.75798
54.80722
57.55305
59.16225
57.50605
56.53203
56.84892
59.35324
55.44437
55.79403
57.97266
58.90784
55.25461
55.78476
58.85328
56.89345
57.14255
56.84506
56.90043
58.2063
57.79322
58.02851
54.92743
57.25433
59.71474
57.56473
55.31849
54.86696
56.18231
58.45404
58.87957
56.32821
54.98121
56.37947
59.4968
57.51616
55.87883
55.87964
56.77803
57.53434
57.88044
58.80299
56.82282
56.80058
54.84453
56.8719
58.99517
57.94276
56.57333
55.80148
55.35312
57.82499
59.02052
57.29004
55.52993
58.22268
58.00441
57.7835
55.12588
54.87907
58.5456
58.77906
55.76401
57.36504
56.35574
56.01561
57.36318
55.46388
55.63734
58.31957
58.29659
56.39014
55.68163
55.95719
57.84109
58.2107
58.1548
54.9624
56.6424
59.33054
57.8988
55.8248
58.23558
59.72332
56.78779
55.33052
57.75087
60.00397
58.27754
56.65361
57.23077
57.36704
58.83619
57.36111
56.1506
58.84917
59.4769
56.59659
57.42492
59.28357
56.67568
56.01085
58.55812
58.04992
57.77137
58.40325
57.54629
58.10251
58.18686
57.05769
55.13839
57.97951
58.82314
58.66071
54.98495
54.99131
56.80776
60.21511
57.82267
55.67964
56.42169
58.46753
58.36427
57.77858
56.17342
57.53169
58.84008
56.68387
56.59281
58.68196
58.85041
56.90815
57.78687
57.33516
55.19814
56.78369
59.64807
57.3677
55.47091
56.12044
58.21781
57.73122
55.15942
58.13371
58.79481
56.95773
55.97203
56.61132
57.71035
58.92115
57.20055
57.74833
56.95825
58.05602
58.35479
57.22073
55.31274
57.81249
60.32094
57.50634
56.42868
55.53299
57.6032
60.25829
57.01353
55.08558
57.22304
60.30025
58.92248
56.53148
57.23693
59.22897
57.24083
57.07668
55.79548
57.25234
59.51877
57.48534
57.43011
57.40308
56.71737
57.76499
57.52904
57.00667
57.18739
57.03079
55.97221
57.73724
59.88161
58.57422
55.44152
56.03361
56.96623
58.72196
57.87866
55.47604
57.66368
59.46026
56.68945
57.5518
56.12402
57.97749
57.50801
57.4921
56.20182
55.39544
57.57514
57.02146
56.12455
56.58906
58.66176
58.95467
57.06815
57.6956
58.00811
58.00793
57.03086
57.39772
58.89706
57.52365
56.54161
55.29461
57.67822
59.92841
58.04264
56.57441
57.01859
59.27571
56.86728
57.58324
58.80784
57.20264
56.95709
57.70525
57.75103
58.04551
58.8847
54.59993
56.94959
59.35077
56.24102
55.47225
55.46908
55.56472
57.22234
59.00599
57.02525
56.2401
59.05318
58.59155
58.06357
58.49846
57.71755
58.13614
57.26588
58.24945
56.49833
56.70102
58.56433
59.48382
57.74911
56.60641
55.48071
57.9531
59.5044
58.30766
56.18865
56.56733
59.09141
55.72532
56.83287
60.15033
57.89367
57.07558
58.03465
58.23152
59.29667
57.75275
56.70766
57.49409
58.60484
58.32529
54.1593
54.06142
57.19639
57.18366
55.70886
56.14751
57.43621
57.6359
57.00537
58.82533
56.89151
56.28696
57.90694
57.89363
59.12201
55.69621
56.4647
56.49008
56.94345
57.74304
56.49337
56.94397
58.15242
58.25422
55.27928
55.69987
57.0793
57.5801
56.73538
54.5451
55.83271
57.91673
59.23601
57.51625
57.73721
57.03609
56.98722
56.53344
58.41399
57.86169
56.69921
57.67036
58.57125
56.91634
58.28538
58.00354
59.24532
58.09293
57.54353
58.33292
57.79897
57.62889
59.43468
59.18979
56.30426
56.53554
59.49368
59.6026
56.27695
56.9432
56.96025
57.95541
59.07376
56.24279
54.94232
57.1862
59.10052
57.24821
56.39968
58.319
55.70804
55.75374
57.57393
57.44085
56.34936
55.75465
56.75829
58.52443
59.03118
56.5197
58.10313
57.29023
54.87351
57.26376
60.06808
58.22359
56.20988
53.81847
58.31536
60.85689
55.95724
56.31947
57.47403
58.38953
59.0508
56.1006
58.26215
58.24383
57.88401
57.79231
57.58487
58.63862
56.47433
57.34876
57.05856
58.47195
58.85088
56.92463
55.30729
57.68534
60.01773
58.23246
56.60359
56.52553
56.4615
58.0981
59.24858
58.65171
56.48451
55.64039
57.83009
60.32201
58.02531
56.64821
56.93204
57.62344
59.3047
55.4217
57.11394
60.22761
56.96649
56.65253
57.54041
57.13828
57.33366
59.52763
58.44976
55.00851
57.90914
60.05521
58.89345
55.3983
55.68497
57.88337
58.72132
58.68882
56.84881
56.96694
56.08701
57.7863
58.52676
58.36446
57.44432
55.58331
57.41358
60.32758
57.16028
57.38737
56.04448
55.48254
58.7221
59.8692
56.86408
57.55916
58.83225
59.87693
57.69969
57.53778
58.39228
57.33477
55.95226
58.41797
59.96277
57.69142
57.53236
57.71156
56.11725
57.85146
58.69971
56.80378
56.27153
59.44306
58.1888
57.03254
58.04079
58.59877
56.07821
56.83436
60.48456
57.63251
55.6049
56.23737
57.73852
59.28828
55.85646
54.40969
56.85891
57.67551
57.94679
58.51139
59.26329
54.6699
57.63567
59.41047
57.51899
56.80394
57.13978
56.29224
56.49044
59.44394
58.48898
56.4015
56.9499
59.43849
56.84079
58.11408
57.82098
58.26038
57.75806
58.0186
55.95359
56.84359
58.98749
57.01726
57.06729
58.32139
56.02255
57.95267
60.58597
57.12778
55.09487
56.73083
59.89384
58.19328
56.16147
57.79853
58.37854
55.32209
56.23512
58.88012
57.7076
55.9966
56.68774
59.19907
57.68586
55.94507
57.35671
56.48104
57.96546
58.21127
58.64352
57.37175
58.22156
56.43642
57.58478
58.80966
55.7909
54.25628
58.94058
59.35906
56.69991
55.72013
55.73354
57.67535
59.33559
57.07612
57.0391
58.29937
59.06773
59.05782
57.232
57.51833
57.69778
57.82545
58.31758
56.77978
59.30697
58.26899
57.49268
58.85106
56.80337
56.90274
59.255
56.58868
54.92698
57.6174
59.9262
57.34123
56.76764
54.88179
57.83667
60.6622
58.69052
55.81867
57.70942
58.40073
58.68009
58.59213
56.58511
57.31139
59.82404
57.26186
57.22753
59.52122
57.275
57.54942
58.69242
57.69271
56.1959
58.85421
60.16675
57.05481
54.96944
57.56981
60.20232
59.34289
57.88461
56.48129
58.28161
60.01606
57.21328
57.5067
58.50957
56.78804
58.6214
58.38152
56.74949
55.82315
56.5734
59.39222
59.03729
55.6108
56.48786
59.53875
58.15531
57.52044
56.73095
57.51918
59.59173
58.42513
57.03743
56.36409
55.49931
57.96463
58.2695
56.40192
55.66364
55.93752
57.79864
58.5534
56.15119
56.84999
57.62204
56.70493
57.08373
56.83636
57.93381
56.29453
57.44423
58.15152
58.16505
56.56954
55.58821
55.61236
58.3832
59.49493
55.80932
56.07754
57.28607
57.8211
57.5599
56.48048
57.48034
56.73801
58.6425
58.16368
56.94666
57.09868
59.0875
56.91581
58.14931
54.82927
57.45613
57.28709
56.88504
56.39537
55.77203
55.28443
58.99259
59.28418
55.75867
56.75661
59.19979
56.707
55.57253
57.68346
60.47474
58.04516
56.02972
56.59239
58.0079
56.38294
57.29641
58.12564
60.0207
57.81891
56.74504
54.89548
57.88513
59.24253
58.2159
57.12881
56.78456
56.71583
58.78733
59.41413
56.97574
57.23077
59.10925
55.24845
57.10966
60.54091
58.08508
54.71959
54.53776
57.94369
60.23282
57.76088
55.81954
58.8961
59.22655
57.34211
57.29372
57.90429
58.47801
58.32127
56.33255
57.81332
60.04943
57.79583
56.62746
55.43801
56.64032
60.39352
57.35741
55.21738
57.80792
57.02391
57.83908
57.47953
57.01089
57.58441
57.35632
57.54922
56.07495
56.51863
58.79498
58.95677
55.33341
57.38393
60.14352
55.66296
55.88205
56.41406
56.5124
56.82655
58.42847
58.26815
55.90465
57.04147
59.21811
56.20277
56.03735
57.9263
58.85834
56.2318
57.32616
59.31345
58.04642
57.04077
55.84127
56.08551
60.34876
57.17284
57.1666
56.84003
58.0641
58.30782
57.46992
55.42696
57.25205
59.75246
58.8736
56.27038
56.96393
58.70951
57.77284
56.42278
57.95088
57.56933
55.19973
56.54983
59.44114
57.61139
54.47513
55.70014
57.08411
57.95541
57.10794
57.52832
57.66945
57.84109
57.3881
56.40263
56.99792
58.9612
57.11628
57.68746
55.55634
56.66059
59.74867
58.65441
56.85963
57.57384
57.21364
56.14553
57.90601
59.72468
56.38089
55.34773
56.83373
59.81052
58.47796
55.87024
58.70522
58.4493
57.86408
57.52989
58.89987
57.64021
58.59792
57.87946
56.30832
58.26483
59.55578
57.86838
57.16774
57.13208
57.97341
56.8428
58.54935
57.3107
57.82497
57.49088
57.03279
58.8895
57.94776
54.79763
54.79917
57.24609
58.38422
57.58184
56.56255
58.58662
56.58755
58.02003
59.87416
58.2724
55.4568
58.01183
59.57077
56.87212
57.40712
58.22034
58.71632
58.05373
55.09442
56.29193
60.34534
57.40901
57.50289
56.4093
57.1959
58.67091
58.80899
57.44567
54.35425
57.95725
60.83607
59.03709
56.2616
