3.665929
3.690042
3.579628
3.729117
4.009589
3.164813
2.662597
2.994304
3.132946
4.308481
3.515871
3.040315
2.673406
3.880789
3.63173
2.977334
2.671219
2.694514
2.951728
3.494163
3.413556
2.747562
2.75491
2.904788
3.041593
3.04616
2.795322
2.709296
3.514377
3.065745
2.735597
2.85302
3.320748
3.452204
2.723997
2.978355
3.119666
2.669932
3.886177
3.728217
2.918024
2.749645
2.939117
2.930262
2.671436
2.836358
2.91475
3.906302
3.38503
2.678069
2.576542
3.906987
3.823229
3.21152
2.76634
2.624696
3.881781
3.989966
3.210947
3.198307
2.66633
3.422424
3.709227
2.926751
2.758995
3.182297
3.311573
3.003366
2.601537
3.278202
4.544102
3.892507
2.970031
2.595928
2.702332
2.616476
3.139124
3.272644
3.819294
3.527488
3.127528
2.849444
3.328592
2.858557
2.989285
3.604325
3.985171
2.892836
2.689811
2.89023
3.27393
3.498347
3.044205
2.661967
2.62194
2.870761
3.741331
3.11516
2.777945
2.976388
3.766044
3.652304
4.456085
3.22272
2.711694
2.86814
3.263566
3.386512
4.584967
3.861666
3.029191
2.93529
2.94773
3.002779
4.153529
3.18078
2.808013
2.777371
2.774622
2.980524
3.83521
3.834827
2.944008
2.79028
2.721434
3.974842
3.406777
2.977291
2.963628
3.283868
3.036633
2.943348
2.70799
2.779416
3.140548
3.418532
3.504242
2.935447
3.273458
3.360959
3.062064
2.993214
2.993319
3.201076
3.318873
4.482932
3.643841
2.994492
2.914804
3.881059
3.361144
2.885224
2.809376
2.765453
3.15515
3.190643
2.971177
3.088924
4.275503
3.547347
2.678584
2.561554
2.92122
3.176487
2.962457
3.025766
2.808323
2.631907
2.876369
3.927651
3.591714
2.745738
2.731233
3.771506
3.522242
2.497085
2.569701
2.640299
2.7498
2.620792
3.911207
3.503132
3.251104
2.829592
3.240704
3.166475
3.765291
3.397318
2.930285
2.715008
2.989462
2.952499
2.951898
3.927986
3.57943
3.137816
4.10529
3.729762
2.982622
2.88748
2.702894
3.169303
3.139036
3.857395
3.158929
2.780552
2.996815
3.284282
3.41556
3.049415
3.146547
3.379621
2.883557
3.248264
2.906081
3.101042
3.214111
4.257516
3.701089
2.686873
2.571342
3.06153
3.800728
4.31373
3.680321
3.039137
3.090599
3.332882
3.609932
3.060915
3.225901
3.768362
3.446476
2.862767
2.871768
3.481975
3.316823
3.211348
2.823754
2.714257
2.905275
3.974475
3.220888
3.224431
3.074976
2.830286
2.641049
3.949806
4.105155
3.181297
2.808009
2.757071
3.468979
4.402532
3.902892
3.02574
2.721755
3.834727
3.638832
2.744592
2.833816
2.973337
3.070842
2.787007
4.093554
3.982733
3.479199
2.624902
2.980032
3.188841
3.14576
3.202269
3.463833
3.394918
4.235559
4.283631
3.588147
2.876601
2.689085
2.714358
2.888028
3.735727
3.667052
2.764343
2.855615
3.022422
2.614586
2.912963
3.014512
2.790227
2.664842
4.321756
3.794561
2.855248
2.865552
3.187665
3.623351
3.136608
2.786123
2.913387
2.732407
3.555671
4.490986
3.377913
2.802845
2.808804
2.855112
3.953898
4.228602
4.182778
3.404428
3.026954
2.860246
3.412452
2.966337
3.212831
4.007049
3.289641
3.131129
2.902239
3.131703
4.33585
4.106435
3.032946
2.686953
3.07794
2.657105
3.441613
3.458107
3.088925
3.009227
2.896586
2.716021
3.769067
4.328153
3.372589
2.690845
2.747648
2.938525
3.020019
4.249299
4.066894
3.537535
2.808874
2.777194
3.272387
2.753005
3.134176
3.192981
2.901461
2.823421
2.916647
2.970773
3.108069
3.212845
3.11092
3.659478
4.489351
3.736863
2.815949
2.836266
2.791998
3.166032
3.901011
3.780746
3.2278
2.464342
2.847998
2.689059
2.744284
2.892766
2.948601
3.030533
3.089926
2.753177
2.844881
3.032688
3.476082
3.33123
2.942325
3.283318
3.545735
3.038475
3.014107
4.421697
3.488557
2.769021
2.67933
3.02987
2.942915
3.892045
4.1468
3.71605
3.100655
4.331454
3.86275
2.826642
2.731728
2.813171
2.957551
3.089886
2.953038
2.760087
2.928476
3.483013
4.038383
3.541285
2.598377
2.876539
4.348535
3.321288
2.681768
2.518354
2.64571
2.890597
3.437221
3.55794
2.881914
3.106344
3.7219
4.248962
3.208131
3.008069
2.908691
3.337717
3.280466
2.890459
2.854867
2.896061
2.677358
2.969024
3.009388
3.147455
3.224478
3.791421
3.785011
2.938668
2.840227
3.05226
3.230133
3.054373
2.66954
3.45818
4.299298
3.549709
3.350739
2.661886
3.209552
2.956879
2.973326
2.877307
3.015472
3.535325
3.022996
2.756744
2.765534
2.869923
2.901872
4.486962
3.976481
3.561293
2.516509
2.626318
2.785733
3.12832
2.821695
2.951845
3.732617
3.614194
3.033477
2.755436
2.723757
3.138639
3.08611
2.921136
3.305812
3.217468
3.091791
3.472855
3.275193
2.977408
3.270879
2.878348
2.901783
2.931881
2.840798
3.016606
3.177845
3.145253
3.050437
3.374271
3.309012
2.980274
4.185191
3.419434
3.028554
2.744002
2.752293
3.592355
3.155345
2.851782
3.505293
3.697949
4.359395
3.619873
2.850609
2.898994
2.896212
3.183541
2.834268
2.778354
3.732243
4.586763
3.349305
2.873571
2.869758
2.898458
3.089622
3.164392
4.543051
3.295286
2.69491
2.96048
2.870847
3.023492
3.620284
4.711174
3.384548
2.86296
2.715007
2.896087
3.280296
4.382581
3.694664
2.727612
2.610409
2.811715
2.861428
2.92579
2.818646
3.34215
2.938333
2.908554
3.719453
4.291447
3.634668
2.691829
2.825729
3.251634
2.750108
2.872123
2.822983
3.092466
3.555577
3.241315
2.936975
2.822455
2.934925
3.238358
3.382715
3.471206
3.503089
3.162513
2.846094
2.854679
3.086746
3.123793
2.832934
2.862455
3.966097
3.605952
2.764872
2.825953
3.600386
3.189918
2.850091
3.550684
3.29162
2.90527
2.753399
2.844486
3.512757
3.410971
3.129397
2.946386
2.598811
4.157852
3.572902
3.137753
3.313308
3.415243
2.787656
2.86672
3.657758
3.256811
2.857969
2.823307
2.831135
4.313352
3.559893
2.714563
2.922288
3.439067
3.314413
2.93004
2.36026
3.54794
3.137989
2.890311
3.384705
3.5662
3.409482
3.873868
2.908374
2.893892
3.043883
2.979658
2.72699
2.73549
3.171344
3.409676
2.855471
3.013119
2.826355
4.378819
3.586112
2.656129
2.637441
3.318407
3.263347
2.68679
2.895375
3.029148
3.302427
3.666883
3.26917
2.804186
2.967985
4.230561
3.591
2.789058
3.115101
3.382506
3.089729
2.928855
2.808463
2.772828
3.668575
4.154885
5.945258
2.939247
3.61706
3.736661
3.179524
2.850471
2.933414
2.913551
3.089242
3.053613
3.788506
3.798829
3.172269
3.342651
3.426795
3.059292
2.787443
2.927264
2.801213
2.879757
3.9029
3.808332
3.025376
2.873181
3.469933
3.586263
3.186184
3.068463
2.89155
4.20023
3.891536
2.915715
2.818153
2.900891
3.784226
3.347638
2.914292
3.027217
2.921485
2.919412
2.831994
2.97852
2.813015
2.870014
3.040904
2.876902
3.348246
3.166369
2.840089
2.889406
3.179714
4.576402
4.054995
2.839958
2.657121
3.047456
3.209089
4.269394
3.356739
2.96776
2.836671
2.70002
2.884051
3.038038
2.855829
3.022489
3.189917
3.777993
3.816369
3.146336
2.707484
3.027693
3.037179
3.689209
2.891627
2.720953
2.889423
3.440599
3.960525
3.832591
3.390493
2.950083
3.211719
2.990594
3.63763
3.45573
3.009837
3.247023
4.204331
3.557384
2.766371
2.963243
3.045381
2.88386
2.802126
3.152107
3.245143
4.409647
3.580559
2.744599
2.944945
2.747916
4.251429
3.363562
3.035053
2.888597
2.915862
2.994657
3.054325
3.016748
3.467268
4.627515
3.83398
2.997756
3.704153
3.800531
3.358797
2.799394
2.759056
3.014207
2.962795
3.04451
4.049392
3.437182
2.919023
4.571974
3.347675
2.533872
2.531372
2.699661
2.803752
3.086742
3.083998
2.719767
3.119784
2.888411
2.831251
2.881502
4.0604
3.776554
2.932402
2.781757
3.207472
3.387856
4.060988
3.395057
3.098926
2.760406
2.775369
4.275679
3.292
2.91
2.99283
2.927539
2.764846
3.168574
3.538427
3.125187
4.375119
3.666286
3.006963
2.704715
2.591709
2.552305
3.27355
4.387449
3.793647
2.814463
2.6796
2.611945
4.303483
3.65407
2.823781
2.740717
3.478766
4.191561
3.495242
2.829226
2.746
2.885482
2.901483
3.396248
3.886785
3.687628
2.999679
3.089325
3.18045
3.212166
3.114535
4.161316
3.738194
2.941126
2.837271
2.991204
3.785154
4.711784
3.357524
3.005362
4.039503
2.840678
2.867565
3.312626
3.040423
3.892514
3.452115
3.096683
2.921395
3.09648
2.837272
2.821882
3.217201
3.385385
3.288211
3.012385
2.878905
3.031001
3.516952
3.559903
3.481684
2.909665
2.826227
3.231417
3.127349
3.633123
3.368792
2.831422
2.881107
4.35379
3.576465
3.070912
2.776465
3.060017
4.354524
3.425305
2.88471
2.998939
2.949133
4.33064
3.973487
3.174488
2.923512
2.908082
3.039656
3.21301
3.249579
2.903368
3.103375
3.048588
4.316874
3.943638
2.776175
2.731827
3.256309
4.230124
3.73039
2.90685
2.783634
2.891206
3.021167
2.889732
3.02533
3.096741
3.370492
3.202194
5.042186
4.397659
3.315537
2.921459
3.101322
4.044364
4.032713
3.250311
2.770414
3.124594
3.770329
3.354503
2.802586
3.129471
3.686783
3.262727
3.170795
3.240393
3.19785
2.90457
2.912549
3.964391
3.329763
2.907593
3.100444
4.626174
3.623164
2.923958
2.846876
3.527102
3.989524
3.554526
2.901858
2.761038
3.116209
4.251276
3.807574
3.101942
3.083456
3.288692
3.490893
3.347768
3.119872
3.062409
3.416502
4.241597
4.523801
3.511055
3.278774
2.777843
3.024354
3.976417
3.822891
2.730144
2.812473
3.140692
3.08785
3.321969
3.031733
3.039628
3.18519
3.560965
4.273493
3.87416
3.344557
3.136491
3.146125
3.027493
3.502013
4.341124
3.605626
2.840228
3.0257
3.458703
3.422668
3.344356
3.001137
3.419442
3.726908
3.594662
3.199743
4.223839
3.62022
3.287467
3.171519
3.524405
3.324921
