155.7698
155.7236
158.8889
159.7519
160.8337
159.9072
161.5903
162.6719
160.6074
161.6361
161.4092
161.6632
164.5778
163.6813
165.7747
163.0363
163.2284
156.425
160.4184
165.2139
162.8974
159.3219
158.0496
159.7552
160.3046
158.8775
157.9389
160.8232
164.7862
162.6908
158.6689
157.1634
160.7038
164.2599
164.274
162.2713
161.0888
162.9496
161.5767
160.7439
162.5839
164.3139
160.809
162.1677
163.6494
162.6198
159.1167
160.5452
164.1427
161.6013
158.4935
159.0199
160.507
158.0364
161.0486
161.9213
160.7028
160.2449
157.3558
160.4821
160.9521
161.8014
160.4622
160.2566
163.8713
162.5629
162.9073
156.9843
157.5397
162.0669
163.2538
162.7205
162.6728
163.8353
162.004
162.9233
162.7735
159.6508
157.9401
162.2897
160.8323
156.4916
159.0929
162.5463
159.169
155.7992
157.0525
161.86
161.4834
156.0439
155.9374
159.6706
162.7679
162.2615
161.0721
159.6132
158.1395
160.7767
163.0858
162.6407
163.6347
161.468
163.2088
160.8382
158.6834
162.2169
164.9288
161.8076
160.9748
158.2062
161.1496
163.941
164.4256
162.1887
161.6558
161.2298
158.2783
155.9796
157.44
159.6272
161.8673
160.768
159.6185
161.8514
161.9959
161.6034
161.7979
161.7445
157.2449
159.2488
163.0112
164.0571
163.211
161.1933
164.6925
159.2172
158.7661
161.0854
162.5
159.1621
157.3941
162.0833
162.4843
161.5651
160.7773
159.6729
162.2385
162.3401
164.7829
158.5689
160.2605
163.8761
163.1834
160.9429
156.3617
158.0287
161.4371
163.6655
162.9991
158.7439
157.7164
162.5038
162.3391
161.7516
158.7025
159.5221
161.5883
161.7163
164.6102
162.8396
162.0314
156.3634
158.3382
162.9411
163.0773
162.0786
159.6427
156.9044
160.0305
163.2202
162.915
159.7205
161.5315
162.542
163.503
158.5526
155.2574
160.9523
163.0062
159.2058
161.112
159.9853
158.6183
160.3989
157.9738
157.6001
161.1349
163.6458
161.0128
158.0413
157.9659
162.0077
163.4612
163.1708
157.7211
159.2469
163.7459
163.6504
160.3302
162.7953
166.4121
163.9078
158.6483
159.9067
164.3528
164.9737
162.9231
161.9452
161.4333
163.9535
162.4958
159.8308
162.6331
165.7752
162.5175
161.9051
164.4764
161.8743
159.3423
162.4438
163.7402
163.0521
163.4411
163.5862
164.9872
164.1948
162.099
157.5841
161.0162
162.6902
164.6703
159.9067
157.0794
158.2792
163.2321
163.976
161.7735
158.7863
162.089
163.8866
163.9186
159.7316
161.2068
163.4858
160.1884
160.2608
164.252
165.6056
162.6834
163.1561
161.4056
157.3439
158.9899
163.3472
163.7288
161.3962
159.5245
161.5155
162.3734
157.4023
162.7622
163.8189
163.4022
161.9556
159.4558
160.5056
163.5484
162.7666
162.8304
160.7203
162.2334
164.098
163.6805
158.8766
162.1001
165.1818
164.7677
162.8891
158.4178
160.1667
164.4572
163.6002
158.5631
160.2056
165.8593
166.2902
162.8664
161.8085
165.0137
162.2577
160.848
160.1423
161.4805
163.8258
164.6378
164.1212
163.1904
161.2583
161.2221
160.0968
159.634
161.5309
160.9959
158.864
161.2295
165.7143
166.7314
160.7769
159.6088
159.6632
162.1662
163.2872
158.2993
161.0354
164.7256
162.9203
161.26
156.7141
161.2957
162.048
161.6833
160.8398
157.1231
160.422
160.2542
159.3408
160.7691
162.8793
164.882
162.7982
163.3637
163.8977
163.2881
161.4126
161.4889
164.023
163.0797
161.4899
157.5351
160.7666
165.1093
165.5098
162.8393
160.7154
164.5703
162.3124
161.8911
164.1673
164.3499
162.1611
163.1874
163.0968
162.5243
163.4289
155.0751
159.0708
162.8255
162.1264
160.1298
157.2926
156.4276
159.9624
162.3621
161.9239
160.8332
164.3543
165.0472
164.5827
165.2047
163.808
163.5726
161.7636
162.9377
160.3415
159.4744
162.5896
165.1608
165.2735
161.9799
158.0761
162.7687
164.5842
164.5821
162.4128
161.0679
164.16
160.2987
159.8048
164.9852
165.4278
163.8132
163.6647
164.2842
165.7977
163.3279
160.5468
161.2351
163.224
161.0508
150.4928
152.0219
157.3158
159.9516
159.5277
158.8652
158.8203
160.9888
160.9703
163.0635
161.2225
159.4863
162.4499
162.952
164.9323
160.3001
157.3488
157.1477
160.1415
161.5555
161.0516
160.8028
162.2273
163.8182
158.6622
155.5648
157.2982
159.5264
160.668
157.79
155.7794
160.3291
163.4871
163.1431
163.0699
161.275
160.3134
159.4307
161.6824
162.2142
161.0894
161.8439
163.7043
161.6122
163.3395
163.8716
165.5529
164.7464
162.6368
163.4632
162.2127
161.7193
165.9332
165.7634
162.0481
159.7476
164.698
166.0552
162.4462
161.1982
161.0482
161.1265
163.4714
160.0646
157.0706
159.3523
162.4286
163.2702
160.9058
162.1047
157.9772
157.3751
160.9434
160.3325
159.9726
157.6503
159.2174
161.0687
163.4731
161.4044
163.5311
162.4498
156.694
158.5061
163.8588
164.985
163.6389
154.7597
159.9108
165.599
161.7664
160.3064
160.8755
162.9651
165.3359
161.7491
162.3818
163.4472
162.7675
162.5813
162.3167
163.9366
160.0902
161.0324
161.5141
163.5983
164.4945
162.0695
158.8132
161.8876
164.9326
164.4288
162.0096
161.3189
158.98
162.219
164.9016
165.4518
161.9195
158.8165
161.7794
164.6551
164.9562
163.6788
161.0494
161.0473
163.9811
158.3795
160.5962
165.8116
163.8704
160.4145
160.8374
161.7321
162.0188
165.0842
164.9602
158.1369
161.2998
164.3121
165.7246
160.1392
157.496
161.136
163.4038
164.809
162.4986
161.1835
158.7458
161.5806
162.7168
163.8467
162.4986
159.3484
162.0308
165.397
163.9176
165.0124
159.5075
156.7291
162.1806
165.4515
162.3191
162.4343
164.3515
167.3033
165.1479
164.3226
163.4342
161.7778
158.8998
162.5855
164.9886
163.941
163.8493
162.7821
158.5085
160.7765
162.7389
161.5359
159.3227
162.4722
164.3597
162.7147
163.2979
164.5327
161.3465
160.9075
165.7987
164.7777
159.4053
158.3965
160.1189
162.39
157.5607
156.4558
159.4798
160.4154
161.4309
163.7837
165.2245
156.2683
160.0096
162.8805
163.7449
162.8525
161.9399
158.9558
158.9274
164.9529
165.2904
161.7005
160.6759
164.5084
161.3142
162.4889
162.2122
163.2774
163.1453
163.5999
159.6346
158.7753
162.2585
163.0107
161.6269
162.6076
159.3391
161.6226
166.0263
164.2404
158.8946
158.9944
163.6219
163.9217
160.0469
161.2207
163.202
158.1925
156.9396
160.9246
162.2729
159.3472
158.6682
163.4205
162.9334
159.4935
160.2225
158.1835
161.3114
162.2836
164.4292
162.3504
163.672
160.6322
161.1764
163.2616
159.6696
155.183
161.6227
163.8414
162.1911
158.6044
156.8124
161.1741
162.7639
162.7934
162.4462
163.2555
165.4128
165.6205
162.7426
161.9626
162.3955
163.9396
163.1703
161.0077
163.9815
163.8191
163.0739
165.0414
162.1281
160.5829
163.1296
160.1273
155.2257
160.1989
163.8542
164.3624
164.1764
157.2941
160.5602
166.1035
166.75
161.3476
160.782
163.033
164.0524
165.0132
160.7626
160.8249
165.6481
163.684
162.8964
165.0598
162.2944
162.8595
164.197
163.3582
160.3226
163.7095
165.5294
164.4678
158.4873
160.521
165.134
168.1014
166.2117
161.9382
162.7042
166.7862
163.01
161.7098
163.334
160.7165
163.8256
162.8584
160.1643
158.4823
158.0139
163.0858
164.8695
160.4788
159.7705
164.5587
164.0013
162.3829
160.2161
161.512
165.9158
165.2915
162.1883
156.8178
155.3224
160.6353
162.4683
162.2055
158.4714
157.2497
159.9501
161.7256
159.2823
159.9475
160.5844
159.9554
161.1615
160.0676
162.5754
160.4973
160.5627
162.1031
163.4876
161.2376
157.2294
156.0637
161.728
164.3161
161.5083
159.2664
159.3411
161.1428
161.7391
159.8728
160.1895
159.5653
163.3286
164.0704
161.5249
160.0257
163.619
161.5617
163.243
156.9602
156.692
157.6272
160.0431
159.8115
157.1554
155.3358
161.7126
164.8833
159.8891
159.6717
163.3959
161.3882
157.3558
160.094
164.6226
164.8507
161.5871
159.6262
161.5058
158.9239
159.8778
161.9063
164.0433
164.5752
162.3337
157.1768
160.324
163.735
164.0937
162.3664
161.066
159.1113
161.9079
163.6422
162.4001
161.4702
163.9778
158.7149
159.4079
163.9978
165.1736
159.7629
155.139
159.6666
165.3726
165.1976
160.1215
162.2194
163.2219
162.4114
162.9484
163.5038
163.4815
162.8544
159.9754
161.2394
164.8607
164.1842
162.285
158.164
158.3412
163.161
162.3814
158.0619
160.9829
160.0611
161.5768
161.2904
160.0929
161.162
160.938
161.7899
159.0903
157.9873
161.6767
164.1432
157.8105
160.4461
163.5531
158.0651
158.7988
159.4072
159.4395
158.9624
160.956
161.9423
159.1788
159.229
162.1501
159.0885
157.7
160.2972
163.5926
160.291
160.3674
163.2572
163.8034
162.1255
158.2219
156.4315
163.4395
162.8932
162.821
161.336
161.5735
163.1807
162.8978
158.5542
159.2008
163.8581
165.7928
162.4615
160.2282
162.7796
162.0407
159.0766
160.6143
160.8107
157.5752
159.1158
163.4755
157.5091
155.3593
156.9659
159.4306
161.552
160.9176
161.7731
161.8572
160.6007
161.766
158.952
159.709
162.1477
161.9688
163.3349
158.8449
159.404
163.4204
163.7194
163.1125
162.2569
160.1543
158.7806
162.1706
165.0035
162.1033
158.5024
158.3815
163.0427
165.2914
160.3691
162.2365
162.9144
162.695
162.0503
164.4252
162.364
163.8612
163.2292
159.8995
162.0217
164.5614
163.9842
162.5801
162.2822
162.6083
160.3287
161.2479
159.4717
162.8273
163.1521
161.7153
163.9572
160.4336
153.9525
154.6763
159.1167
161.6177
161.9729
160.5491
163.5465
160.1618
161.2689
165.52
165.0006
158.9327
160.6151
164.0515
161.4435
160.4359
161.2354
165.0369
164.4821
155.9559
156.8288
163.8129
163.3132
164.2518
160.286
160.246
164.0719
164.5382
162.9767
155.5802
159.1899
166.9684
166.8484
164.9274
