54.78514
53.52964
52.62965
53.62836
53.47921
53.53059
53.84459
53.56919
53.868
53.0561
52.28393
54.21407
53.76587
54.55918
54.47223
54.19977
51.79164
54.28179
54.32819
54.10507
53.86157
54.0734
52.68445
52.44629
54.47195
53.48656
54.43686
54.23484
53.92146
53.46199
53.40736
53.48771
53.55867
53.52533
53.46422
52.53819
54.43026
53.34538
54.72784
54.64933
53.39685
52.7588
52.97776
53.8736
53.70566
54.00308
53.85077
53.73254
53.56276
53.56718
53.87651
53.19522
53.46708
53.37368
53.81504
53.81501
54.13158
53.42016
52.52531
54.00905
54.28809
53.64248
53.452
54.13253
53.97198
54.34623
54.10862
54.03172
53.56905
53.5072
54.18991
53.23721
54.67412
54.78293
53.28463
52.86774
52.6758
54.08363
54.74758
53.39106
53.86044
54.46549
54.15733
53.07498
52.60641
53.83998
53.64693
53.59001
53.73168
53.65446
53.18104
52.85139
53.49587
54.61593
54.54689
54.02039
52.5708
53.79536
54.41537
53.68788
53.8747
52.57546
53.85442
53.90998
54.21551
53.55068
54.72474
54.15117
53.65864
54.19012
53.85482
52.89289
53.80477
54.6926
53.44682
53.62177
54.40509
53.45491
54.20901
53.26388
52.49509
53.71484
53.71404
54.53819
54.76308
52.64442
53.68097
54.48322
53.87419
54.30607
52.92365
54.15649
53.18886
54.79274
54.93332
52.9144
54.04371
53.21503
53.24174
54.26311
53.90221
53.89505
54.7916
53.67237
53.92395
54.07323
53.39321
53.00801
53.31289
54.36259
53.77308
53.72424
52.69064
53.99305
53.84583
54.27131
54.84421
54.51259
53.77161
53.22714
54.12398
54.56783
52.81563
53.15606
54.0301
53.73962
54.68532
54.68303
53.43607
53.4447
53.867
53.92799
54.24451
54.29549
52.83992
53.65424
53.83931
53.98049
54.48513
53.52901
53.22788
53.89296
53.8965
53.77842
55.19629
54.70783
53.75348
53.26202
54.50794
54.06819
53.23948
54.736
53.93947
53.89048
54.03667
54.26699
53.56696
53.36617
54.21157
54.08807
54.0122
52.88168
53.46156
54.37495
54.37676
53.93282
54.59328
54.80158
52.59414
53.89983
55.09963
53.56539
54.71141
54.93315
53.7947
53.97693
54.01413
53.21847
54.4171
53.69461
54.8274
53.9306
53.90425
54.59503
54.50616
53.4591
53.99128
54.1544
53.58197
53.06493
53.45331
54.24802
53.5629
54.30975
54.44978
54.30571
53.81379
54.16821
54.35192
54.05743
53.88952
54.33635
52.4271
54.2492
53.4323
54.40366
54.14768
54.17339
54.21077
54.24077
55.0508
53.59414
53.60182
53.82436
54.17352
54.47369
54.46017
54.45152
53.41932
53.83258
53.55232
53.30025
54.29601
54.67705
54.13719
53.71968
53.8843
54.35424
54.45787
52.15531
55.11834
55.05322
54.37167
54.59495
54.74076
54.36758
54.57148
53.58249
55.01538
54.22691
54.00724
54.64824
54.49039
54.38316
54.50568
54.37948
54.43159
53.88309
54.4356
54.47199
53.70088
53.52673
55.11329
53.71814
54.94451
54.87681
53.44188
54.53809
54.56889
53.49167
55.09655
53.94655
54.82495
54.82218
54.44712
53.23683
54.12318
54.80115
54.05701
54.12412
55.13545
54.12579
54.18614
54.5457
54.39186
53.08088
54.27821
54.73268
54.45098
55.40653
54.40984
53.55953
54.33474
53.88435
54.39321
54.1345
53.4383
53.21163
53.92632
54.36477
53.42435
54.63447
54.3854
54.21294
55.0234
52.8988
54.99054
54.28468
54.63839
55.20798
54.39719
54.19564
54.69526
53.99018
54.10987
53.41712
53.21377
54.49533
54.75916
54.16151
55.39267
55.29166
54.22883
53.91562
53.47889
54.80357
53.75329
54.22738
55.27156
53.86353
55.18842
54.26669
55.30331
53.43533
51.61364
53.34452
54.78173
54.62617
54.86589
55.13142
53.71587
52.3773
54.38437
54.51407
54.34968
55.34801
55.25309
54.12102
54.07576
53.67512
54.08926
54.64485
54.45555
55.05138
53.46529
54.50398
53.94538
54.72031
54.4123
54.50876
54.77917
54.00475
54.67189
54.12458
54.50224
53.3848
53.5781
54.10054
53.05352
54.23203
54.79778
55.22099
54.60529
54.94297
54.58076
53.64933
53.01368
54.315
52.33167
51.87923
53.03905
53.89325
54.05597
54.11567
53.34422
52.98737
53.92774
54.67347
53.84562
53.75162
54.54637
55.01066
53.23797
53.84478
54.16779
52.85302
53.6428
55.36281
54.811
53.70099
55.14977
53.95097
53.30684
53.40103
53.17429
54.90528
54.69075
55.6013
54.70714
54.38821
54.13295
54.035
54.33235
53.68722
54.79249
54.43656
54.21829
54.22911
53.6614
53.65201
55.16728
54.58344
55.32455
54.08682
54.17289
54.32563
54.96261
53.83285
54.04187
54.03864
54.18199
54.08967
54.16387
54.07575
54.54137
54.92058
54.76995
53.6643
53.78017
53.09918
54.22458
55.14908
54.54465
55.02194
54.63892
54.83377
53.66064
54.61752
54.21215
53.73364
54.55358
54.12929
54.48399
53.45313
54.7928
54.75592
54.84194
54.7296
54.5696
54.15326
54.27081
52.8825
53.11651
54.80382
54.5998
55.0745
55.23716
54.9395
53.99337
54.76471
54.12474
53.43672
55.02469
54.35584
54.94026
54.73601
54.33647
54.65419
53.94596
55.11491
53.46793
53.8748
53.85684
54.64738
54.95961
54.57274
53.59717
54.90727
54.67488
54.48863
54.69712
54.53374
54.54171
54.04377
54.29385
54.72157
53.94769
54.74326
54.86437
54.51199
54.49409
53.77049
54.11346
54.50655
54.74826
54.34832
54.91771
54.38357
54.21186
54.38256
53.71983
55.40418
54.57258
53.88044
53.53174
54.48904
54.68911
54.03742
55.13245
53.41417
53.65508
54.67819
54.906
54.53831
54.28691
55.18671
54.21613
54.78157
54.40313
53.19824
55.0525
53.97666
54.91651
55.21203
54.62819
54.1939
54.54908
54.49464
53.37019
52.82035
55.24228
53.87675
54.78482
55.48222
54.8661
53.12748
54.68006
54.43506
55.2512
55.09374
54.82547
53.37621
54.79651
54.09829
54.63914
55.18327
54.439
54.53408
54.88645
54.63118
54.22155
54.90283
54.47504
54.92195
54.77345
53.5662
54.40714
54.99083
54.75828
54.76656
54.98992
54.55693
53.36229
53.08979
53.8891
53.72215
53.93079
54.42523
55.20898
54.18405
53.61765
54.70659
54.10636
54.8004
54.23618
54.58945
54.37251
54.59939
54.30609
54.27539
54.41948
54.48324
54.71907
53.7948
53.9876
54.0438
54.76546
55.16776
54.68185
54.18353
53.97046
54.52312
54.78342
54.02265
54.03954
54.77068
55.0046
54.73747
55.16796
55.06549
54.73476
54.52759
54.2221
54.30598
54.50958
54.10375
55.43484
54.68184
54.31158
54.69665
54.38769
55.07878
55.07701
53.13677
54.34741
54.7687
54.07049
55.9113
55.89163
54.87812
55.12483
55.06342
54.24427
54.81424
53.17275
55.27481
55.13657
54.76992
55.61779
54.81249
54.65633
54.27406
55.13698
55.54235
54.90002
54.64946
54.04674
53.64691
54.93414
54.34252
53.29144
55.30792
54.62431
55.90408
55.7002
54.68344
55.11062
54.79634
54.26608
54.90282
54.35273
55.87927
54.71889
53.98937
55.80421
55.01275
54.24666
55.5336
54.5864
53.8423
54.76383
54.41824
55.4608
55.11845
54.68359
54.54004
53.66254
54.61327
55.4856
55.15493
54.8349
54.53421
53.51823
53.91502
55.23399
55.03754
55.63632
55.52519
54.35856
53.76656
53.9815
54.28186
54.62017
55.3433
54.93646
55.58251
53.15137
54.61977
54.7764
54.68142
54.42391
54.49973
54.54907
54.88166
53.35881
54.0642
54.3427
53.47911
54.81956
54.22694
54.60498
55.03584
54.92963
54.78638
54.35955
53.87632
53.4499
54.8844
54.14769
55.13433
52.93745
53.65631
54.11431
54.27508
55.11211
53.97949
53.58685
54.38581
54.64258
54.92652
54.48552
54.71672
54.16466
54.26552
53.84705
53.71342
54.20966
53.97004
54.94869
54.46929
54.14078
53.86412
53.01273
54.32862
54.48602
54.21961
55.4118
54.68178
54.48836
54.85139
54.5282
53.19312
54.58981
54.3021
54.8003
53.05529
54.54655
55.12283
54.847
55.40614
54.72521
52.74756
54.09401
53.78596
53.52625
54.62266
53.46032
54.94791
54.97575
53.94568
54.87983
54.49155
54.14914
53.98651
53.88028
54.08625
54.74377
54.33603
54.58708
54.8684
54.07555
54.79143
54.80187
54.34111
54.57101
53.47632
54.30449
54.94057
53.27591
54.9653
56.03746
54.73902
54.32657
54.57764
53.36096
54.17717
53.9936
55.35413
54.76773
54.84797
54.75932
54.04327
52.81782
54.6573
54.14848
54.39858
55.2634
53.58885
54.43399
54.60146
54.52709
54.50059
54.11677
53.77608
54.39595
53.68378
53.95691
53.59195
53.75285
54.32465
54.56276
54.54651
53.84023
53.53569
53.98996
54.596
54.14869
53.38131
54.99424
54.24543
54.05528
54.56433
54.74394
54.98594
53.78136
55.02485
54.49284
53.54679
54.68129
53.84524
53.02052
54.4621
54.50665
54.25728
54.84632
54.91953
54.83053
54.56635
55.00984
54.95029
53.47595
53.4929
55.03031
54.77751
54.37017
54.65187
54.88892
54.41111
54.09247
54.75612
54.60959
54.18253
54.40904
53.99261
54.15364
54.23523
53.77055
54.92052
54.85716
53.88476
54.25882
54.1213
54.57407
55.36076
54.63826
54.3676
53.6655
53.20667
54.17086
53.46566
54.4273
53.60543
53.03839
53.40364
54.19889
52.64734
54.29909
54.9805
54.03564
54.93006
54.96586
54.35538
54.31758
54.8981
53.74565
55.17414
54.54257
54.54034
54.79611
53.68116
54.51976
54.95311
54.32272
55.29876
53.87692
55.22799
55.74965
54.99346
54.69726
54.59314
53.63149
54.89865
55.83702
54.48692
54.08403
56.02536
53.77296
55.18226
53.40264
54.66079
55.0749
54.9742
54.82987
54.27097
54.93387
54.38289
54.51704
53.74847
54.86006
54.16446
54.65175
54.5736
54.53739
54.24254
55.01505
52.72202
53.36129
53.9999
53.59311
53.99154
55.09914
54.5829
54.96106
55.29817
54.88092
54.54227
53.29122
54.57108
55.56675
55.01694
54.55877
53.79616
54.33727
54.81126
54.77093
53.88202
53.92616
53.78588
55.05723
54.58686
53.81422
54.06033
54.34403
55.71838
54.42336
54.7277
54.04408
54.82373
55.07178
54.92479
