24.71105
24.23889
24.43014
25.07685
24.28321
24.8521
24.75629
24.34367
24.78772
24.37149
24.87663
24.68798
24.49649
24.91051
24.16514
24.98541
24.67111
24.70166
24.4608
24.05358
24.76361
25.58282
24.55165
24.31432
24.61278
24.15323
25.08965
24.46478
24.69986
24.78068
25.04858
24.71881
24.30989
24.28972
24.99736
25.36957
24.7993
24.36213
24.71578
24.56019
24.56166
24.50982
24.38676
25.27859
24.4869
24.73659
25.22384
24.48136
24.25787
25.02845
24.51908
24.58528
24.1832
24.63227
24.89789
24.9721
24.49866
24.76698
24.55611
24.37143
25.04965
24.90676
24.23243
25.13183
24.67932
24.87345
25.09192
24.56317
24.71586
24.73878
24.61196
25.04413
25.00436
24.73799
24.84996
24.33008
24.85272
24.60147
24.84987
24.08153
24.53794
24.70671
25.10488
24.36485
24.89435
24.50735
24.93111
24.31988
25.15777
24.90208
24.23923
24.67028
24.60268
24.92301
24.93539
24.85623
24.39721
24.70751
24.54983
24.95713
24.51847
25.37596
24.34884
24.55163
24.71194
24.4983
24.47521
25.34324
24.90463
24.683
24.66454
24.18599
24.91606
25.32602
24.90906
24.27244
24.82738
24.23489
24.34814
24.75793
24.73321
24.82342
25.39313
24.71281
24.78315
24.8013
24.56956
24.57695
24.6902
24.5034
24.33601
25.13985
25.27198
25.31141
24.28819
24.48446
24.55104
24.8155
24.5475
24.87852
25.22978
24.29314
25.26091
25.25323
24.46529
24.91672
24.2496
24.59467
24.66456
24.45996
24.87217
24.52192
24.34366
25.56188
24.97054
24.28119
24.80035
24.67928
24.77322
24.91212
24.76368
24.16583
25.00852
25.1847
24.65175
24.40455
25.01603
25.01505
24.31221
24.95414
25.37913
24.45399
24.41955
24.78345
24.64475
24.82163
24.98201
24.42424
24.66755
24.45279
24.66767
25.24498
24.85784
24.49377
24.65246
24.76747
24.53184
24.5476
24.50271
24.76274
24.99582
24.75202
25
24.04823
24.42243
24.75842
24.75663
24.4499
25.28399
25.08565
24.19322
24.37075
24.93643
25.0761
24.72665
24.71921
24.69334
25.11463
25.30202
24.83127
24.64279
25.09821
25.02625
24.66502
24.34487
24.67347
25.44072
25.03256
24.73191
24.7603
24.52802
25.27129
24.46178
24.74434
24.7442
25.18163
24.57139
24.60755
25.43436
24.59738
24.5392
25.02968
24.8211
24.78692
24.75123
25.14385
24.66259
24.60172
24.61932
25.04771
24.82764
25.25185
25.03242
24.70234
24.5497
25.05552
25.34822
25.29965
24.31575
24.77972
24.65714
25.24438
24.8047
24.34447
24.62427
25.41376
24.55237
25.07527
25.40167
25.09588
24.60789
24.14104
24.86192
24.71921
24.79876
25.38701
25.37672
24.48681
24.55389
24.66915
24.70379
24.59045
25.27974
25.75734
25.28921
24.63784
24.89317
25.2275
25.17148
24.91511
24.09175
24.82487
25.1195
24.61851
25.0221
24.64206
25.08028
25.27829
24.98354
25.03487
24.31926
25.41242
25.2632
24.81491
24.57281
25.0437
25.59771
25.20702
24.66913
24.84602
24.72937
23.98628
25.36478
25.00508
25.13695
25.00815
25.27472
24.90123
24.43655
24.68888
24.9339
24.53274
24.83112
24.55859
24.95312
24.62164
25.00856
25.48227
24.57555
24.97467
25.00659
24.8678
24.88585
25.10314
24.46397
25.23373
25.05401
24.36634
24.53608
24.65458
24.79893
24.58132
24.64601
24.66095
24.39176
24.51904
25.05664
25.19438
24.76236
25.66666
25.13599
24.92001
24.93903
24.34486
25.06795
24.87552
24.58993
25.34529
24.5492
24.87937
24.77377
24.9823
25.52531
25.38864
24.3406
24.70367
25.21399
24.90454
24.62019
25.21772
24.61881
25.37467
24.80921
24.33942
24.26619
24.88023
24.2481
24.7974
25.7337
24.64721
24.46041
24.79473
24.94429
25.11257
25.76434
24.51217
25.05214
24.7018
24.72104
25.23124
24.62364
24.69173
24.57841
24.61638
24.88098
24.77176
24.88903
24.75604
25.4002
24.79894
24.36008
25.20213
24.6943
25.29356
25.77915
24.59838
24.33214
25.23988
24.51085
25.43094
25.57801
24.99548
25.06903
24.79241
25.32053
24.69312
24.63407
24.7261
24.07697
23.62193
24.46869
24.66867
24.56495
25.27669
25.29004
24.55403
24.39725
25.45685
24.28975
24.60317
24.96914
24.75655
25.40407
24.47916
25.11972
24.13708
24.20423
25.09655
25.24747
25.24969
25.04233
24.90695
24.62772
25.24913
24.01042
23.86973
24.82395
24.76296
25.66431
25.28287
24.58241
24.81202
25.22656
25.28574
24.68517
24.51335
24.66936
24.80582
24.96403
24.89964
25.01595
24.43129
25.01343
24.96593
25.05985
24.97378
24.83888
25.2297
25.34243
24.89318
24.70257
24.5972
24.92053
25.23761
25.39028
24.70594
24.69295
25.46091
24.82199
25.05575
25.21938
24.19598
24.47666
24.88249
25.22036
24.62929
25.28391
25.67103
24.26913
24.77318
24.62159
24.87685
24.9518
25.27774
24.75241
24.35546
25.14801
24.55876
25.20509
25.06809
24.9604
24.5681
24.53178
24.75331
24.74963
25.79693
25.27359
24.86864
24.44133
25.35574
25.52608
24.76445
24.4941
24.82961
25.76595
24.80277
24.698
24.4991
24.87844
25.30805
24.72531
24.85825
24.96278
24.52776
25.37335
24.71871
25.05922
24.64129
25.19105
24.88422
25.32184
25.2673
25.00185
25.13987
24.39423
25.10724
24.68166
25.0649
24.53858
25.22345
24.53738
25.32032
25.66237
25.17567
25.16144
24.40805
24.43961
25.23566
24.68322
25.25863
25.43723
24.72002
24.38637
25.44216
24.78463
24.82571
25.38217
25.16409
24.71236
24.85798
25.23495
24.99082
24.42798
24.76378
24.59199
25.57251
24.86773
24.57646
24.72458
25.13481
24.82778
25.09901
24.31072
24.90988
24.97661
25.02459
25.22191
25.2342
24.7509
24.89767
24.75884
25.72033
24.9924
24.95563
24.55725
25.32913
25.26868
24.73943
25.01462
24.56804
24.76102
25.01145
25.19926
25.45565
24.64062
25.3734
24.58782
24.61631
24.31345
25.41229
24.64113
25.14399
25.32105
25.19002
24.76032
24.90699
25.38126
24.42799
25.0288
25.8939
24.65841
24.55176
23.5162
24.43116
25.60827
24.79477
24.67888
24.97826
24.82935
24.78841
24.88041
24.98409
24.65387
25.31616
25.10528
25.20806
24.23288
24.80061
24.96556
25.03425
25.46398
25.12977
24.64074
25.24777
24.82876
24.55802
24.99302
24.89915
25.10473
24.54193
25.27396
24.72524
25.0201
25.54759
25.12593
24.43906
24.95713
24.7745
25.00228
25.39417
25.33683
24.9251
25.16842
25.38578
24.98481
24.80022
24.80269
24.92416
24.64045
25.1459
24.87531
25.27513
24.77225
24.6919
25.56372
24.8178
24.65177
24.6142
24.85859
25.15312
25.11755
24.58517
24.6679
25.40213
24.10284
25.04398
24.77567
24.82754
24.92164
25.51986
24.91155
24.51151
25.00259
24.48712
25.05311
25.82147
25.19932
24.71113
25.05244
25.22808
24.77373
24.58049
25.05773
24.98511
25.44762
24.67098
24.81949
25.49581
24.51122
24.79294
25.31689
24.6456
25.06095
24.69319
24.33233
24.53892
25.39974
25.19258
25.40419
25.05822
24.84406
25.42127
25.81903
25.00512
24.62572
25.05902
25.00073
24.95691
24.89984
24.83969
25.35836
25.30857
24.64689
24.78098
24.8372
25.07302
25.14361
24.97142
24.92056
24.58137
25.58596
25.08166
25.21961
25.313
25.16817
25.24354
25.32303
24.78013
24.92931
25.2223
25.46294
24.4647
24.97099
24.93354
25.08788
25.07907
24.45901
24.98981
24.57538
24.97109
25.36542
25.16446
24.58784
25.15235
24.80735
25.23915
24.86672
24.7411
25.4846
25.30742
24.20987
24.44905
24.61293
24.60223
25.38072
25.49655
24.29554
25.12575
24.63549
25.28645
25.01315
24.55351
24.5129
25.20657
25.12065
24.4868
24.977
24.88424
25.18608
24.60947
25.27297
24.29183
24.57549
24.7029
24.83361
25.11287
25.52596
24.61903
24.50239
24.75612
24.97106
24.78488
24.63245
24.93172
24.73413
25.21073
25.15256
24.30004
24.77557
24.89692
24.83666
24.08718
24.68909
25.01812
24.83547
24.90395
24.53013
24.81943
24.39779
24.83791
25.9375
24.23547
25.36351
24.87303
24.79528
24.5163
24.80729
25.39698
25.31994
24.6027
24.86443
24.36648
25.2401
24.74662
24.87875
25.4761
24.62315
24.68025
24.61453
25.0039
25.31085
25.06486
25.05627
24.41546
24.47044
25.1529
25.48232
24.21459
24.82833
25.12552
24.15844
25.00099
25.48271
25.48701
24.42701
24.74492
25.34298
25.89839
24.86112
24.38447
24.99567
25.09734
25.16414
25.03638
24.57261
24.69303
25.63015
24.4248
25.19467
25.38633
24.72456
24.84985
24.58087
24.83448
25.77853
24.76315
24.8704
25.17845
24.58406
24.83645
25.06689
24.71454
24.36169
25.24739
25.0816
24.75
24.69278
24.73016
24.92762
24.28208
25.36993
25.15284
24.78332
24.45248
25.05936
24.99962
24.82036
24.63911
25.1119
24.57648
24.73412
24.96234
24.687
24.59094
25.45431
25.07241
24.22548
25.09971
25.28244
24.27782
24.94111
24.96453
25.1371
25.0431
25.31369
24.3688
25.09972
24.67188
25.21754
24.96507
24.84343
24.48523
25.60089
25.49166
24.56996
24.82918
24.85565
24.86249
24.68381
24.37322
24.88489
24.82394
24.37672
24.82116
25.03003
24.79363
24.68764
25.0477
25.1335
24.91196
25.01742
24.66531
24.96048
24.93224
24.53426
25.04221
24.96407
24.88375
25.31799
24.64302
24.44961
25.4545
25.55527
24.61489
24.51016
24.77647
24.52438
25.70901
25.03942
25.06315
24.74915
25.01745
25.66648
25.05619
24.95152
24.82013
25.11674
24.8898
24.81981
25.12948
24.88307
25.20037
24.95491
24.51938
25.03826
25.01715
25.19658
24.86994
24.9055
24.10583
24.86859
25.24942
24.91389
25.1696
24.86694
23.96165
24.26096
24.76839
25.28152
24.91082
24.93409
25.54699
24.75739
25.21233
24.99104
24.74266
25.16291
25.37666
24.96791
24.59551
25.51324
25.09577
24.74028
24.78938
25.24584
24.21121
24.92192
24.98376
25.08568
25.58708
25.45714
24.7281
24.95268
25.05053
25.05703
25.16
24.67752
24.90095
24.93234
25.82059
