169.3369
168.7429
168.4703
168.113
167.318
167.7625
168.5427
168.3806
168.5939
168.6933
168.7545
168.2595
168.4908
168.4524
168.7586
168.7882
168.4041
168.4713
168.29
168.2954
167.2815
167.7083
168.2769
168.3949
168.6233
168.6871
168.365
168.2843
168.1261
168.3424
168.9278
168.8114
168.5696
168.3175
168.3739
168.5639
168.4462
168.7194
168.6881
168.5472
168.512
168.3615
168.4626
168.2117
168.2787
168.7836
168.7635
168.4214
167.7854
168.2449
168.6185
167.4143
167.3439
168.0191
168.29
168.3073
169.0302
168.6204
168.5659
168.4151
168.6408
168.615
168.2903
168.0281
168.3512
168.4615
168.4811
168.7865
168.4409
168.4835
168.2767
168.2935
168.3113
168.2592
168.5654
168.7307
168.3832
168.6964
168.6749
168.1363
168.4829
168.4481
168.555
166.6798
167.0623
168.3788
168.7505
168.3724
168.7025
168.6102
168.8121
168.358
168.42
168.6639
168.7557
168.3718
168.8239
168.6098
168.6073
168.4171
168.7891
168.4658
168.6186
168.6337
169.0453
168.7319
168.6062
168.457
168.8023
168.7329
168.5755
167.7542
168.3239
168.9024
168.6334
168.4489
168.845
168.8746
168.6216
168.7334
168.4959
168.6012
168.3893
168.5061
168.7356
168.5942
168.3269
168.5599
168.3747
168.676
168.6391
168.7242
168.8251
168.6868
168.3785
168.4076
168.651
168.1245
168.3112
168.4654
168.2624
168.5967
168.4439
168.6259
168.7001
168.5811
168.5364
168.517
168.6339
168.5847
168.274
167.3148
167.9535
168.425
168.4689
168.5533
168.5124
168.5938
168.2075
168.4461
168.2895
168.2798
168.4599
168.6432
168.9357
168.5663
168.3215
168.6745
168.1439
168.3632
168.6117
168.4334
168.8338
168.532
168.2135
168.4489
168.1734
168.3733
168.446
168.3198
167.8354
168.7569
168.4
168.7547
168.8418
168.556
168.6524
168.5016
168.6094
168.5015
168.4169
168.3294
168.2226
168.8095
168.43
168.3227
168.3202
168.4477
168.366
168.1185
168.2696
168.5143
168.3631
168.5108
168.2153
168.414
168.7539
168.5847
168.6201
168.5592
168.3317
168.2977
168.6295
168.6694
168.3909
168.7287
168.4919
168.4283
168.7468
168.5467
168.444
168.2115
168.557
168.6758
168.7793
168.4559
168.5407
168.3488
168.745
168.8302
168.2601
167.109
167.5466
168.4719
168.9002
168.405
168.6847
168.6462
168.4372
168.5471
168.4963
168.4714
168.6949
168.5165
168.0383
168.4244
168.4805
168.5235
168.5716
168.4073
168.6539
168.459
168.8416
168.5163
168.3728
168.2234
168.5654
168.6954
168.5512
168.2613
168.0661
168.6493
168.5928
168.5575
168.212
168.4335
168.7625
168.2491
168.4423
168.4307
168.497
168.3258
168.4472
168.4123
168.5238
168.5689
168.4241
168.3944
168.0915
168.5358
168.3013
168.8607
168.3259
168.2171
168.5303
168.5265
168.6297
168.6927
168.6115
168.5422
168.3891
168.6972
168.747
168.4157
168.3657
168.6006
168.4284
168.4551
168.3305
168.5807
168.7269
168.6935
168.402
167.9365
168.2641
168.6626
168.2579
168.2759
167.2196
168.1439
168.3021
168.8049
168.358
168.7211
168.4574
168.5196
168.2369
168.3555
168.4183
168.1725
168.2206
168.5989
168.417
168.6062
168.4022
168.3644
166.136
165.9079
167.4724
168.0685
168.5016
168.8136
168.2326
168.5863
168.7692
168.6318
168.4862
168.2493
168.048
168.322
168.5511
168.3514
168.2041
168.3757
168.3946
168.8822
168.4672
168.3629
168.2237
168.2674
168.2315
168.525
169.0714
168.6045
168.4064
168.5196
168.5523
168.6253
168.5549
168.298
168.403
168.5059
168.8242
165.4284
166.1056
167.6885
168.2518
168.5312
168.5495
168.6876
168.7181
168.4715
168.6155
168.4476
168.6595
168.5504
168.7277
168.7854
168.8577
168.4596
168.9142
168.1977
167.7468
168.1923
168.951
168.5112
168.5431
168.4357
168.3672
168.551
168.3535
168.5591
168.433
168.5188
168.3176
168.3559
168.4923
168.8411
168.4832
168.2791
168.2851
168.9582
168.7126
168.4489
169.1998
168.2809
168.5728
168.2893
159.6248
161.7599
167.2509
168.515
168.6419
169.2447
169.4253
169.0033
168.8883
168.4166
167.9517
168.6723
168.5571
168.7465
168.7468
168.4515
168.5148
165.8548
167.3391
168.6914
168.5145
168.5302
168.9139
168.4881
168.5871
168.8714
165.7018
166.8543
168.5578
168.9441
168.6156
168.6725
168.3951
168.8478
168.3312
168.7147
168.2952
168.33
168.7097
168.5373
168.6596
168.717
168.054
168.613
168.5667
168.3645
168.4987
168.5339
168.4074
168.3079
168.4543
168.4416
168.669
168.7582
168.4581
168.5079
169.0177
169.0748
168.2175
168.5466
168.7166
168.5417
168.4741
168.8026
168.6121
168.6459
168.4534
168.5899
168.386
168.874
167.2652
167.5699
168.2432
168.7301
168.7129
168.6442
168.4688
168.6499
168.6825
168.7609
168.4609
168.4281
168.408
166.8268
167.9553
168.3239
168.4946
168.3874
168.4449
168.7021
168.8669
168.7943
168.825
168.6402
168.6426
168.9817
168.4183
168.5837
168.5311
168.3712
168.3778
168.6437
168.5414
168.6762
168.9185
168.783
168.4425
168.828
168.5243
168.2064
168.447
168.7943
167.972
168.697
168.5352
168.1559
168.4044
168.7508
168.5049
168.4897
168.6046
168.356
168.4811
168.3052
168.5792
168.7637
168.431
168.404
168.7006
168.8308
168.5757
168.5912
168.7602
168.479
168.4937
168.4828
168.5656
168.1703
168.4756
168.7362
168.5725
168.5435
168.6933
168.5816
168.3559
168.372
168.5081
168.6837
168.7133
168.7415
168.3254
168.4925
168.6784
168.6484
168.3664
168.3681
168.5251
168.7591
167.8616
167.9992
168.3751
168.7608
168.5961
168.6518
168.7088
168.7626
168.6047
168.7687
168.3703
168.3224
168.5086
168.5061
168.5836
168.5031
168.2569
168.5491
168.9545
168.5703
168.8768
168.2686
168.3774
168.7876
168.4647
168.5887
168.629
168.3896
168.2746
168.4287
168.4188
168.6819
168.7593
168.6649
168.1932
168.5926
162.7826
164.7825
168.369
168.6694
168.9639
168.7482
168.9321
167.7294
167.6289
168.2277
168.6994
168.5251
168.5811
168.3253
168.5946
168.8054
168.4644
168.4214
168.526
168.7877
168.5444
168.482
168.4875
168.6263
167.6554
167.8589
168.4383
168.6538
167.8034
168.4797
168.5963
168.7653
168.1676
168.6976
168.2851
168.5829
168.3568
168.3987
168.6161
168.5138
168.4336
168.6232
168.3758
168.5517
168.6866
168.7297
168.3795
168.5155
168.6042
168.5096
168.341
168.6891
168.396
168.1881
168.6331
168.4161
168.3229
168.4707
168.4326
168.4025
168.3125
168.1618
168.2968
168.504
168.4069
168.4251
168.8627
168.4577
168.6091
168.6525
168.6059
168.4185
168.486
168.4378
168.4328
168.4168
168.5089
168.2056
168.3704
168.4105
168.4004
168.6165
168.1197
168.2947
168.6284
168.473
168.8452
168.715
168.5119
168.6861
168.8633
168.8074
168.5429
168.2039
168.4356
168.5324
168.5909
168.2906
168.7531
168.4684
168.3735
168.4807
168.6837
168.4296
168.6144
168.4684
168.1512
168.3459
168.6145
168.2649
168.7636
168.6944
168.6365
168.629
168.4172
168.4034
168.339
168.3189
168.822
168.7429
168.1404
168.3325
168.4664
168.635
168.4842
168.5604
168.401
168.3234
168.5174
168.7456
167.9385
168.3165
167.1863
167.4321
168.4532
168.3379
168.5865
168.3588
168.5047
168.3223
168.4936
168.5182
168.2408
168.3951
168.6102
168.4745
168.5495
168.4681
165.2349
166.8725
168.2118
168.2018
168.6309
168.9274
168.824
168.5357
168.9586
168.8835
168.7236
168.4532
168.6347
168.5221
168.4347
168.4274
168.7631
168.6755
168.6423
168.1196
168.6427
168.6788
168.5519
168.5267
168.5569
168.5684
168.3241
168.3153
168.4421
168.9561
168.6039
168.6119
168.6764
168.5457
168.7965
168.8061
168.4753
168.4489
168.6055
168.5866
168.5899
164.9863
167.4911
168.1349
168.46
168.5012
168.7266
168.6583
168.5385
168.5409
168.4903
168.6652
168.7226
168.4534
168.1862
168.5615
168.3259
168.4081
168.4694
168.5111
168.4055
168.4572
168.5781
168.4232
168.6416
168.6343
168.4492
168.4147
168.6763
168.141
168.7449
168.6314
168.6019
167.555
167.9582
168.2827
168.1083
168.5672
168.6365
168.6216
168.6214
168.6006
168.8387
168.496
168.2375
168.2775
168.5707
168.7381
168.4034
168.4125
168.6769
168.6797
168.6281
167.7559
167.7887
168.1285
168.419
168.2345
168.6157
168.5142
168.8288
168.615
168.5237
168.8666
168.5249
168.2396
168.4595
168.3537
168.4088
168.5335
168.3954
168.4808
168.2776
168.3734
168.3421
168.6667
168.7299
168.72
168.6373
166.664
167.1134
168.2787
168.5414
168.482
168.7146
168.8055
168.4476
168.6315
168.5313
168.2332
167.6916
168.5305
168.6343
168.3996
168.56
168.8079
168.2775
168.4788
168.414
168.5313
168.4786
168.181
168.5731
168.5253
168.4273
168.1588
168.4295
168.4238
168.4424
168.5243
168.4208
168.3135
168.3642
168.5588
168.4492
168.8565
167.7792
168.1794
168.1113
168.4947
168.4772
167.1204
162.802
166.8088
168.244
168.2607
168.9558
169.0071
168.8502
168.7583
168.552
168.6807
168.8751
168.2713
168.6519
168.7764
168.33
168.7683
168.6319
168.5633
168.6399
168.6499
168.5292
168.6001
168.2242
168.1859
168.3083
168.376
168.6751
168.6866
168.5641
168.5597
168.468
168.2702
168.5428
168.1294
168.0049
168.1603
168.3482
168.4346
168.3331
168.7842
168.6582
168.526
168.5047
168.701
168.5025
168.565
168.3669
165.5211
166.2995
168.0538
168.2352
168.5818
168.7549
163.9319
165.2504
168.3808
168.3271
168.597
168.6226
168.5621
168.4074
168.8166
168.5016
168.5182
168.4783
168.5218
168.5677
168.1504
168.6657
167.5089
167.608
168.2805
168.4046
165.8328
167.7672
168.7508
168.483
168.709
168.6111
168.5091
168.0765
168.2841
168.6201
168.4961
168.5467
168.0791
168.2593
168.5021
169.3369
168.7429
168.4703
168.113
167.318
167.7625
168.5427
168.3806
168.5939
168.6933
168.7545
168.2595
168.4908
168.4524
168.7586
168.7882
168.4041
168.4713
168.29
168.2954
167.2815
167.7083
168.2769
168.3949
168.6233
168.6871
168.365
168.2843
168.1261
168.3424
168.9278
168.8114
168.5696
168.3175
168.3739
168.5639
168.4462
168.7194
168.6881
168.5472
168.512
168.3615
168.4626
168.2117
168.2787
168.7836
168.7635
168.4214
167.7854
168.2449
168.6185
167.4143
167.3439
168.0191
168.29
168.3073
169.0302
168.6204
168.5659
168.4151
168.6408
168.615
168.2903
168.0281
168.3512
168.4615
168.4811
168.7865
168.4409
168.4835
168.2767
168.2935
168.3113
168.2592
168.5654
168.7307
168.3832
168.6964
168.6749
168.1363
168.4829
168.4481
168.555
166.6798
167.0623
168.3788
168.7505
168.3724
168.7025
168.6102
168.8121
168.358
168.42
168.6639
168.7557
168.3718
168.8239
168.6098
168.6073
168.4171
168.7891
168.4658
168.6186
168.6337
169.0453
168.7319
168.6062
168.457
168.8023
168.7329
168.5755
167.7542
168.3239
168.9024
168.6334
168.4489
168.845
168.8746
168.6216
168.7334
168.4959
168.6012
168.3893
168.5061
168.7356
168.5942
168.3269
168.5599
168.3747
168.676
168.6391
168.7242
168.8251
168.6868
168.3785
168.4076
168.651
168.1245
168.3112
168.4654
168.2624
168.5967
168.4439
168.6259
168.7001
168.5811
168.5364
168.517
168.6339
168.5847
168.274
167.3148
167.9535
168.425
168.4689
168.5533
