55.09186
55.71069
57.07755
57.27662
57.08363
55.52135
55.91311
57.95385
58.63726
55.91182
56.09666
58.02577
58.31474
56.1954
54.51704
58.02298
59.25122
57.40184
54.52591
56.30489
57.68584
56.66439
55.58413
56.5198
58.75354
57.97447
56.8354
57.16923
57.48498
57.81051
58.58626
56.77014
56.16529
58.86811
57.62936
56.1019
56.46698
56.6375
55.98015
57.1338
57.18705
57.75232
55.64965
56.21078
56.64815
56.46313
55.39188
56.82516
58.62347
56.44696
55.32061
56.80109
56.52936
56.48718
57.78988
56.47388
55.74815
57.49791
54.34236
57.61829
58.91868
56.15403
56.66798
58.11525
57.83458
56.66619
57.83949
56.76438
58.27542
57.64236
55.48613
56.81035
59.6692
56.2019
54.26931
57.19776
59.04202
56.5358
57.03228
56.70191
55.91637
57.6567
58.33509
57.30788
54.88909
57.18989
59.05097
57.53423
55.33618
55.21742
58.13424
57.91541
56.07335
54.81368
56.53643
56.82813
55.34984
55.37807
56.72101
57.81503
57.26622
56.4837
57.77835
57.2236
55.59521
57.81849
59.7004
56.68158
55.89222
55.88678
57.89838
56.53585
56.54544
58.42526
55.18063
54.90065
57.74977
58.47037
56.03554
56.97548
58.01707
56.11607
56.29609
55.69718
56.81435
58.7034
55.57204
55.6427
56.61687
55.6445
54.7949
58.81531
59.26944
55.74528
57.09954
57.9227
56.78655
55.30817
56.35269
59.63584
57.65158
55.46379
56.18734
57.41558
58.51925
56.36586
54.84092
58.87207
59.73376
57.12608
56.20157
57.45556
56.27513
56.3602
57.90241
57.88448
57.13267
54.65799
57.5367
59.21054
56.51649
57.18173
55.68249
57.51226
58.80659
58.72015
57.06992
57.38848
57.61295
58.09078
57.6642
58.53352
55.98723
56.08088
58.85295
58.94183
56.59829
54.75574
56.26941
59.9255
58.30537
55.33862
56.14164
59.34607
57.92094
54.92582
56.01323
59.65191
57.9541
54.94489
56.69629
58.49733
57.03688
58.34246
57.51276
56.78096
57.69632
57.76004
57.72055
55.40035
57.39924
59.1226
57.83536
56.44388
55.97034
58.71819
58.10444
57.65597
55.32467
58.52432
59.07668
57.24185
56.79427
57.86058
58.05469
55.82992
54.23866
58.13451
60.17786
56.50719
54.84482
55.42369
58.28988
59.563
56.03236
55.06023
56.79543
58.78223
57.03259
54.8203
57.09824
59.78911
57.48953
56.09733
57.49823
58.95771
55.48613
56.9483
60.39718
59.13735
56.86964
55.9665
54.9912
58.44422
60.07926
56.50848
56.44491
56.74314
58.49532
58.26682
57.08551
58.43539
58.23699
57.59072
56.83571
57.37975
59.07492
56.12536
54.51765
58.50009
59.73538
56.72203
56.83039
57.67656
58.72443
57.9566
55.39819
57.07204
60.34008
57.83235
56.76547
56.30711
55.38042
58.62612
59.63126
56.91436
57.46915
56.97651
59.21987
58.31207
56.53344
55.63882
55.85371
58.36087
58.95695
56.92343
55.76171
57.07041
56.71138
57.27631
57.6656
55.42686
54.54055
57.15241
59.1909
55.00367
54.66219
58.40871
57.7712
56.53219
55.79908
56.0674
59.61739
58.8039
56.7725
56.00854
57.19501
59.93275
58.06402
56.04802
57.49232
58.6023
58.60017
57.11583
56.60188
58.52139
60.63663
57.86387
56.30523
57.2284
58.90377
58.39176
55.71571
55.80407
58.40506
59.43181
57.54333
54.98778
56.63703
59.75023
54.62605
56.57437
57.93318
58.07706
57.80095
57.69662
57.64539
57.17117
57.81126
58.4416
56.5468
56.69824
57.84012
57.79658
58.27179
57.39028
56.77689
58.1022
59.04958
56.69495
56.66788
58.14358
58.5428
56.7346
57.13917
57.70847
57.28658
56.84528
57.44198
57.72668
58.59053
56.77978
55.51374
57.63441
55.47522
57.33113
56.91881
56.85708
56.94838
56.82114
57.01797
59.66328
55.84763
56.75167
59.73627
56.99999
56.07049
57.92521
58.93494
58.60501
57.3815
57.47118
56.11687
57.74422
57.78048
58.55007
58.72753
56.41182
56.3446
57.74735
58.57908
56.58477
56.76014
59.59039
56.59299
57.37568
58.04335
56.74741
57.67548
59.8443
56.59565
55.15698
57.20893
59.78463
55.7742
54.88238
57.34748
58.25564
56.34466
51.066
53.227
56.18284
56.60435
55.48755
56.58792
57.82573
59.11752
58.51365
55.15302
56.01502
59.30658
58.85426
56.87516
57.08986
57.5996
57.52548
56.10062
57.84042
58.8757
56.98612
56.08115
58.26593
57.05357
56.83047
59.17839
58.3587
55.42574
56.6485
57.3287
57.17134
59.2272
58.78529
56.20768
57.29516
58.8463
59.03807
56.83977
56.44386
59.56532
59.61214
56.4767
56.76317
57.57162
56.17171
56.92568
60.44458
56.96385
56.91082
56.72029
56.9618
58.4492
56.90565
57.59784
58.98538
57.12821
57.49633
57.1956
56.895
57.11611
57.65214
60.05383
57.35843
56.78152
58.61104
58.01357
58.29399
58.91022
57.38649
58.05296
57.58486
57.37004
57.42427
57.98427
58.52134
55.50856
57.55181
60.16474
55.8854
56.02901
59.22363
59.20136
57.56849
54.83836
57.40303
59.93962
57.6723
54.77697
56.56878
59.43989
58.5909
57.06707
56.28346
54.71114
57.54467
57.55219
57.43823
58.6471
56.92605
57.14429
58.06107
57.65651
58.55553
54.99667
57.0466
59.86354
57.05478
57.55488
59.18203
57.79428
55.65615
57.33674
58.84
59.40946
57.48427
56.26767
55.75849
58.07069
59.45559
57.91791
56.03996
57.05492
59.1555
56.96488
58.05153
57.86484
58.07592
56.92879
58.07782
57.37746
58.79042
58.22449
55.67358
58.31259
58.67936
57.50602
57.15238
56.7152
55.39733
58.36627
61.01305
56.55231
57.01895
57.71766
57.23991
58.02263
58.49252
57.07231
57.65655
55.87141
58.15265
58.84655
57.66962
57.47463
56.52645
55.1106
58.07637
59.48093
56.07971
56.53432
58.49403
55.88314
56.11429
58.35286
59.18361
56.645
56.78699
58.33458
59.51402
57.78606
55.12618
56.99615
59.62268
59.69489
56.75569
57.58475
57.49286
59.61942
56.281
58.0546
59.86795
57.73325
56.20913
56.9026
56.2758
57.93478
59.25122
57.33195
55.98333
55.62548
56.77212
58.8539
58.62648
57.71359
54.46721
55.97915
57.63111
57.53006
56.30725
54.33904
57.54568
59.4861
57.50549
54.7351
55.9006
59.37643
58.55024
56.33986
57.86946
59.92109
57.51986
56.08014
57.86784
59.0058
58.65564
56.87264
57.96899
57.82659
57.18907
57.88004
57.00392
56.83474
58.65115
56.97578
56.86781
59.49101
57.04742
55.9917
58.43255
58.78894
56.87667
58.73986
58.78196
59.40244
56.38164
55.61526
57.98432
60.16774
56.89878
56.06856
58.61958
56.4359
58.17232
57.87162
55.02031
58.24369
60.23378
57.22858
56.88172
57.34764
55.49417
58.43374
60.83882
57.35146
54.35765
57.70463
60.26957
55.97285
57.06723
60.14547
57.02359
56.93362
58.7545
58.39524
57.58799
57.45783
58.30075
58.81436
58.62571
56.5533
56.88423
58.93458
57.60339
57.41103
58.19424
59.19436
57.39091
57.79069
58.50018
56.81704
57.31192
59.4502
59.18293
56.89602
55.65159
58.39414
58.4167
58.56779
57.22199
57.34245
58.28248
58.84175
57.86657
59.03229
57.0215
54.38189
57.40314
59.52359
56.70479
56.2671
57.27364
56.6184
58.51824
58.57328
57.19777
57.85351
58.35553
58.19219
56.95274
58.43571
58.38507
57.39041
57.92546
58.08105
59.48457
54.52099
56.90735
60.18848
58.38174
57.19351
57.48256
55.85415
58.02558
59.66057
57.79837
55.58532
56.14166
59.52282
57.76732
56.67192
56.51382
57.93054
59.10234
57.62796
55.25787
56.8023
59.9907
57.16746
54.3804
57.47966
59.02757
57.70366
54.12838
56.59026
59.07552
56.45664
56.4671
56.48477
58.72607
58.23663
57.40342
54.56005
57.92722
59.84226
57.40527
55.02215
56.22939
57.82382
58.1187
57.83556
57.83008
56.67129
56.76426
58.89267
58.58468
56.56754
57.55623
55.9251
56.96581
61.45859
58.44534
56.88683
57.83817
58.39489
58.15687
59.54279
56.12671
55.44257
57.38694
59.64052
58.36581
56.39257
54.62189
56.44727
58.94699
56.16343
57.03627
56.72124
57.7053
56.93619
57.83562
57.87336
57.28554
57.95306
58.87447
56.25441
56.06726
59.00181
60.07646
56.55986
57.05347
58.10707
58.92466
58.45792
57.56868
55.85973
57.71352
60.89325
57.48582
55.08014
56.19571
59.18917
58.38876
55.39877
57.729
57.99994
56.77555
57.79837
57.23818
57.16788
58.36323
59.29974
57.62575
56.57857
57.6331
58.6223
57.51494
55.89072
56.93509
60.16377
57.34418
56.39949
57.83494
59.09005
57.36425
58.06364
57.21527
56.75815
57.73853
60.16178
58.33007
56.32666
54.98646
57.15367
60.57906
57.34587
57.19189
56.66554
57.49446
58.81633
57.67425
57.60241
55.83718
56.45519
57.30514
58.24086
58.56352
55.18449
56.838
59.14576
58.74936
56.04414
55.82328
57.74065
59.30786
56.20391
55.26514
56.54395
59.74228
58.13401
56.15796
58.73263
58.41694
57.4808
54.71107
57.56012
60.50391
57.66572
56.65214
55.99832
56.94302
59.38573
59.12365
56.59438
57.15891
57.57242
58.56214
58.63811
57.92526
56.99878
57.38581
56.74999
57.7628
58.91595
57.418
57.46072
58.38471
57.44979
59.50396
56.53998
57.34589
57.08083
58.22359
55.96558
55.33645
58.05643
58.52896
56.07919
57.76807
58.44054
57.5436
57.25302
56.09159
58.10798
58.71729
57.39918
56.42756
57.83253
55.84238
56.40356
57.96569
58.56162
56.30514
54.38589
57.95121
59.59006
57.74157
55.31497
56.15087
56.25614
58.16009
58.82293
57.86679
53.97929
57.05852
60.07692
57.25176
55.58051
56.37405
58.03416
58.98586
58.17007
57.98985
55.25845
57.8062
60.00267
59.43372
55.58271
56.03615
59.74494
58.87517
55.21436
55.85963
60.00178
58.35798
56.53986
58.23694
56.0305
55.99227
57.88237
58.7984
56.90012
57.22974
57.50549
56.83463
57.65442
59.0367
59.26568
57.81289
57.20044
56.10672
56.33223
58.30159
58.99218
57.32436
56.49891
58.12531
57.59594
56.7049
56.90522
58.21903
57.65778
56.97881
58.25364
59.29421
56.8985
57.63797
57.45568
58.19387
57.90659
60.07992
