3.055241
3.401653
4.316518
3.944285
3.039456
3.192545
3.272787
2.95891
2.936834
3.93467
3.912684
3.182424
2.661884
2.714443
2.942631
3.6547
3.321615
2.74417
2.754058
2.698236
3.93013
3.50806
3.288311
2.931138
4.334015
3.458907
2.988329
2.875034
2.933772
3.350148
3.438786
3.469701
2.992375
2.754461
2.918103
4.16645
3.385855
2.555951
2.51213
2.53557
3.57016
4.058138
3.507937
3.024403
2.973624
3.956922
3.474406
3.095312
2.96853
2.799187
3.650015
3.644129
2.75491
2.651176
2.692323
3.013387
2.82467
3.154228
2.971772
3.179174
3.253698
3.013557
3.282217
2.82602
2.73323
3.327851
3.542139
3.023636
2.890085
4.07135
3.623189
2.735147
2.730783
3.461725
3.282335
2.713305
2.938579
3.011714
4.040606
3.773338
2.81956
2.66294
2.861268
2.847535
3.135084
3.207884
3.036347
2.788913
2.708231
3.063546
3.12459
2.805373
2.679852
2.873621
3.957129
3.873855
3.129325
3.116009
3.007646
2.952195
2.951211
2.961865
2.994475
3.56204
3.363335
3.437061
3.20826
3.004223
2.94874
2.926338
2.793984
2.866656
2.675512
3.84497
3.959552
3.137721
2.806754
2.857573
3.044422
3.132258
2.809194
2.768113
3.156292
3.406295
4.817751
3.822487
2.915924
2.77878
3.115328
2.832608
2.715
2.631361
3.013664
3.076195
3.567172
4.225615
3.790084
2.864232
2.814464
3.235461
3.258084
3.733232
3.063156
2.656772
3.11168
2.840233
2.715246
3.089016
2.85249
2.769076
2.749512
3.987003
4.084806
3.136582
2.707987
2.869665
3.536261
3.419585
3.110807
2.920431
2.7325
3.090186
2.690665
3.200333
3.500445
3.715556
3.152175
2.966206
3.207813
4.195494
3.805048
2.780854
2.680996
2.903939
4.343806
3.451234
3.085796
2.989125
2.803547
3.106023
2.97998
3.320099
3.735175
3.212203
2.673211
2.958175
3.478324
3.320227
3.108016
2.583315
2.986971
4.316252
3.497595
2.953485
2.804571
2.914324
2.757727
2.865685
3.187783
2.917618
3.100932
3.116645
2.924676
3.270219
4.288224
3.954587
3.602658
2.971625
2.795645
2.677943
3.175944
3.072841
2.824045
2.888952
2.803341
3.354752
3.383922
2.939438
2.90189
4.705045
3.572353
2.957705
3.307713
2.838127
3.758924
3.565321
2.897695
2.631686
3.109216
3.166714
3.888459
4.112919
3.258318
2.898482
2.714018
2.888834
2.945641
3.286384
3.077263
2.981828
3.540361
3.653186
3.128634
2.807382
3.285414
3.236563
2.741418
2.936808
3.520781
3.118905
2.667916
3.558901
4.365279
3.210298
2.88261
2.662651
2.619415
2.889493
3.593273
3.456304
3.070897
3.357015
3.518953
3.758697
3.498899
3.064064
3.16604
3.175348
3.096686
4.438064
3.490902
2.754241
2.690355
2.807625
2.996267
2.830782
3.394969
4.065833
3.474675
2.836742
3.091046
4.522875
3.621403
2.550176
2.589381
3.075589
2.846104
3.094527
4.200075
3.446732
2.881437
2.690647
3.003851
3.48232
3.190825
2.698355
2.860914
3.230997
3.443222
3.012574
2.943036
4.462201
3.47737
2.952943
2.721537
3.731217
3.425119
2.889604
3.238486
3.421307
2.899219
2.866618
3.028017
3.396717
3.040325
2.919265
3.156399
3.118083
3.059413
2.662385
2.880274
2.946473
3.082767
3.020729
2.860679
3.318955
4.887304
4.400392
2.800927
2.67239
2.923285
2.826143
2.826552
2.819001
4.234184
3.569944
2.877154
2.849747
4.033749
3.523297
3.164308
2.824761
3.338631
3.252888
2.860852
3.788748
3.439695
2.877584
3.419369
4.858063
4.416017
3.213873
2.831502
2.744905
3.947137
3.231725
2.748669
3.191525
2.792889
2.832791
3.038065
3.072644
3.235512
3.817958
3.35913
2.807426
2.556686
2.898467
3.127333
3.284984
3.129143
3.131043
2.680792
3.024729
3.943551
3.417944
3.628156
3.437251
2.966329
2.634034
2.866861
2.779967
2.938564
4.046276
3.411744
2.543973
2.878908
3.157969
2.560382
2.62463
3.39298
3.309432
2.860984
3.440545
4.184944
3.27824
2.80727
2.592438
2.983185
2.80938
3.01549
3.768811
4.369978
4.531042
3.441317
2.833531
2.537244
2.900334
3.286733
4.058546
3.720399
2.822795
2.548631
2.751297
2.890603
3.191121
2.580394
2.64947
3.602667
4.399709
3.873631
2.932145
2.787757
2.637606
2.894912
3.355946
3.241507
2.935306
3.143194
2.768764
2.888339
2.961416
3.518476
3.326046
3.221949
2.807361
3.088233
4.632298
3.51262
2.829484
2.901986
2.673011
3.055912
3.096935
3.143859
2.791484
4.310602
3.395674
2.768197
2.755808
2.91513
3.184673
3.13084
3.137267
3.194374
3.144461
4.410072
3.467126
2.910925
2.770276
3.164336
2.792871
2.863002
3.688388
4.075118
4.916576
3.758678
2.592009
2.523231
2.986004
3.27194
4.704589
3.846845
2.8143
2.690622
2.857626
3.705231
4.188948
3.384093
2.754452
2.794901
2.938097
3.377439
3.037145
2.746555
2.618881
2.688586
3.25179
3.276671
3.504186
3.418057
4.296452
3.772152
2.997284
2.956097
2.870195
3.241705
2.948121
2.803324
2.932213
3.076759
2.745656
2.848971
4.467043
3.577119
2.965389
2.67404
2.689214
2.893845
3.86568
4.190301
3.572004
2.796989
2.756912
2.793187
3.171523
3.087784
2.580479
3.170273
2.902733
2.950966
4.221759
3.711589
2.583408
2.787426
3.084379
3.028458
3.649782
3.337612
3.508244
3.042562
2.86221
2.700377
2.80437
2.923681
2.72659
3.027143
3.187199
3.583658
3.821823
3.076212
2.85209
2.987201
3.764546
3.416988
2.85289
2.930977
2.913026
2.910844
2.808423
3.293692
4.296161
3.910394
2.937097
2.877266
3.440919
3.261705
3.254108
2.812004
3.28094
3.037292
3.624768
3.390222
2.790598
2.814181
4.177684
3.628757
2.932933
2.634914
3.125726
2.985759
2.945778
2.936874
2.809935
2.906003
4.096926
3.881507
3.104879
2.947304
2.714648
2.767312
5.131286
3.568499
2.86112
2.700218
4.12093
3.518744
3.046296
3.858212
3.50469
2.683822
2.699563
3.795134
4.008481
3.120316
2.909909
2.726143
3.034526
3.001755
3.11607
4.052886
3.339696
2.959504
3.137463
3.271997
2.714593
3.007052
2.981308
2.737098
2.905334
3.064898
3.839879
3.720388
2.959212
2.892011
2.831374
2.880744
4.342665
3.549982
2.888765
2.586051
3.24283
2.788409
2.678886
2.865113
2.715686
2.764738
4.083085
3.743921
2.903425
2.869355
3.03873
3.117039
3.079645
2.972753
2.900181
2.83791
4.502817
3.624101
2.973724
3.114362
3.36101
3.24775
2.88826
3.269814
2.991941
2.821985
3.602073
3.340403
6.088945
3.356384
3.122317
3.115265
3.558531
3.021024
2.930563
3.201643
3.906374
3.597931
2.782991
2.732068
4.705369
3.600432
2.810747
2.714246
3.499629
3.398966
2.971036
2.747
2.947118
2.972529
2.837707
2.708417
2.760354
3.137815
3.730978
4.471576
3.199406
3.068059
2.902562
4.19452
3.775402
3.521991
3.097434
2.949837
3.057556
4.08746
3.797265
3.121461
2.55692
2.860102
3.38669
3.44323
3.084686
2.964707
3.040249
3.170959
2.987962
2.935725
4.079667
3.561373
2.795161
2.915579
2.829252
3.001233
4.252913
3.459582
2.89391
2.799241
2.793758
2.88656
3.345076
3.004472
3.09688
2.906963
3.441136
3.894802
4.700657
3.802059
3.342478
3.066994
3.540629
4.144582
3.26063
2.88831
3.068878
2.94138
4.795866
3.427361
3.138581
2.774399
2.962327
2.804567
2.864072
3.227954
3.009703
3.359552
3.707066
3.231863
3.19761
2.839152
2.994146
3.395966
3.502924
2.859526
2.65915
2.751325
2.837886
3.786157
3.147162
2.63712
3.980433
3.532042
3.226826
2.852307
2.879398
2.877682
2.985228
3.087645
3.839911
3.149068
2.799964
3.100735
4.36607
3.959707
3.11981
2.808242
3.221752
3.02725
3.131142
3.342381
3.314522
2.964181
2.727621
3.216317
3.344212
2.910134
3.1356
3.126008
2.937506
4.038256
3.744023
2.720773
2.697808
3.084084
4.483014
3.420748
2.913377
2.955123
3.046249
4.330593
4.592854
4.070962
3.224919
2.847275
2.718035
2.911437
3.036669
3.716684
3.348992
3.025712
2.682415
4.254621
3.526531
2.598763
2.698532
2.844936
3.229407
3.512207
3.180871
2.838052
2.90773
3.720819
3.080704
2.850971
3.252333
3.310872
3.792064
3.615339
2.952681
3.080904
3.094854
3.266452
3.925944
4.594542
3.854393
3.140923
2.690982
2.996838
2.782164
2.685851
2.899367
3.721524
4.240244
3.310204
2.815932
2.82299
2.770597
2.738487
3.00193
3.516095
3.273389
2.994416
3.573422
3.914638
3.218996
2.9256
2.966199
3.225867
2.897562
3.469545
3.282251
2.835952
3.888898
3.77437
3.081905
2.731809
3.130566
3.119008
3.06824
2.913127
3.261753
2.975791
3.110976
3.059812
2.788016
2.952399
3.088053
3.540184
3.481342
3.715992
3.188984
2.731841
2.659363
2.842441
4.443936
3.688671
3.036679
3.266592
3.382629
2.894043
2.795006
3.303831
3.507806
2.887004
3.540159
3.448537
3.05179
3.078165
2.965534
3.009277
3.139394
4.189097
3.583412
2.888885
3.072078
3.980919
3.658772
2.626096
2.732537
2.736769
3.006932
3.283995
3.531575
3.167868
2.976217
2.900093
3.25456
2.957625
2.831432
3.072649
3.230372
4.040756
3.26678
2.920293
3.578157
3.935437
3.335871
3.416442
4.640588
3.86018
3.297773
2.878951
2.980448
3.376677
3.612103
3.074996
2.903768
2.848412
3.037019
3.215696
3.015877
3.341652
4.73386
3.874023
3.168373
2.930363
2.907685
3.354348
3.793645
3.900541
3.529365
3.172691
3.02962
3.06371
3.194424
2.8186
3.1787
3.171016
3.044818
4.46293
3.646532
3.046283
2.976254
3.460815
3.209305
3.267138
3.035552
3.453105
3.582594
3.097583
2.946076
3.01767
3.040437
3.524409
3.75228
3.207939
2.833264
3.970216
4.460213
3.590719
3.183547
2.818185
3.103925
2.869991
3.067739
3.051892
3.150293
4.488049
4.160489
3.053559
3.763746
3.573368
2.999165
2.984334
3.168821
3.478371
2.935719
3.172001
3.356348
3.283542
3.394155
4.134571
3.535132
3.219324
3.743006
3.856622
3.485768
2.992585
3.367712
