1.488249
2.292599
3.851399
2.844017
3.608176
2.75788
2.830976
3.815815
5.162412
1.763204
2.13631
4.462941
4.859941
3.036149
2.288069
4.090326
5.579597
3.865133
1.046407
2.093275
4.866986
3.215286
2.536399
2.124052
5.137093
3.73032
3.187012
3.427438
3.558945
4.288674
5.72131
3.346276
2.343884
4.734893
3.964808
2.769324
2.799057
3.81101
2.755578
3.785824
2.743204
4.184225
1.570518
2.884445
3.242852
2.78183
2.440439
3.124522
5.241338
2.763562
0.3161538
3.408555
4.092807
2.173146
3.966325
3.295867
2.098985
3.857794
1.94371
3.084478
5.035292
1.589671
2.026914
4.275556
4.00222
2.754057
4.359967
2.847886
4.239521
4.312663
2.420843
2.977581
5.950643
2.303272
0.9914855
2.773736
5.547425
1.972194
2.760095
3.595116
2.558999
3.995542
4.37743
3.691998
1.658375
3.732962
5.413653
3.621568
1.683526
1.501573
4.626672
4.489383
2.506395
1.619023
3.355038
3.157909
2.615818
1.588113
2.345456
4.340144
3.129116
2.093061
3.807413
3.113118
3.002694
3.868829
6.901823
2.768943
1.814394
1.993393
4.204627
4.365844
2.526605
4.563215
1.889305
0.7565162
3.968592
4.486588
1.931157
2.79288
4.303171
3.264112
3.41625
3.101589
2.592708
4.602242
1.882301
1.633399
2.640692
3.317248
1.310962
3.929575
6.043186
0.9629356
2.341903
4.087904
4.012265
2.655887
2.310718
5.365606
4.282252
0.815834
2.550129
3.811817
4.759566
3.098412
1.406528
4.083923
6.682653
2.699085
0.988335
4.686325
3.760838
2.894673
3.437974
4.028053
3.315857
1.943832
3.696156
5.756594
1.969939
2.301754
1.709159
3.337318
4.207308
4.591308
3.162853
2.667643
4.212707
4.152022
3.42251
4.725411
2.467164
2.880827
4.338491
4.839647
2.579254
0.7803631
2.242532
6.178362
4.543459
1.06311
0.640152
6.013753
4.110984
1.809511
1.750239
5.540824
4.40449
1.427999
1.654073
4.942069
2.927891
3.73362
3.928703
2.782239
3.484277
3.889839
3.457842
2.699049
3.144851
5.397082
3.396557
1.424783
1.209559
4.520348
4.116495
3.670115
2.718609
4.579049
4.710194
2.175955
1.838914
3.331537
3.907969
2.938952
1.089974
3.863724
5.798737
2.026986
0.07313341
1.410675
4.620424
5.447649
1.776309
1.43045
3.20295
4.337095
2.68596
2.069935
2.383009
5.495248
3.755769
1.329776
2.617508
4.820775
2.812384
2.258295
5.971233
4.866892
2.24191
2.473863
1.525671
4.21621
6.086758
2.143219
1.612475
1.964368
4.003365
4.29322
2.848231
3.914821
4.684202
2.959097
3.10769
3.815471
5.372916
2.393397
1.310857
4.330652
4.880304
2.267092
1.569952
2.872586
4.568242
4.134768
2.470103
2.657032
6.499456
3.444017
2.338045
1.638091
2.830873
4.805148
5.085379
2.000974
2.193054
2.128176
4.748204
4.029166
3.210049
2.004918
2.804122
4.030416
4.85349
2.723106
0.260162
3.263793
3.11541
2.862275
4.041854
1.785913
1.948059
2.549026
5.836757
1.599088
0.01550147
3.604963
3.261256
1.719241
2.69297
2.490229
5.314082
4.610752
1.868411
2.909345
2.8708
5.114643
4.540543
1.506341
3.098085
4.529099
3.955404
3.097336
3.527501
3.36868
6.21746
2.915857
1.067538
2.840999
5.072216
4.215817
1.821722
2.371165
4.412128
5.304977
3.47973
2.328743
2.069219
5.83443
1.735136
1.415818
3.288171
4.354245
3.365269
3.0531
4.146037
2.97737
3.377205
5.337503
2.36202
2.57965
3.661996
3.253048
4.29546
3.583209
2.113252
3.725868
4.924227
3.130008
2.598863
3.418762
3.930484
1.738337
3.093536
4.05584
3.509144
2.887369
3.452313
3.094067
4.564057
2.240987
1.788906
5.674002
2.603683
3.159861
2.254673
2.8219
2.234872
2.187783
2.581268
6.084496
2.727828
1.85953
5.702208
2.534702
0.7452412
3.623823
4.747878
4.086768
3.18499
3.18017
2.926036
3.884325
3.383859
4.255597
4.565422
2.069129
1.205846
3.867961
4.445033
2.451105
2.005145
5.581706
1.967468
2.173372
4.187905
2.836453
2.456039
5.900115
2.510839
1.206789
2.461562
5.89153
1.594718
1.780373
2.456493
5.616427
4.640139
-0.7727687
-0.168494
2.126778
2.843717
0.3674849
2.005493
3.000029
4.74406
4.126909
2.703735
2.382403
4.822917
5.012836
1.901267
2.531627
2.877796
5.422962
3.086942
2.878701
4.858422
2.795744
1.679694
4.312388
3.509013
2.468579
6.053438
5.227046
0.6225347
3.034321
4.004611
3.275678
4.336246
4.759251
1.674041
2.569456
4.078711
4.613333
2.449002
2.584238
5.321865
5.843414
2.02958
1.766115
4.076606
3.125544
2.25374
6.137145
2.287804
1.914503
2.972487
2.697648
3.730448
3.469553
2.593446
5.23667
1.041526
2.809999
3.381335
3.075192
3.255151
2.773911
5.343964
2.597815
1.589517
4.277285
3.607966
3.302775
4.900811
3.096705
3.079423
4.26721
3.645433
3.841867
2.413866
4.469731
1.752486
1.805836
6.500946
2.005558
1.51186
4.151059
4.847566
3.293794
1.309814
2.532704
6.049939
2.80313
0.9521973
1.801865
4.872931
3.893228
1.845005
1.892982
2.144791
3.745147
3.04008
2.19825
4.250628
2.590534
2.584277
3.658224
3.075114
4.325893
2.222369
2.405023
5.216691
2.026839
2.539479
4.968538
2.984256
2.078954
3.005954
4.667715
5.200129
3.266349
1.677675
2.094981
4.31443
5.008482
3.00633
1.438878
2.096294
5.199999
2.693571
3.815958
3.965864
3.544274
2.436849
4.009817
2.99121
4.333351
4.491313
2.00359
3.168254
4.201152
2.945529
1.490247
2.251924
1.51174
4.016151
7.31272
1.326317
1.370953
3.528947
2.660039
3.847529
4.038495
3.193384
2.927587
2.386908
3.322515
4.209402
2.702774
2.541579
2.207742
1.549565
3.660186
5.927144
1.260323
0.7736094
4.271626
3.184763
1.501761
3.560625
5.460233
1.756209
1.558686
3.626145
5.453455
2.767121
2.167605
2.53435
5.04974
5.040431
1.374342
2.828784
2.875139
5.235397
2.302187
3.427505
5.873524
3.555637
1.113405
2.395569
3.167088
3.138748
5.129548
2.020975
2.156788
1.548393
2.887702
3.729987
3.712532
5.50181
1.776513
1.910369
3.865437
3.665392
2.423107
1.340643
3.602251
5.024238
3.492742
0.5143754
1.118076
4.437164
4.344582
1.952672
2.266895
5.690804
3.069245
0.9111638
3.87547
5.389138
4.162504
2.205299
3.937062
3.849641
3.602918
3.232064
3.959997
2.116785
4.694878
3.697872
1.850244
5.120749
2.836949
1.150998
3.464687
4.665056
1.491427
3.948145
4.37093
4.708931
2.758271
1.990142
3.114908
6.410495
1.674636
0.6350357
3.807364
2.688264
3.27861
3.943657
1.512681
3.550361
5.629503
2.002784
1.580579
2.807365
2.711418
3.502777
6.693124
2.529465
-0.5981577
2.330372
6.32177
1.373341
1.307638
6.110845
2.820942
2.342161
3.787156
4.161754
2.759671
3.045326
4.271699
4.254862
4.387196
2.386128
1.858871
4.896132
2.99066
2.751456
3.744841
4.526237
2.583406
2.876653
4.400155
3.029448
3.082978
4.310354
4.700292
1.980539
1.067405
3.980088
3.869165
3.327353
2.219501
2.741467
3.854299
3.629977
2.903884
4.610145
4.026079
0.3749977
2.15594
5.335055
1.266801
1.328835
3.040336
2.295041
4.299465
3.797743
2.542598
2.844022
3.700853
3.984505
2.319556
4.551118
3.845303
2.964983
3.38664
3.305727
5.501902
0.7824883
2.070613
5.31417
3.716978
1.593327
2.184629
2.352081
3.57272
5.269317
3.120247
1.625935
1.9257
5.152056
2.65133
2.086318
1.422542
4.286125
4.248182
4.039918
1.834596
2.747005
4.996821
2.527483
-0.7860569
3.441376
4.745265
4.930937
0.9513133
2.585783
5.073253
1.720974
1.823919
1.682808
3.727371
3.892072
3.418844
1.121033
2.91678
5.934216
2.808088
-0.01018037
2.180777
3.719055
3.598065
3.288512
3.470999
3.386748
2.284246
4.459383
4.118979
1.616679
3.197008
2.725745
1.81808
6.870767
4.086389
1.652371
3.099867
4.598418
3.394766
5.359548
2.575111
2.267606
3.072944
4.517988
3.81995
1.91472
2.237025
1.852225
5.187787
1.452593
2.399501
2.735861
4.262704
2.007455
3.335925
4.504271
1.70451
3.428388
4.969696
2.546516
2.466088
4.198765
5.556728
1.414892
1.889365
3.452357
4.389182
4.419718
2.411756
2.121436
3.03672
6.143501
2.688012
0.5149201
2.333704
4.347518
4.340738
1.027873
3.714751
4.272723
2.630825
3.240633
2.645453
2.447884
3.799896
5.212416
3.062833
2.262683
3.974
4.067708
2.979146
1.609727
2.928627
5.305048
2.532512
1.19181
3.059996
4.839001
3.393906
4.411229
2.675145
2.887851
3.32725
5.90496
4.017852
1.741277
1.336269
2.567862
6.522795
2.786124
1.957216
2.207416
2.150524
4.648092
3.128109
2.810701
2.601454
2.765571
3.338607
3.013454
4.324085
0.6147133
1.865224
4.98934
4.267107
2.037791
1.864179
2.710426
5.697987
1.829073
1.295375
2.650809
5.531698
3.931086
0.6305819
4.502349
4.073746
3.245432
0.922236
3.422437
6.142135
2.42271
1.733243
1.831833
2.583307
5.041672
4.483425
1.949835
2.296029
3.304083
4.730889
3.790187
3.298711
1.699762
4.157468
3.101669
2.935663
4.147936
2.862378
2.398983
3.481128
3.387681
5.25373
3.619562
2.865068
2.333987
3.863868
3.84549
1.876937
3.971429
4.067624
0.6850049
2.765012
4.107898
3.626626
2.838853
2.287596
3.886404
4.009472
2.997685
1.160671
3.375432
3.044989
2.762032
2.877383
3.863446
2.04044
0.4634809
3.551305
5.237231
3.533698
-0.1880957
1.707908
2.66215
4.07329
3.901236
3.510851
0.6414583
2.102385
6.391173
3.294275
0.2287403
1.046263
3.40441
4.387173
3.128376
3.173011
1.89879
3.586912
5.20679
5.849507
-0.323814
0.1896247
5.48353
6.052165
2.491527
0.9226586
5.815526
4.06532
0.8511686
4.474315
3.493204
3.623107
2.352824
4.606865
2.139721
2.103883
2.361562
3.76529
3.162565
4.224766
4.520226
3.13385
2.036726
2.417364
3.151914
4.118321
3.916886
3.162454
1.085594
4.061343
3.594256
2.624372
2.821559
4.592632
3.49068
2.394365
2.893083
5.268408
1.856641
3.191346
3.37789
3.803023
2.52089
5.961874
