1.495218
1.536256
4.814756
3.503667
2.741538
4.7186
1.611845
2.789601
3.458704
2.857749
3.966607
5.377975
2.759929
1.418994
4.601595
4.787406
2.818985
3.179081
3.686769
5.943407
4.307178
0.5985291
2.265071
3.742511
3.786663
3.704833
3.393967
2.59331
4.404141
5.28594
3.071214
3.84777
3.374447
3.106941
3.314094
3.742736
4.336497
3.887757
1.721814
1.383552
3.833974
3.915344
4.075945
2.903067
2.167929
2.533819
4.560964
3.607604
1.751542
1.30881
4.12929
6.947163
1.689575
0.8221987
1.863536
6.060859
2.735387
1.436543
4.425471
1.398183
4.496277
4.12731
2.036358
3.758836
4.474442
4.319197
2.456499
2.157128
2.782608
6.682779
1.812904
1.642491
3.748451
4.371233
3.799269
2.028521
2.91864
3.065506
5.052124
1.751846
2.1491
4.85287
3.260535
3.09868
3.995126
5.047143
3.841293
3.648688
1.579476
2.645318
5.504845
4.506792
1.82367
1.848533
3.750866
2.824822
4.914174
0.8223122
1.926509
2.702345
4.044656
4.389032
1.758742
3.55267
3.328236
3.349046
4.565748
2.943156
2.504764
4.229064
3.655968
1.951959
0.7455816
2.114077
4.727401
4.769967
1.742729
2.512024
2.467442
2.750285
4.308025
4.445985
0.6827149
2.186247
3.323911
1.534191
4.183503
5.416742
2.501965
0.475545
2.601925
3.681566
5.178581
4.08274
2.561746
3.06711
4.380964
4.158112
3.709937
3.131792
1.582015
3.364033
5.437431
2.685138
2.369462
2.746184
2.702919
2.365186
4.67419
4.211504
2.853709
3.669935
2.477962
2.720861
3.454476
4.346404
1.350421
1.36986
3.225272
5.199446
2.758316
1.784035
1.983801
4.818153
4.809785
2.944672
1.868757
4.095376
4.685871
3.029845
1.309732
5.0152
3.021456
1.726043
4.000928
4.538363
2.358542
2.722253
3.902536
4.736017
2.77932
3.142289
3.068927
3.92301
3.478483
4.588441
3.511214
1.940199
3.302583
4.509831
5.602321
2.206346
1.926539
2.96797
1.965644
5.884566
3.606264
1.811738
2.300278
2.359912
5.987286
2.208196
1.657457
3.100221
5.159691
2.476063
2.985102
4.624032
1.995847
4.366728
4.484615
2.118388
1.792374
4.621916
4.970402
1.431892
1.247656
2.520269
4.218214
3.162432
4.03933
2.885874
3.521326
3.507034
3.312509
4.561634
3.102733
1.857146
4.371436
5.749274
3.111479
1.561109
4.760397
3.937796
2.248877
3.37885
3.151638
2.768971
3.509612
4.116301
3.124795
2.856037
2.545502
4.944874
4.108125
0.5984403
3.017586
4.687196
3.367929
2.270463
0.3473816
2.48705
3.860139
3.353027
3.040028
3.110818
2.186815
3.22227
4.576927
4.150822
3.014039
1.912956
2.821813
4.974712
3.898005
3.111462
1.474478
1.982954
5.921948
4.072742
1.25066
2.316858
4.235038
3.897931
4.881025
2.592227
1.678619
3.706326
6.392662
2.338951
1.126305
2.344888
3.405081
4.308124
3.839862
4.675162
2.063943
2.486579
4.345999
3.201498
2.800474
4.633153
3.387285
2.358195
4.107321
4.08554
1.896362
1.836276
4.742129
4.526252
1.674431
2.21348
3.028471
2.757779
3.305448
4.870828
2.727342
-0.2911299
2.953165
4.774665
4.128292
1.007642
1.131888
5.570413
3.276121
2.238831
3.023903
4.421575
5.832154
2.48718
1.989876
3.010756
4.782925
2.988689
3.418079
2.473836
3.699564
5.71305
2.254287
-0.0740103
2.934168
4.24962
3.16273
3.263892
1.489208
3.680786
5.351032
2.056435
1.825753
3.597116
5.535936
2.82063
2.463002
2.784959
2.943075
3.223723
2.846581
4.481994
2.916437
2.728483
2.848928
4.365936
3.336188
2.252911
4.209646
4.044338
3.051682
2.151761
2.751285
5.050275
3.853897
2.509086
4.190313
5.803566
0.3851433
2.536844
4.765098
4.202713
0.6124124
1.878521
1.592007
6.165103
5.018171
2.25287
2.520703
2.515125
6.033121
3.894483
2.607414
2.837249
1.329238
4.273436
5.598233
2.95693
1.281637
2.802532
2.613697
4.466684
5.024441
2.537428
3.146161
3.856472
3.275672
2.156406
4.407661
5.181928
0.4237342
2.586661
4.995597
2.954439
0.5869709
2.991082
4.18679
4.348397
2.032892
1.977912
3.555248
4.641199
5.899842
3.06597
0.950502
1.740303
4.380597
1.137832
2.134382
2.583754
3.36722
3.693826
4.703995
1.481165
3.019476
5.640259
3.992404
1.116492
3.302425
3.907421
5.292515
1.644304
1.429041
2.412785
5.221312
2.916556
3.127546
3.810266
5.906842
2.443299
2.093232
2.533415
2.751415
6.322289
2.098413
0.6321896
2.344233
4.57751
3.73034
3.591384
3.415602
3.714188
2.019521
2.849776
5.813297
4.484527
0.8184794
1.701493
4.874788
4.574169
2.041518
1.707401
3.30221
4.951029
4.106107
2.299868
3.228156
3.735238
3.087536
2.724214
5.04628
5.285442
2.286382
3.257259
3.365818
4.411363
2.358901
2.623615
6.089726
3.292166
1.878868
2.468824
3.367635
4.151893
5.418783
1.247517
4.022041
3.570494
2.628361
2.917002
4.256741
3.508121
3.40457
2.83592
2.637047
5.489597
4.271947
1.168545
2.520534
5.733141
1.619079
3.08254
4.589207
1.819794
-0.1284517
2.300371
3.186644
2.910844
3.890516
1.474588
2.030499
4.135614
4.154451
2.425901
1.796926
3.598028
5.119709
3.133229
1.113331
3.699484
4.653464
2.526579
2.589184
3.468727
4.733014
3.595407
2.148502
2.584282
3.10671
5.402227
3.590358
2.102859
3.029994
3.765021
2.345938
4.10778
2.47697
4.234377
2.041251
2.903966
2.922053
3.040606
3.912741
4.821713
2.029781
3.426536
5.576982
3.190578
1.230695
4.616764
4.023653
2.87959
3.558023
4.489809
2.68076
2.365788
2.333304
6.587184
3.326421
0.17799
3.003287
2.598743
2.588434
5.475906
3.405209
1.414307
0.4762831
3.158177
6.332736
3.037872
0.5387443
1.425729
4.870192
4.964252
1.75638
2.826632
2.751869
3.862045
4.336196
2.994391
3.844707
2.77448
2.180778
4.747881
2.607585
2.322081
3.199353
3.988127
3.475862
3.879781
2.195305
3.189481
4.729758
3.101788
1.566755
2.71891
4.543191
3.926129
1.849842
3.117483
3.758504
5.357395
3.967091
2.051657
2.515034
5.0101
6.466872
1.226838
2.368411
4.372373
2.768644
1.682781
2.643678
3.778059
2.979898
3.640094
2.291765
3.427768
4.927616
1.504904
2.134029
3.889609
2.644967
2.84532
2.776766
5.928739
1.892467
1.127236
3.254235
1.907523
4.375149
5.690154
2.089886
1.681652
4.712454
2.136877
3.524224
5.066296
3.651955
2.744014
3.551018
5.27394
3.092568
2.63134
2.292392
1.806043
6.75614
3.862785
0.9901192
2.118214
3.817995
5.958598
1.823719
1.073173
3.874057
5.051973
2.264759
1.454362
2.727481
4.188838
4.350121
-0.465554
1.848002
5.014581
3.630223
1.225694
2.710454
5.886854
2.356401
2.023262
2.376877
3.751381
4.317634
2.115439
2.977813
3.333121
3.270301
6.118951
3.17356
1.185873
3.572723
3.460692
4.690878
3.778996
2.360525
2.779346
3.556078
4.918174
3.081983
3.806166
4.780666
2.313495
1.510003
3.314015
4.44787
3.70796
4.012224
2.994565
2.516672
4.289163
5.191378
2.41569
2.214706
3.695482
2.778124
3.628395
5.098037
1.329145
1.580222
5.106247
3.768087
1.530051
2.781008
2.247895
3.040887
5.061347
1.653371
1.760364
3.990256
2.043167
3.23566
4.760542
2.932572
0.8356632
3.658378
3.524611
2.162935
4.488077
2.759752
2.719984
3.546923
4.192338
3.311848
3.698253
3.795345
3.932036
2.993588
4.623317
3.681659
1.680741
2.246534
3.968411
2.541105
2.032119
3.832445
3.540246
3.742159
2.148263
3.211951
4.230379
1.359818
1.022717
4.699518
6.00322
2.306964
0.9477404
3.969846
3.568037
2.208611
2.299883
3.631925
2.039863
1.910285
3.696285
4.654073
2.422176
1.743592
2.564518
3.908545
5.280835
2.623695
1.494941
2.703389
6.956538
3.499009
0.3477452
2.873935
1.656888
0.7230739
5.069314
4.699538
1.857048
1.305295
1.577781
2.717125
5.231112
2.732628
2.079488
2.423724
2.388693
3.314314
5.711308
3.282093
1.835485
3.77094
5.197593
3.715532
3.465993
3.679299
3.948568
0.8507509
2.646883
6.181056
2.255757
2.670131
3.103421
2.820547
2.647279
4.493539
3.798386
3.92349
3.788248
1.795915
2.759236
3.729089
4.770347
0.5352278
3.225649
5.326337
2.539635
2.601156
2.785814
2.372982
3.859574
1.906932
2.568964
3.309603
3.949051
2.26577
3.117183
3.970811
2.738133
2.367023
3.106963
3.463005
3.379495
2.571277
2.796518
3.556622
5.40664
2.530897
0.8944209
2.605534
5.705311
3.596681
2.240473
3.29758
3.129984
3.979965
2.687066
5.223825
4.003994
1.310386
3.88937
3.748711
4.036479
3.025975
2.837392
4.192723
3.388145
3.417675
1.983801
3.314305
3.114455
3.431916
1.344166
0.8380387
3.841166
5.278902
1.336511
0.6845995
2.66275
3.712346
5.031537
2.554548
2.824804
2.964313
2.924172
1.773154
2.006847
3.658148
3.963525
3.685919
3.153024
1.573664
4.919518
4.733458
1.195213
1.694922
3.617212
3.67467
4.29987
3.270145
1.715833
1.617812
6.249639
2.797025
1.143518
4.069825
3.576995
2.778381
4.924408
4.302888
2.847641
4.060046
4.731199
3.33892
1.812509
3.325778
3.050728
5.109694
2.95382
2.756063
4.216152
4.644701
3.332464
3.717789
3.790741
2.31398
2.658979
3.693011
2.671638
2.829742
3.076771
3.907947
2.145859
2.297064
4.825663
3.081683
0.8745313
1.634776
2.437047
5.703232
2.198501
1.945182
4.173258
3.550252
1.742432
2.190538
2.150731
3.305456
6.943423
1.579462
-0.07405983
0.7622055
4.336257
4.565772
2.635221
1.522302
3.570803
5.556808
3.640043
3.724876
3.424501
3.406173
2.917584
4.609395
3.441544
3.406381
2.380823
2.874639
5.6118
3.14077
4.905399
3.473497
2.732043
3.640239
4.658237
2.801826
4.695417
2.742911
1.453616
4.382603
3.044656
1.219664
1.890956
4.464261
2.841563
3.364629
3.485631
2.136042
2.904769
5.302001
4.765236
2.178723
2.437407
3.863175
3.475126
2.981693
6.290619
2.897297
0.7250336
1.754493
3.199435
4.740679
3.363762
2.670461
2.579774
4.951316
3.256496
2.010105
0.4860013
5.156335
3.410374
