28.68258
29.44314
29.18538
28.54479
29.18379
29.00767
29.07488
29.4147
28.84698
28.28027
29.44367
29.08141
29.15604
29.33527
29.43668
28.65632
29.25394
28.50655
28.97761
29.54553
28.09353
28.67931
29.05969
29.42887
29.19439
29.18423
29.03871
28.58561
29.28678
29.25156
29.14748
29.19795
28.97375
28.98651
28.30388
28.72065
29.3133
29.36501
29.14608
28.58347
28.74403
29.32166
29.15165
29.17411
28.65517
29.48795
29.19022
29.27654
28.79306
29.21045
29.39322
28.6217
28.37239
28.33345
29.91
29.09836
28.91674
29.78614
29.09227
29.06889
29.47318
28.73007
28.91416
29.14536
29.20486
29.0877
28.62444
28.62653
29.26863
28.79376
29.07997
29.24026
28.83999
28.91844
29.15168
28.79294
28.62904
29.36275
29.43862
28.98485
29.6877
29.40046
29.19431
29.18559
29.06832
28.82362
29.06424
28.78355
28.63157
29.3577
28.97616
29.24187
29.19033
28.54684
28.31608
29.5694
29.31986
29.24218
29.27258
28.86731
29.31384
29.42901
29.42837
29.50802
28.90984
28.94603
29.06723
28.25191
29.5705
29.38178
29.19506
29.03963
28.94717
29.04806
29.34562
29.28389
28.90097
29.21009
27.99278
29.13533
29.57372
29.21148
29.42532
29.77105
28.90397
28.06078
29.57876
29.05165
29.37445
29.37023
29.12493
29.04804
29.5383
29.02709
29.20379
29.04403
28.60397
28.92989
29.1979
28.86439
28.76713
29.28501
29.5097
29.41532
29.34973
29.44609
28.37695
29.05554
29.42866
28.97349
29.28479
28.81436
28.18036
28.64181
29.51785
29.1747
28.94565
28.69245
29.46357
29.55763
29.34221
29.45133
29.29733
29.08486
29.19537
28.84858
28.84252
29.5476
29.12743
28.48649
29.30503
29.24026
28.77966
29.35428
29.56101
29.30326
29.20958
29.38987
29.26629
29.02497
28.84127
28.95823
29.46469
29.43347
29.28978
29.39452
29.35779
29.21885
28.58061
29.31362
29.21245
29.39959
29.20191
28.80459
29.56178
29.57598
29.30691
29.37245
28.66319
29.73395
29.19858
29.2985
29.24866
29.30302
29.36401
29.30506
29.49003
28.8413
28.68386
29.44588
29.41705
28.6049
29.65858
29.56254
29.22777
29.26462
28.89926
29.49616
29.28686
29.52305
29.29634
29.06205
28.99192
29.15033
29.64113
29.23514
29.16239
29.07074
29.27836
29.44173
28.83608
29.1858
29.34531
28.75454
29.42274
29.3467
29.27339
29.52457
29.23529
29.27261
29.27819
28.88326
29.25021
29.66786
29.2927
28.5472
29.89063
29.66174
29.12753
29.49154
29.36442
29.1961
28.98267
29.2531
29.81945
29.37338
28.99266
29.27903
29.64173
29.15164
29.30859
28.73363
29.73177
29.71631
29.36415
29.41261
28.78464
29.1326
29.46107
29.29648
29.46417
29.33443
29.44442
29.76844
29.3946
28.82155
28.5456
29.67988
29.46968
29.54897
29.57433
29.09994
28.87691
29.22416
29.69127
29.63477
29.44938
29.68732
29.478
29.46085
29.03469
28.9211
28.53773
29.41831
30.08359
29.61815
29.25703
29.82295
29.53679
29.31832
29.00917
29.23182
28.79485
28.84106
29.68771
29.54413
29.50298
28.76757
29.41089
29.41157
29.45742
29.05511
29.62157
29.35557
29.76586
29.44062
28.91579
29.5483
29.30231
29.36238
28.97715
29.28536
29.36444
29.17397
29.43968
28.5759
29.46236
28.93049
28.86028
29.27406
29.15772
28.70292
29.32243
29.38932
29.62041
29.51273
29.34892
28.93157
28.55274
29.48322
29.63561
29.37128
29.29631
29.41432
29.21973
28.72705
29.53938
29.25894
29.30968
29.07471
29.64427
29.63691
29.17658
29.1671
29.38881
29.3107
29.3262
29.17693
29.20916
29.48658
28.59294
29.23902
29.69288
29.01363
28.13229
29.63877
29.36411
28.88672
29.53968
29.44334
29.10274
29.68957
29.52777
29.58472
28.90006
29.53712
29.56275
29.55818
29.51818
28.77346
29.03777
29.84101
29.35636
29.25019
29.43235
29.19181
29.07642
29.51062
29.72356
29.68021
29.59399
29.54701
28.64173
29.25328
29.9554
29.14939
28.90496
29.57476
29.64101
29.45337
29.2579
29.20338
29.61637
29.29586
28.85698
29.26886
29.68036
29.38898
27.94267
26.79314
27.92497
29.27275
29.26693
29.45735
29.75605
29.6732
29.60668
29.5252
28.70702
28.80514
29.48512
29.60007
29.48427
29.62667
28.5475
28.81996
28.76057
29.73502
29.35468
29.36847
29.21888
28.95272
29.0327
29.69931
28.74353
28.79095
29.2816
28.19557
29.25686
29.60339
29.43849
29.77997
29.12354
28.99783
29.45276
29.80937
29.57897
29.26666
28.68874
29.07788
29.72882
29.76576
29.02677
29.70413
29.80163
29.58629
29.36698
29.05501
29.46358
29.75312
29.58645
29.6443
29.71219
29.55451
29.04408
29.03704
29.46268
29.54752
29.41732
29.60826
29.6179
29.52672
28.93456
29.66696
29.69639
29.5255
29.77033
28.91472
29.3294
29.19171
29.26068
29.60827
29.63027
29.40602
29.22121
29.1816
29.01561
29.67031
29.81011
29.53372
29.79075
28.93954
29.01536
28.78919
29.34736
29.40923
28.42052
29.7774
29.30989
29.43521
29.49573
28.93459
28.95263
29.58041
29.75438
29.35417
29.59872
29.68311
29.41768
28.83908
28.83027
29.47095
29.53682
29.71861
29.55545
29.76696
29.60781
28.85862
29.11456
29.21776
29.64183
29.17229
29.24971
29.02531
29.38881
29.79378
29.27966
29.7246
29.52051
29.08019
28.62087
28.54061
29.72981
29.87485
29.60441
29.6865
29.04278
29.16575
29.80128
29.22713
29.38178
29.81142
29.35106
28.94314
29.15409
29.68602
29.25003
29.39181
29.62908
29.41368
29.08289
28.53896
29.61989
29.66303
29.16121
29.75253
29.46439
28.40995
29.66758
29.58316
29.44442
29.35003
28.95565
29.69716
29.91502
29.2709
29.19041
29.27132
29.83183
29.53009
29.64872
29.60929
28.92499
29.199
29.72634
29.79046
29.5835
28.37275
29.84209
29.52829
29.41623
29.68948
29.06862
29.58138
29.54609
29.59058
28.87601
29.22855
29.64654
28.94357
29.30537
29.69587
29.69082
29.45464
29.62781
29.13468
29.36703
29.51565
29.49694
29.32565
29.45671
29.5569
28.40281
27.38478
29.20239
29.50057
29.53758
29.88717
29.22395
28.9088
29.19932
28.48051
29.03542
29.73
29.44476
29.41378
29.67808
29.11283
28.64212
28.74611
30.0039
29.68505
29.49981
29.61223
28.55021
29.08975
29.69643
29.207
29.54709
29.67466
29.25121
29.17405
29.84139
29.54133
29.26609
29.04003
29.60302
29.2958
29.42155
29.19109
28.74994
29.68621
29.67136
29.53059
29.67619
29.4384
29.70332
29.47177
29.62145
28.93926
30.02359
29.45325
29.92304
28.70691
29.59567
29.98915
29.18734
29.88413
30.25098
29.33522
29.19547
28.8049
29.81021
29.61459
29.55765
29.51854
29.11927
29.64956
29.86776
29.53291
29.66872
28.89292
29.98917
29.78784
29.39133
29.43402
28.88147
29.20562
29.98631
29.75755
29.73211
29.44471
29.7338
29.01388
29.43443
29.85846
29.61371
29.54741
29.68693
29.52666
29.38496
29.51324
29.65141
29.47676
29.48097
29.67326
29.47531
29.0928
29.59452
29.14441
29.38783
30.06292
29.71624
29.7303
29.9197
29.72834
28.78685
29.23687
29.41652
29.55063
29.95808
29.52757
29.74888
29.88127
29.66257
28.64473
29.49878
30.07997
29.53956
29.43439
29.65261
29.06118
29.58335
29.8089
29.74404
29.89966
29.81524
29.4842
29.47172
29.47927
29.56198
29.37283
29.86653
29.40447
28.56054
29.05643
29.79114
29.78237
29.66726
29.08408
29.60703
29.47784
29.22456
28.9998
29.60981
29.38786
29.56035
29.4063
29.73981
29.29336
27.8154
29.21821
29.71529
29.59922
29.6844
29.58486
29.4917
28.78149
28.77996
29.85693
29.67748
29.56112
29.30038
29.63777
29.65307
29.32991
29.60706
28.66424
29.92949
29.32887
29.27497
29.85712
29.85385
28.94835
29.18686
29.44312
29.51711
29.62092
29.64074
29.26947
29.55775
29.41785
29.73371
29.45832
29.53565
28.96039
29.40752
29.54672
29.57775
29.73076
29.84446
28.68526
28.60351
29.31568
29.60936
29.01381
28.64307
30.05503
29.47958
29.79928
29.60749
29.61926
29.53174
29.42895
29.56257
29.16924
29.81644
29.13638
29.18
29.12223
29.91023
29.67667
29.41748
29.90325
29.22162
29.02869
28.99311
29.02056
29.95297
29.70597
29.46258
29.67709
29.6593
29.00682
29.16131
29.1553
28.99788
29.38012
28.96728
29.79889
29.56178
29.49148
29.61456
28.77133
29.67774
29.41754
29.35924
29.4139
29.2828
29.62927
29.31191
30.03428
29.43215
28.75731
28.65759
29.54154
29.70447
29.17377
29.19951
29.46134
29.51831
29.60126
29.45508
29.39111
29.30624
29.40597
29.01548
28.51301
29.26629
29.89891
29.58921
29.24377
28.87414
29.8856
29.50473
29.6181
29.91753
29.56145
29.35623
29.32738
28.09483
29.44343
29.88532
29.61711
29.49704
29.27652
29.62908
29.42185
29.69359
28.51307
29.41379
29.80054
29.76784
29.12284
29.60314
29.33475
29.44438
29.74173
29.39908
28.43439
29.94939
29.83455
29.3148
29.64437
29.7038
29.59088
29.54924
29.85819
29.26282
28.76381
29.39369
29.99673
29.57889
29.50416
29.4517
29.6223
29.54515
29.39611
29.38444
29.49878
29.08017
28.98856
28.67172
28.64572
29.19025
29.24253
29.30341
29.58427
29.4767
29.30627
29.4329
28.59822
29.61866
29.95294
29.35625
29.56087
29.58865
29.47142
29.31768
28.48586
29.83544
29.67994
29.79028
29.78964
29.05954
29.01019
29.92485
29.25347
29.58382
29.50358
28.90037
29.35403
30.11943
29.69543
29.74991
29.8682
29.64995
29.47393
29.58783
29.43539
29.03121
29.24667
29.94848
29.60212
29.40461
29.43259
29.63678
29.56621
29.72639
29.48818
28.75141
29.22171
29.20844
29.56614
29.0973
28.74643
28.20944
29.04092
29.45331
29.53928
29.52494
29.30601
29.30207
29.32667
29.69427
29.74085
29.50162
29.94131
29.90327
29.89466
29.39178
29.35786
29.39972
28.64805
29.86355
28.99254
29.62136
29.46876
29.61299
29.51277
29.76794
29.76961
28.97101
29.70072
29.66303
29.93598
28.84691
30.10441
29.83035
29.62775
