28.36228
29.06262
28.92352
28.80378
28.62342
29.2073
29.04975
29.11726
28.97883
28.09539
29.4141
29.03065
29.18846
28.33562
28.63617
29.3579
29.04473
29.43114
28.83378
28.82283
29.15356
28.73643
29.01594
29.31074
28.70943
29.19914
29.06107
28.92056
28.62295
29.26905
29.33141
28.82141
28.8248
28.81136
29.23438
28.73906
29.15614
29.30769
28.34792
28.79275
29.22785
29.3286
28.95894
29.13976
29.21385
28.95797
28.95406
28.28146
29.74586
29.21471
28.99989
28.17318
28.61299
29.39663
29.22993
29.53703
28.41147
28.87843
29.47486
28.52698
29.29744
28.75842
29.00138
29.43723
29.18476
29.24979
29.11231
29.49446
29.31679
28.80386
28.23026
29.61227
29.10241
29.47363
29.77681
29.58091
29.19343
28.8311
28.73719
29.08806
29.0385
29.231
29.03947
29.06
28.87972
28.24829
28.67796
29.41152
29.23289
29.20417
28.78413
28.69263
29.29898
29.69912
29.49475
29.23345
28.54789
29.29719
29.26125
29.06389
28.7085
29.00398
28.45251
29.96832
29.18583
29.03533
29.14436
28.88186
28.11103
28.81169
29.37763
28.50365
29.06978
28.79911
28.34109
29.59583
29.48314
29.37266
29.08668
29.19798
28.33616
29.37111
29.31812
29.07917
29.5942
28.9272
29.51592
29.11093
29.44518
29.20029
29.19709
29.08327
29.34367
29.3852
29.05896
28.84543
29.02966
29.02013
28.8072
29.24977
29.38854
28.98413
28.99698
29.02891
28.8235
28.43138
29.35323
29.12573
28.86697
28.6218
29.34313
29.0014
29.16523
29.1447
28.80354
28.88618
29.19674
28.87635
28.39831
29.56025
29.57373
29.33945
29.55489
29.07619
29.23767
29.17911
29.55178
29.04856
29.08937
28.53984
28.98868
29.44114
29.35824
28.64222
29.70055
29.71408
29.38431
29.72206
29.52475
29.30316
28.53345
29.06973
29.23886
29.50474
29.11181
29.60584
28.98305
29.18495
29.3037
29.32385
29.39554
29.52382
29.05037
28.80229
29.36022
29.48597
28.56529
29.27901
29.51968
29.28494
29.37142
28.89125
29.18907
28.4929
29.75804
29.31156
29.3569
29.40496
29.12808
29.53463
29.06213
29.08221
29.30092
28.87086
29.67724
29.16448
29.20938
28.5403
29.1244
29.68816
29.43147
29.16109
28.80429
28.51921
29.5565
28.95009
29.11234
29.35928
29.11094
29.56959
29.23917
28.62487
29.0806
29.36862
29.38885
29.01325
29.01349
29.41253
29.47691
29.77667
29.34531
28.45289
29.17343
29.20901
29.41812
29.29863
29.50406
28.42608
28.93194
30.09564
29.2806
29.28094
29.14239
28.69835
29.28272
29.32126
29.51171
28.84271
29.55967
29.65281
29.29964
29.39606
29.32614
29.35678
28.17422
28.63275
29.50904
29.36997
29.34936
29.55418
29.39612
29.30597
28.99705
28.97379
28.71592
28.83097
29.3883
29.68927
29.59247
29.41927
29.4167
28.78427
29.44772
29.52862
29.38751
30.00755
29.58423
29.22464
29.27701
29.59349
29.34248
28.34791
29.63497
29.35689
29.25456
29.40374
29.1694
29.4929
29.35016
29.27257
29.62271
29.01609
28.36114
29.86039
29.63016
29.33537
29.53538
28.65311
28.61362
28.84531
29.27615
29.80683
29.60972
29.42529
29.50246
29.00905
29.17936
29.82361
29.10556
29.34289
29.19576
28.78631
29.41438
29.11449
29.61739
29.24789
29.29873
28.46433
28.95414
29.22956
29.37931
29.35203
29.50331
28.65082
28.58491
29.5535
29.57245
29.32568
29.35449
29.48118
28.34739
28.7162
29.88293
29.85943
29.5234
29.38182
29.57367
29.06697
29.34985
29.62962
29.65993
29.39305
29.49338
28.93664
29.28193
29.18687
29.08676
28.48574
29.63902
29.54604
29.51211
29.67932
29.43933
28.05992
28.75397
29.42059
29.58782
29.3353
29.49559
29.8788
29.31617
29.42128
29.55058
29.28453
29.71901
29.2596
29.56474
29.29068
29.42171
29.52521
29.23166
29.20077
29.28409
29.07776
28.51293
29.63877
29.57454
29.68487
29.48371
29.57981
28.66701
28.79742
29.61131
29.47742
28.70085
29.49697
29.94629
29.29756
29.55
29.56262
29.61283
29.28272
29.05213
29.46097
28.7689
28.62576
29.65283
29.73164
27.55915
27.05424
28.88975
29.30444
29.34849
29.49264
29.18396
28.80362
29.4787
29.33481
28.77543
28.95926
28.78686
29.7629
29.2825
29.39989
29.18896
28.79538
28.81639
29.30591
29.74781
29.2839
29.11717
29.2718
29.20074
29.32671
28.29728
28.53953
29.59966
29.43406
29.05629
29.22233
29.41333
29.50493
28.82371
28.50647
29.57827
28.92029
29.55863
29.41765
29.68969
29.63186
29.46948
29.47595
29.22968
29.57689
29.57931
29.39071
29.46934
29.29925
28.29118
29.22396
29.83166
29.50817
29.57242
29.84251
29.46095
29.82289
29.47835
28.7954
29.77168
29.69547
29.40423
29.66381
29.44422
29.67365
29.23495
29.3374
29.56092
29.24231
28.9358
29.24634
29.32886
29.33525
29.23615
29.46114
29.30526
29.42262
29.41361
29.24666
29.63067
29.36853
29.07544
28.92447
29.00905
28.55911
29.7261
29.20014
29.40474
29.52384
29.38473
29.55181
29.37352
29.1248
29.44356
29.12518
29.86437
29.58403
29.48139
29.84769
29.35723
29.64962
29.54209
28.87702
28.66571
30.03862
29.33271
29.53763
29.80025
29.53498
29.34178
28.61674
29.95384
29.41045
29.52179
29.87264
29.50134
29.14851
28.72162
29.91892
29.601
29.34058
29.6535
29.07769
28.44602
29.79937
29.91916
29.58101
30.00406
29.76938
29.39883
29.5675
29.19592
29.77935
29.36819
28.83853
28.88854
29.80409
29.70722
29.62582
29.60836
29.94463
29.66938
29.53127
29.1998
29.16308
29.47646
29.66574
29.35368
29.2099
29.47779
29.15905
29.02267
29.2794
29.36733
29.50694
29.45924
29.18485
29.30994
29.56317
29.40915
28.65297
29.90874
29.8343
29.39955
29.11784
29.42234
29.45378
28.94796
29.60738
29.52076
29.54067
29.61211
29.28314
29.15798
29.3744
29.81453
29.52278
28.53016
29.76873
29.22048
29.21365
29.62489
29.45483
29.26165
29.16601
29.71494
29.57525
29.59652
29.55166
28.66705
29.69029
29.72202
29.2744
28.29688
28.6157
29.38547
29.42967
28.91636
29.70252
29.25285
28.81503
29.21146
29.31073
28.99947
29.66773
29.577
29.5602
29.68026
29.61279
29.45738
29.27262
29.42828
29.61127
29.6446
29.58578
28.59739
29.55281
29.47031
29.69731
29.25765
29.55837
29.1733
29.356
29.56975
29.10767
28.94428
29.80564
29.6762
29.44302
28.90833
29.53473
29.77546
29.52613
29.47573
29.63351
29.63413
29.5209
29.45752
28.89521
29.09654
29.94027
29.62087
29.47152
29.33706
29.65728
29.40261
29.56592
29.64847
29.6721
29.22765
28.91147
29.36892
29.58239
29.32921
29.37192
29.61232
29.84114
29.62967
29.91032
29.53142
28.70502
29.52203
29.60929
29.55183
29.25617
29.60943
29.70228
29.57866
29.45758
28.60637
29.39551
29.87016
29.43762
29.24864
29.02133
29.51414
29.71735
29.64492
29.78991
29.43896
29.85391
29.308
29.80445
29.39618
29.55427
29.63596
29.1695
29.65482
29.82325
29.22091
29.53079
28.69689
29.76236
29.84235
29.55625
29.94062
29.66488
28.94964
29.73302
29.68543
29.80379
29.98927
29.65515
29.57517
29.45419
29.57422
29.38859
29.04308
29.49956
30.04215
29.80989
29.59503
29.58278
29.12039
29.81227
29.76201
29.53461
29.57795
29.1543
29.38345
30.05289
29.52128
29.65959
29.67858
29.17816
29.38253
29.0874
29.16063
28.94288
29.79871
29.52454
29.57183
29.7864
29.85633
29.23792
29.37993
29.30519
28.63437
29.51916
29.74747
29.73268
28.94718
28.2521
29.71648
29.53742
29.28571
29.57063
29.93304
29.68299
29.16738
29.39523
28.52061
29.55143
29.66513
29.08668
29.02675
29.82439
29.57344
29.70475
29.72442
29.51601
28.88666
28.75055
29.78645
29.32809
28.43871
29.93488
29.84143
29.74382
29.6006
29.83449
29.43308
29.36205
29.71058
29.35744
29.50998
29.48673
29.20659
28.87817
29.52724
29.95615
29.51066
28.85114
28.88275
28.80151
29.42997
29.60831
29.56536
29.54467
28.5698
29.84346
29.56235
29.70697
29.78702
29.80426
29.16598
29.38415
29.58195
28.83143
29.63641
29.49027
29.44439
29.87377
29.8328
29.19596
28.8805
29.65598
29.79808
29.80787
29.79655
28.57053
29.65157
29.82516
29.44052
28.98235
28.51101
29.74712
29.42239
29.64803
29.8274
29.48806
29.17393
29.00483
29.26007
29.95315
29.47899
29.484
29.52398
29.59784
28.90998
29.56398
29.63461
29.42875
29.73616
28.63595
28.43996
29.77417
29.53563
29.19093
29.85763
29.70832
29.26358
29.5018
28.98442
29.60041
29.60136
29.53824
29.66801
29.5606
29.61504
29.20045
29.03593
29.25631
29.66515
29.55183
29.15768
29.22052
29.16154
29.63317
29.8902
29.18441
29.13775
29.40301
29.07739
29.51762
29.71944
29.52985
28.6313
29.88604
29.72755
29.68181
29.6041
28.79249
30.14673
29.69365
29.65126
29.76024
28.66628
29.59737
29.99069
29.69353
30.12025
29.71811
29.44183
29.43769
29.79971
29.42872
29.6345
28.51719
29.66589
29.9362
29.51441
29.70835
28.78037
29.53556
29.84314
30.00439
29.87284
29.51001
29.80834
29.66524
29.70187
29.32461
28.09079
27.88619
29.41307
29.455
29.59995
29.61893
29.01555
29.11409
29.902
29.78463
29.47798
29.41038
29.97402
29.97575
29.31142
29.30684
29.7537
29.55292
29.59757
29.54521
29.74207
29.54856
28.95074
29.95958
29.68134
29.27886
28.57553
29.67554
29.85804
30.07221
29.17584
29.33192
29.93415
29.37328
29.68615
29.50765
28.78132
29.58094
29.65196
29.25198
29.86691
29.55094
29.82095
29.89571
29.59718
29.36793
28.75894
28.07517
29.56542
29.07513
29.66752
29.72497
28.83771
28.70856
28.68434
29.13219
29.53461
29.49149
29.36049
29.95353
29.59652
29.39704
29.12312
28.79789
29.42191
29.83408
29.7713
29.81412
29.83682
29.2216
28.64524
30.03525
29.82262
29.31514
29.3065
29.37098
29.3858
29.79882
29.33357
29.51438
29.54759
29.7426
29.10493
29.94125
29.87865
29.88703
29.82256
29.78183
