3.420922
3.355823
2.960959
3.643201
3.375487
2.606929
3.002097
2.836851
3.229319
4.055292
3.431714
2.923169
2.783158
3.002099
2.774533
2.856023
2.779285
3.980157
3.559865
2.742403
3.433857
3.823946
3.352482
3.036156
3.034289
2.892608
2.850395
3.48468
2.983203
2.776469
2.887645
2.753467
3.033999
3.124933
4.07502
3.839415
2.884674
2.689815
3.013441
3.634431
3.726815
3.101214
2.727484
2.861286
3.949454
3.390205
3.000287
2.640263
3.291148
3.217915
3.027943
2.691699
3.652142
4.047302
3.375197
3.009022
3.039829
2.814724
2.669717
3.283558
2.78565
3.125393
3.475186
3.236659
2.867805
2.95104
3.285887
3.817508
3.450449
2.948509
2.776604
3.125741
3.306818
2.996202
2.948719
3.493175
3.970837
3.236377
2.516921
3.339863
2.912155
2.723762
2.668404
2.831859
2.763897
2.787777
2.810602
2.977785
3.996876
3.498385
2.986009
2.66195
2.913097
4.078586
3.940454
3.119368
2.585017
3.022092
3.182058
3.353445
2.936383
2.742362
2.867537
2.68752
3.143044
3.117519
3.020694
4.369181
3.480338
3.079032
2.870958
2.948304
3.424563
3.65424
3.107947
2.784926
3.147836
3.073828
4.499818
3.767355
2.995694
2.538428
2.896158
2.648955
3.05587
4.681968
3.518718
3.041536
2.933435
3.240559
3.282273
3.510955
2.753166
2.788772
2.967772
3.144619
3.728576
3.352696
3.049484
3.340367
4.131051
3.558021
2.765425
2.792001
2.722283
2.845894
3.883106
3.679112
2.878369
3.131948
2.851436
3.059995
3.979876
3.743522
2.906462
2.746692
3.411362
4.051904
3.616884
2.931875
2.762477
2.876798
3.233438
3.044834
2.952446
3.124373
3.919055
3.211534
2.983192
3.659637
3.445819
3.070904
3.427828
3.291677
2.884104
2.749415
2.894058
2.938185
3.072285
3.046391
3.751339
3.365433
3.357828
3.004697
2.981973
2.814578
2.69248
3.078732
4.149846
3.472766
2.698224
2.695243
2.960981
3.764831
3.662645
2.90708
2.777562
2.904354
3.953499
3.161997
3.127263
3.062441
3.323804
3.366618
2.869992
3.008744
3.020841
3.256102
3.964919
3.347722
2.876877
4.14756
3.784836
3.025273
2.723137
2.774281
3.799059
3.341005
3.280281
3.183067
3.079609
3.293555
3.272447
3.120978
2.860573
2.754868
2.785141
3.501165
3.263271
2.657194
3.352302
3.576577
2.87304
3.327696
3.062241
3.018936
2.947691
2.9199
3.112376
2.985152
3.005064
3.820431
3.866317
3.059909
2.838863
4.277572
3.264087
2.839618
3.650499
2.94135
3.119545
3.293056
3.577267
3.281518
2.994884
2.881281
3.721649
3.581111
2.954604
3.016846
2.867343
4.02458
3.481383
2.92557
2.899603
2.611635
3.787415
3.935751
3.023804
2.704086
3.170875
3.311909
2.930069
2.844105
2.752397
3.282848
4.365258
3.731813
2.78785
2.647026
2.851955
3.282921
3.868742
3.537142
3.03348
2.564592
2.700526
2.921268
2.936772
3.096887
3.809302
3.353874
4.18751
3.723742
2.837489
2.756576
3.178723
3.352132
3.106188
2.807612
3.370605
3.517408
3.604403
4.444938
3.535103
2.833039
2.587893
4.018939
3.56103
2.917025
2.631123
3.543571
3.380571
3.011264
2.727527
3.016288
3.568144
3.18799
2.839619
2.842682
3.77704
3.355708
2.958279
3.213974
2.940843
4.329044
3.459665
2.815845
2.782386
3.456002
3.383361
3.812034
3.224748
2.949509
2.902656
2.802949
2.673629
3.115417
3.944663
3.360183
2.820052
2.873226
3.093542
3.065672
3.414522
3.913819
3.457655
3.102823
3.200836
3.558686
3.530377
2.9942
2.991642
3.46108
3.001035
2.962173
2.845394
3.438735
3.383186
3.086821
3.648747
3.400049
2.882086
2.521303
4.481259
3.435175
2.989478
2.935534
2.796886
2.963498
3.641018
2.782181
2.763001
2.852624
3.994326
3.496306
2.800359
2.883585
2.916196
3.777065
4.182734
3.325799
2.854776
2.866674
2.880056
3.420006
3.547851
3.291425
2.728994
2.868462
2.83984
2.751799
4.009776
3.590989
2.983092
2.994243
4.366986
3.595036
2.7709
2.65939
3.152475
3.365193
3.025353
2.963582
3.634027
3.358774
3.209495
3.163785
3.089647
4.104106
4.103113
3.757124
2.836983
2.833423
2.550668
2.538289
2.715427
2.787428
3.288934
4.054969
3.799708
3.01172
2.637849
3.21129
3.969651
3.766673
2.963092
2.612557
3.150329
3.311731
3.126968
3.441895
3.658057
3.00416
3.001816
2.923605
2.975151
4.406345
3.792295
2.614311
2.659282
2.767439
3.53671
3.4756
3.285112
2.96651
2.685286
2.922417
3.988
3.855157
2.900813
2.562312
3.824477
3.166405
2.769588
2.638464
2.84282
3.840637
3.684252
3.165776
2.838459
2.879791
2.772329
2.941214
3.546934
3.892388
3.356242
2.779459
2.948618
2.924678
2.849258
2.879058
3.750139
3.463547
2.604436
2.673845
3.077309
3.724353
3.530657
3.151783
2.849434
3.224957
2.866609
2.899281
3.318457
3.528927
3.699859
3.198421
2.746
2.718515
2.893411
3.099755
2.878341
3.933889
3.378132
2.798983
4.64855
3.24762
3.098468
3.061378
3.051649
3.585662
3.681922
3.193656
2.918698
3.484881
3.161722
2.844792
2.994743
3.428391
4.093173
3.658965
3.103312
2.612433
2.926864
2.740063
2.67125
3.677751
3.643795
3.747075
3.024513
2.984672
2.940931
3.526052
3.500621
2.733363
2.865368
2.753201
2.861028
3.1485
4.303801
4.283385
3.62511
2.723666
2.706476
2.715122
3.041837
3.265134
3.07215
2.910808
3.314833
2.91828
2.823731
3.305925
3.88002
3.032616
2.955084
3.073932
2.780268
2.689557
2.913087
4.082851
3.710808
2.699074
2.962076
3.096912
3.021614
4.379767
3.572015
2.805851
2.753091
3.060142
4.318201
3.458798
2.675781
2.807069
3.339012
3.838907
2.775774
2.658119
2.783928
2.78801
3.827869
3.596098
3.182
3.236044
2.909776
4.301287
3.560153
3.014731
3.03682
3.105727
3.613297
3.012402
3.027664
2.81664
3.758698
3.744975
2.956003
3.35804
3.820231
3.292093
3.014414
2.824723
3.065973
3.367312
3.195222
2.718339
2.653247
3.118206
3.083543
2.846149
2.876141
4.42245
3.303244
2.776258
2.644404
2.711487
2.957601
3.033785
2.96676
3.960952
3.657359
2.950174
2.751194
3.058591
3.091033
3.275087
3.968189
4.362281
3.571037
2.740091
2.826787
2.908134
4.081529
4.012343
3.292509
2.926634
2.668036
2.772552
2.671387
3.28315
2.894738
2.792869
2.826473
3.482023
3.130962
2.980347
2.961148
3.522083
4.226868
3.587005
2.652028
2.7706
2.798109
3.624896
3.223566
2.764192
2.840787
6.874695
3.469471
3.060345
2.855557
4.440354
3.733321
3.066376
3.176197
3.131717
2.911836
3.070998
3.086524
4.460848
3.707285
3.056395
3.101051
3.147521
3.80831
3.175818
2.817803
3.143086
3.012776
3.692526
3.335159
2.739404
2.880378
3.296832
4.006147
3.912972
2.912162
2.793657
2.935535
3.17153
2.813649
3.321613
3.506761
3.077881
2.845367
2.958642
3.186918
3.11694
3.084171
3.300072
2.843942
3.103721
3.432301
3.052864
2.826506
3.566804
3.287676
3.842952
3.672882
2.98453
2.622095
3.077397
3.075838
2.899331
3.541947
3.839394
3.773886
3.658413
3.268758
3.108586
2.770651
2.823817
2.954888
4.218203
3.894424
2.899775
2.982255
3.739219
3.317297
3.517315
3.383431
2.900216
2.896239
2.724514
2.791587
2.900706
3.118533
3.272066
3.15928
3.211049
2.929013
2.825456
4.268816
4.065403
3.608598
2.884116
3.000328
3.667281
3.118526
3.164722
3.353551
3.750994
2.964087
2.911031
3.015622
3.511328
3.12066
2.783877
4.333193
3.428422
2.664311
2.640459
2.583501
2.861265
2.712764
3.591554
4.155659
3.246361
2.720248
2.899728
3.191441
3.044038
2.965508
2.798625
2.777806
4.130981
3.441855
2.983917
2.855271
2.936706
2.699365
3.903438
4.664643
4.139424
3.200407
3.090194
2.974296
3.7526
3.448726
3.035955
2.847401
2.960631
3.171111
4.109121
3.716705
3.112638
2.958826
2.910804
2.814317
3.245846
3.392411
3.092316
2.911537
2.963666
4.43588
3.442743
2.94472
2.708169
2.681293
2.860586
2.91135
3.188382
2.974563
3.151836
2.781597
3.015492
3.934356
3.809754
3.264109
2.870515
3.301153
3.126504
2.9641
3.463472
4.031021
3.917825
3.244269
2.92186
3.238643
3.052893
2.98928
3.360188
3.613952
3.578265
3.680904
3.491192
4.159071
3.038922
2.916732
2.71832
2.829208
3.949799
2.991478
2.826021
2.849263
3.55526
3.662603
2.882574
2.853413
2.611668
2.949872
3.40483
3.511013
3.127338
2.678298
2.728494
3.45301
3.127462
2.97655
2.90903
3.072643
3.185487
3.067478
3.307664
3.491217
4.691663
4.031413
2.994901
2.803927
3.097792
4.573193
3.586325
3.413383
3.208921
2.950778
3.010112
3.260177
2.819369
4.35252
3.654396
2.972541
2.840102
2.942069
3.642301
3.244381
3.230592
2.850591
4.145096
3.784993
3.177417
2.785411
3.566531
3.335144
3.547144
3.480669
2.995163
3.058856
4.878663
3.805507
2.71021
2.926988
3.276369
2.890984
2.973727
3.177917
2.749185
3.107149
4.250274
3.523543
2.70527
2.77415
3.148008
3.094834
3.010877
2.792686
3.040165
3.254985
2.940126
3.425187
3.562702
3.159906
3.2666
3.197645
3.230306
3.221093
2.945904
3.321311
3.31969
3.13892
4.591771
3.742934
2.928739
3.097699
3.097361
3.048703
3.339808
3.006195
4.291856
3.598777
3.210875
2.918218
2.875204
3.727507
4.38324
3.63514
3.095278
2.900901
3.38314
4.662188
3.775505
2.645456
2.863848
3.068564
2.897992
2.774337
3.061718
2.969072
3.218581
3.932083
4.001864
3.138735
2.97578
3.095258
3.454935
3.521299
3.054473
3.140909
3.021633
3.123686
3.428159
3.365309
3.181915
3.818839
3.362862
3.655305
3.48087
3.099537
2.916875
3.219456
3.855019
3.342417
3.696949
3.16259
3.012652
3.148479
3.230071
2.983564
2.836303
3.365188
3.502897
3.398286
4.368706
3.860724
3.174947
2.799712
3.162151
3.29788
3.346556
3.123763
3.156817
4.015119
3.760916
3.302394
2.958207
3.83281
3.845529
3.146613
3.161169
