3.492677
3.052661
2.898591
2.980743
4.490915
3.558989
2.875582
2.824456
3.210666
3.133771
2.722873
2.978531
3.84882
3.48809
3.000799
2.954529
3.078495
2.743111
3.102753
3.314387
3.326786
3.666813
3.453495
2.702722
2.828847
3.12676
3.809379
3.890068
3.245736
2.486171
2.938758
3.98649
3.594525
2.752211
2.67768
2.852423
2.825722
2.636245
2.749617
2.9285
4.429099
3.20235
2.588672
2.607677
2.829542
2.847603
3.222369
3.501686
3.388449
2.907633
2.984513
4.355464
3.353505
2.709144
2.820838
3.045099
3.113353
3.4441
3.143676
2.97866
4.016459
3.309386
2.368586
2.660772
3.040944
2.89066
2.88992
3.279272
2.992685
3.697997
3.431319
4.970165
3.849151
2.945466
2.847101
3.878902
3.760465
2.957029
2.912847
2.824953
2.665098
3.255538
3.225575
2.944348
3.332388
3.940079
3.237797
2.605737
2.869467
2.785978
3.261993
2.895241
2.90371
2.974701
4.120128
3.531501
2.965144
2.518725
3.044858
2.891901
2.980284
2.908938
3.150975
3.34605
3.13829
3.906746
4.230042
3.234633
2.856486
2.856549
2.985517
4.043142
3.918939
3.029409
2.847718
2.725878
3.704896
3.583439
2.847663
3.370942
3.481023
2.984595
2.788708
3.230018
2.871175
2.835103
3.702635
3.430258
2.693794
2.651391
2.699624
2.922322
3.749012
4.036562
3.166348
2.70834
2.744094
3.046448
4.219931
3.895633
2.872882
2.565922
2.775284
3.648168
3.991556
3.308087
2.546942
2.870153
3.460052
2.99748
3.179294
2.762097
2.884214
3.037019
3.188863
3.050409
3.086266
3.551986
3.429616
3.002265
2.699876
2.791005
2.942218
2.964875
3.260253
2.90156
3.121243
2.950048
3.647754
3.39686
3.115569
2.616237
3.309955
3.446858
3.098039
2.938848
3.420375
3.350716
2.921714
2.91368
2.891451
2.563471
3.018132
2.991424
2.666293
3.839845
3.450446
3.25219
3.036787
2.985516
3.6516
3.457594
2.858683
3.074671
2.948726
3.141575
4.288757
3.927531
3.367054
2.908462
2.957833
3.06977
3.069956
2.942969
3.004896
2.90113
2.974707
3.17932
3.028968
3.034659
3.014182
3.349638
4.061388
3.397342
3.075429
2.964151
2.736096
2.952098
3.47784
4.374753
3.59077
2.908035
2.840011
2.743696
3.03561
3.355434
4.199348
3.385523
3.012877
3.087449
2.761361
2.86394
3.410102
2.853773
3.481076
3.179805
2.739815
3.020055
3.03157
3.095124
3.549675
3.65462
3.758935
3.071772
2.720079
3.047256
3.418754
2.885277
3.439589
4.056051
3.887546
3.001383
2.998137
2.991671
2.955123
2.996834
2.904293
3.600424
3.931066
3.729742
2.783295
2.794555
3.251616
2.93578
2.885302
2.714478
2.831498
2.766029
3.379895
4.002253
3.842378
3.101794
2.885012
2.947663
3.729567
3.628838
2.855545
2.987204
2.743154
3.042563
3.161882
3.498222
3.080577
2.931713
2.894938
2.86511
2.870331
2.968718
3.249266
3.084368
3.141583
2.931161
3.908947
2.956032
2.79109
3.143099
3.972659
3.564363
3.072038
2.984715
3.248807
2.75531
2.670998
3.00704
4.374065
3.426975
2.921454
2.485186
3.072206
3.028435
2.983471
3.236518
3.401129
2.618667
2.96279
3.40663
2.987997
2.822125
3.023773
3.047022
3.45384
3.417111
3.059719
3.185635
3.232446
2.833208
2.80814
3.813728
3.238916
2.817247
2.886056
3.126267
3.252447
3.038182
2.852482
3.255156
3.455506
2.687766
2.716015
3.021599
4.310341
3.504063
3.15482
2.886556
3.183818
4.871935
3.670916
2.899624
2.876828
2.723475
3.19658
3.370048
4.033607
3.409192
3.091951
3.074911
3.052656
3.329666
3.169127
2.966471
4.435401
3.582022
2.887388
2.60368
2.992979
3.008157
2.830155
3.245356
3.714014
4.387033
3.466395
2.995246
2.7104
3.038746
3.096925
3.074275
3.942128
3.490934
2.910544
2.756497
3.988781
3.349758
3.059145
2.804977
2.857856
2.731132
3.118079
3.847702
4.225957
3.43041
2.897107
3.016396
2.68893
3.236035
3.507797
2.948488
2.71137
2.830052
4.334023
3.410583
2.977868
2.770365
2.879783
3.0836
3.249607
3.218879
2.879197
2.95559
3.864243
3.827249
3.558518
2.799616
2.612391
3.056116
4.26497
3.416455
3.033778
2.814271
2.907616
3.034912
3.331077
3.171418
2.590073
2.800827
3.254705
3.869126
4.097184
3.872931
3.237963
3.359725
3.22477
2.976776
2.972288
4.499278
3.978837
2.813313
2.67891
2.783782
3.110782
3.448478
3.942069
3.902741
3.048538
2.513731
2.666463
2.676747
2.748305
2.996317
3.26197
3.181906
2.789291
3.117362
3.662946
3.126561
2.891533
3.305504
3.771946
4.061222
3.832999
2.887112
2.545105
2.831385
3.350362
3.018537
2.804902
3.127153
3.311472
2.985977
3.120825
3.282193
3.09386
2.691233
2.892144
3.11567
3.150993
2.913985
2.847291
3.015662
3.873816
3.711261
3.286199
2.994484
3.642539
3.23262
2.642617
2.677053
3.188572
4.065
3.369141
3.017607
3.909072
3.715176
3.066023
2.720834
3.151664
3.261396
4.037258
3.876798
2.883228
2.634643
3.081681
3.356115
2.86796
2.783382
2.714055
4.252632
3.510149
2.787961
2.947798
2.839289
4.167478
3.592953
2.98521
2.8959
3.002266
2.938303
2.765927
2.611683
2.972579
3.319381
2.760718
2.820945
3.178356
3.072729
2.970718
4.435945
3.402123
2.907057
2.634977
3.102812
3.44808
3.831448
4.929127
3.33731
2.888327
2.617218
2.682476
3.714981
3.504436
2.667588
2.919956
3.093283
4.400642
3.689402
2.985956
2.873573
2.618608
2.898365
2.958848
4.659543
3.942413
2.834756
2.85469
2.937295
3.38506
3.052592
3.972561
3.56786
3.03123
2.864615
2.735103
2.793461
3.104188
3.780538
3.375561
3.283592
4.482064
3.633124
2.697803
2.643557
2.808931
3.745093
3.252899
2.981649
3.935577
3.451078
2.931592
2.850368
3.077788
3.502759
3.318132
2.906185
2.799361
3.521469
3.872164
3.434898
2.941187
3.298723
3.237541
2.780302
2.670933
3.187746
4.359802
3.624425
2.771177
2.557965
2.96313
4.213492
3.478618
2.90643
2.914577
3.193261
3.686907
3.73268
3.370845
2.870972
2.652226
3.064788
2.653868
3.2545
3.293193
3.117146
2.79238
2.861285
4.082723
3.510163
2.756588
2.747611
2.703999
3.22559
3.87269
3.47903
3.067516
3.051367
4.027046
3.635059
2.859944
2.91116
2.760841
2.902758
3.146934
2.734363
3.536879
3.97328
3.137155
4.665503
3.963927
2.834001
2.736459
2.771431
3.120187
2.969409
2.885414
3.262003
2.85823
2.737612
3.100456
3.935685
4.346262
6.256099
3.133909
2.938393
2.929814
4.0879
4.153898
3.350184
3.046096
2.96186
3.361022
3.865842
3.393376
2.920891
3.088123
4.192299
3.902295
2.935009
2.90915
2.871463
3.746658
3.766064
3.179167
2.709888
2.881126
3.478444
3.152345
3.048827
3.126431
3.820484
4.204716
3.88575
3.27787
2.717393
3.168085
2.987663
2.957069
2.942591
3.478964
4.505251
3.794842
2.91771
2.714568
2.85791
2.672619
2.810002
3.135462
4.118144
4.588493
3.569157
2.869448
2.808847
3.545682
3.412538
3.103904
3.256552
3.678242
2.976365
2.840896
2.634946
2.874692
3.175674
3.120914
2.87984
3.271103
3.436413
3.163264
2.861955
3.138547
3.394311
2.987304
3.179244
3.529485
3.205929
2.774096
3.084915
2.918933
2.73297
3.546971
3.14811
3.999986
4.40207
3.361295
2.940546
2.563497
2.905217
3.389977
3.964689
3.000285
2.544489
3.150017
3.018799
2.889897
2.800753
3.842493
3.759622
3.002288
2.499274
2.748754
4.154128
3.725666
3.113873
2.804543
3.855288
3.656456
3.139336
2.963002
2.890588
3.087486
3.070533
3.664188
4.1372
3.341056
2.862317
2.898033
3.626364
3.507565
3.849762
3.501726
2.956009
2.711515
3.173908
2.647358
2.931983
2.87711
2.736118
3.658306
3.802078
3.170627
2.760035
2.962091
3.983598
3.154583
2.873061
2.813043
3.145203
3.342899
3.435542
3.281824
2.908881
2.799886
4.037652
3.413231
2.933497
2.93498
4.06887
3.674372
3.041632
2.841689
3.717224
3.10869
2.759839
2.890699
3.099584
2.956164
2.852353
3.366339
3.971813
3.698441
3.523466
2.822937
2.621832
2.91043
2.902333
2.835832
3.074423
3.735652
2.936065
2.981786
3.672662
3.792584
3.161987
3.33466
3.078334
2.903389
3.122913
2.981707
2.890391
3.266836
3.326236
3.279124
3.090938
3.035474
2.95493
2.753428
2.825201
2.841645
3.576263
3.835637
3.455825
2.83817
2.821894
2.753785
3.800389
3.84537
3.409134
2.900676
2.998294
3.837483
3.64678
2.835956
2.847499
2.956541
3.068329
3.387779
4.354302
5.020612
3.814614
2.876566
2.937963
3.070216
3.229508
3.75181
4.01206
3.022744
2.904287
2.757299
3.391751
4.274459
3.409893
2.763239
2.83192
2.788707
3.006783
3.23448
2.846287
2.908565
3.055048
3.323601
2.784519
2.919395
3.239053
3.460895
3.006348
3.023787
3.24489
3.168783
2.766826
3.175261
3.355974
2.981264
3.297997
4.329353
3.574731
2.99438
3.874268
3.637314
3.147754
3.020747
3.350811
3.161665
3.271773
2.854709
2.800088
3.616285
3.424858
2.94395
3.405116
3.748654
3.482104
2.903048
2.80822
2.975183
3.069601
2.941056
4.436987
3.681123
3.031014
2.520476
2.902641
4.338887
3.546186
2.910858
3.124868
3.400595
3.453377
2.931957
2.899283
3.051342
3.184398
3.566303
4.136051
3.951123
4.205981
3.816929
3.185992
3.076012
3.56071
3.166755
2.853005
3.810454
3.172374
3.006414
3.018498
3.396384
3.235441
3.326125
3.594385
3.296419
2.885708
3.203124
3.229371
2.944653
3.034348
3.265335
3.32266
3.246343
3.172169
3.50478
3.549948
3.080879
4.520677
3.821852
3.325273
2.646536
3.096781
3.019719
3.320702
4.238624
3.558936
2.791443
2.884695
2.87123
3.057553
3.94373
3.330043
3.112436
3.092057
3.110279
3.457779
4.153157
4.372697
3.840639
3.212879
3.055943
3.500665
3.621315
3.209103
3.331512
3.095873
3.431275
4.637335
4.045288
3.239753
3.27447
3.12127
3.086928
3.571327
3.518867
3.140058
3.184101
3.213917
