3.829296
3.920096
3.736686
3.130571
2.82284
2.931633
2.844042
2.604079
3.415657
3.150308
2.97622
2.806566
2.844674
2.843857
2.548028
2.906739
2.832076
4.522562
3.47143
2.897531
2.937508
2.853305
3.291064
3.177382
3.446419
4.228444
3.897151
3.128644
2.607768
2.747821
3.403674
3.70548
3.552393
2.79638
2.59893
2.909844
2.820114
2.935714
2.990805
3.190013
3.063712
2.676666
3.639117
3.116866
2.927428
2.84482
3.271263
3.243843
2.692829
2.946084
3.642032
3.217785
2.909966
3.639727
2.957419
2.758988
2.846412
3.008227
3.531987
3.397202
3.124521
2.918711
3.527254
3.504158
2.777476
2.924685
2.606593
4.116408
3.585741
2.751769
2.911008
2.672714
2.732627
2.927027
3.070338
2.810562
2.799461
3.639457
3.69336
3.2441
3.506699
3.807571
3.139534
2.664059
2.71197
4.041798
3.541395
2.729846
2.752251
3.74845
3.78663
3.218986
2.913995
2.797052
3.121614
3.185416
3.749448
3.155088
2.784376
2.796998
2.848868
3.025983
2.743111
3.209286
4.04111
3.51444
2.771287
3.188454
3.179654
4.11409
3.323759
2.796012
2.525186
2.844414
2.967366
2.74872
3.336597
4.54934
4.340421
3.741868
2.873957
2.709722
2.790478
2.604331
2.777155
2.8622
2.915748
3.311121
4.261644
3.443064
2.916222
2.577018
2.700062
2.957418
2.687342
3.966712
4.219889
3.313773
2.613768
3.826665
3.34991
2.657226
2.716891
2.767916
3.255654
3.381397
3.105355
2.938513
2.857625
4.259264
3.418828
2.919615
2.953803
2.78117
3.862455
3.832953
3.137403
2.692611
2.714035
3.857041
3.643811
2.85611
2.719909
3.183824
3.924117
3.793829
3.406491
3.123429
2.80933
2.695711
2.785894
4.217414
3.612528
3.039892
3.043289
3.077186
3.269346
4.466724
3.236596
2.745813
2.910819
3.119192
2.797655
2.914576
2.964901
3.733672
4.349597
3.360451
2.83967
3.437365
2.919385
2.965628
3.364387
3.511483
4.105849
4.173801
2.930379
2.778103
3.0329
3.578318
3.913354
3.264657
3.111931
2.674796
4.150078
3.470419
2.946319
2.766027
3.240003
2.775075
2.62828
2.974974
4.054583
3.312436
3.076459
2.729971
2.7682
2.858972
3.253065
2.858034
3.251417
3.585353
2.963036
2.821049
3.398539
2.939579
2.833153
3.339528
3.424412
3.051243
3.346212
3.263296
2.689957
2.882627
2.816337
2.747273
3.273113
4.593103
3.699502
3.085055
2.622646
3.404253
4.074703
3.813337
2.974892
2.728523
2.937501
3.198142
2.9441
2.897863
2.922446
3.399416
3.18324
3.05168
3.36622
3.380341
2.980026
2.584478
2.66909
2.974391
3.300415
4.40806
3.896176
2.998602
2.88273
2.739675
3.18683
2.990391
3.16872
4.511947
3.439149
3.323484
2.852708
2.843642
3.273109
3.54892
3.07145
3.196475
2.960926
3.638825
3.517783
3.013202
3.193044
4.483811
3.476393
2.723435
2.737271
2.982382
3.940386
3.709638
2.869428
2.86242
3.810659
3.551529
2.789672
2.480989
2.955514
3.14999
2.765578
3.463639
3.511606
4.491838
3.910493
2.909069
2.774929
2.862998
2.915616
3.403591
3.501491
3.26171
3.291056
3.330243
3.171275
4.030575
3.245965
2.738155
2.430847
3.418404
3.900829
3.523002
3.063468
3.162648
4.267581
3.562066
2.935365
3.069618
2.853011
3.407224
2.950857
2.944355
2.807844
3.377964
4.010386
3.258034
3.647423
4.057337
3.404506
2.962501
2.495393
2.639827
2.729299
2.879403
2.950699
3.718752
3.318256
2.884286
3.301469
3.407906
4.347469
3.697337
2.809871
2.693118
3.032504
3.090848
2.90792
3.894532
3.024226
2.899344
3.331875
3.221265
3.309731
3.206056
3.184538
2.77708
4.2233
3.161075
3.135813
3.195591
2.886034
3.63602
4.13518
3.87081
3.01281
2.846053
3.162148
2.76923
2.677683
2.881107
2.702293
2.882619
3.04074
3.194176
3.317817
3.498318
3.722771
3.093822
2.747112
2.772418
3.02387
4.39373
3.817985
3.030617
2.747963
2.960768
2.941726
2.76951
4.066076
3.459918
2.668335
2.477564
2.773782
2.761223
3.024214
2.799768
3.021616
3.372022
3.524864
3.068284
2.995802
3.89696
3.547683
2.957863
2.561785
2.730309
3.140777
3.192468
3.20229
3.046319
3.038958
3.066287
3.153065
2.984203
3.058858
2.938625
3.692233
4.65296
4.184467
3.101407
2.681396
2.838557
3.082211
2.982955
2.870597
3.730884
4.495285
3.596089
3.072815
3.045844
3.083167
3.158874
3.106421
2.727419
2.723983
2.738704
3.473377
3.546343
3.623202
3.176711
2.925909
3.056811
3.078271
2.902931
3.365819
2.845112
3.099525
2.706626
2.76447
3.079866
2.962067
3.229228
3.535586
3.014984
2.720634
3.091842
3.252644
2.788826
2.66903
3.108689
3.280438
3.603054
3.37393
3.171878
4.044772
4.479781
3.422896
2.865351
2.597638
2.99748
2.991834
3.93273
3.768547
3.305417
3.003325
3.278831
3.832168
3.695555
3.076605
2.66052
3.106125
2.908491
2.860121
4.3843
3.413757
2.864795
2.693661
2.844052
4.499601
3.244545
2.600295
3.084267
3.11839
3.189081
3.039788
2.650876
3.195082
3.080598
3.15863
3.497727
3.440048
3.317325
2.937113
3.367094
3.600166
3.78409
3.08468
2.841024
3.055246
4.16474
3.596969
2.790808
2.720143
2.955699
3.145919
3.601897
3.387768
2.97905
2.710054
3.512417
4.245497
3.553644
3.111743
2.653705
2.713407
2.90087
3.35315
3.044439
4.307031
3.536969
2.702163
2.829473
2.98484
3.247181
3.905143
3.560018
2.917275
2.823964
3.958754
3.330811
2.760741
2.641722
3.331724
3.608514
3.427907
3.354504
2.871265
3.195452
3.219558
4.033092
3.387855
3.020787
2.864335
3.026889
4.200759
3.429584
2.971853
2.834583
2.831916
3.255723
3.78423
3.105416
2.649148
2.805608
3.048291
2.850741
2.577809
2.765297
3.0388
3.143805
3.367674
4.38097
3.582742
2.778814
2.759629
2.91468
2.892864
3.282007
3.495852
3.226035
4.024239
3.732307
2.894721
2.731982
3.157942
3.002398
2.920119
4.036602
3.623274
3.095228
2.903612
3.555258
3.804904
3.656051
3.20155
3.070102
3.193575
3.036692
3.045828
3.108937
2.718027
2.606595
4.05333
3.404993
2.642792
2.696254
2.786725
3.018949
3.80044
3.91275
3.108437
2.857108
3.05975
3.081967
2.763035
3.104843
3.077089
3.137693
3.014122
2.870529
2.701362
3.915183
3.457419
2.761821
2.939384
2.899433
3.103204
4.137752
3.523357
2.632248
2.852621
4.009389
3.458688
3.120734
2.868108
3.244919
3.148595
3.173634
4.180237
3.985397
3.098665
5.768915
3.815964
3.791161
3.088418
3.132321
3.437235
3.255881
3.870619
3.605474
3.260406
2.932524
3.224122
2.937462
3.697969
3.087212
2.999714
3.868001
4.635991
3.223565
2.71311
2.833894
3.620511
4.283211
3.420644
2.98243
2.71526
2.737699
2.81107
2.843791
2.628833
3.106693
3.449468
3.665132
3.469845
3.15092
3.385268
2.93969
3.000111
2.940836
2.913811
3.654528
3.585054
2.939356
3.558866
4.86816
3.791966
2.912184
2.744287
2.721589
3.90856
3.256469
2.731005
2.455654
3.400554
3.27815
3.335792
3.215693
3.153593
3.609043
3.699097
3.067807
3.173035
3.362433
2.837144
3.451325
3.366563
3.02573
2.979053
3.981805
3.217268
2.80798
2.903737
4.028817
3.520217
2.809314
2.633493
2.830846
3.391825
3.184128
2.654884
3.230444
3.299018
3.187806
3.499237
3.185991
2.823393
3.169572
4.212836
3.741543
2.942235
2.743888
3.241359
3.331412
2.893128
3.046095
3.042244
3.380015
3.300021
2.875052
2.723264
3.163495
3.710288
4.049402
3.3363
2.763434
2.791179
2.962158
4.012407
3.056971
2.914527
3.419708
3.364743
3.154113
3.537814
3.303517
3.425426
3.270895
3.705764
3.201853
2.94796
2.745241
2.978367
3.831372
4.048822
3.320698
2.756623
3.140899
3.141864
3.096378
3.059899
3.255232
3.566496
3.165979
3.352225
2.772776
2.731596
3.1372
3.191967
2.939904
3.203214
2.789277
4.274797
3.639229
3.036349
2.780919
3.011005
3.401221
4.110127
3.034832
2.731058
3.32837
3.049559
2.724403
2.889816
3.875938
3.426529
2.759314
2.709256
2.934664
3.097015
3.060991
3.780495
3.848265
3.265267
2.753439
2.653325
3.04171
4.384069
3.499096
3.277464
2.909793
3.047445
2.881569
3.406862
3.186769
2.72819
2.759752
2.777405
2.679532
4.093016
3.459021
3.061772
2.637684
3.131046
3.919821
3.376764
2.772022
2.672808
3.239953
3.054474
2.964274
3.121251
3.01337
3.038201
3.184797
2.9268
3.625738
3.200273
2.684338
2.793685
3.211433
4.511198
4.056505
2.969511
3.073868
3.294336
3.060936
3.283035
3.237508
3.483912
3.305653
3.061836
3.509435
3.227846
3.341318
3.703931
3.091657
2.926581
4.222224
3.606459
2.857542
2.768787
2.897538
3.095533
3.550734
3.213121
2.80547
2.658353
3.396562
3.221708
2.740992
3.470875
3.757591
3.157823
2.881759
3.257131
3.284304
2.856083
2.832816
3.125287
4.247613
3.884171
2.777405
3.080755
2.965263
3.224328
3.2706
2.932893
3.499663
4.09341
3.849406
2.957282
2.833178
2.919941
3.0284
3.010927
3.385556
3.586471
3.231724
3.201301
4.229013
3.591924
2.945351
2.660487
3.197999
3.312994
3.0418
2.93319
3.047436
3.061561
3.25764
3.057452
3.503335
3.995072
3.926335
3.136392
3.211947
2.991351
3.470626
3.643774
3.035463
2.735863
2.805867
2.803951
3.25628
4.234541
3.610434
3.039356
2.928307
4.051375
3.722165
3.007121
2.777715
3.404858
2.961023
3.03465
3.353071
3.364032
3.142267
3.336419
3.115111
3.214725
3.766405
3.336938
3.251064
3.250279
3.393991
3.345704
3.257616
4.0397
3.546551
3.354238
2.885977
3.171588
3.038624
2.932959
3.161347
3.779583
3.965148
3.375362
3.087735
3.079659
3.263443
2.984221
3.551296
3.328174
2.956159
2.983119
3.961935
3.55384
3.020205
3.308291
3.60934
3.222665
3.09705
2.98168
4.701214
3.972473
2.91048
3.025126
2.871356
3.450891
3.751865
3.364865
3.153263
3.344091
4.912384
3.914791
3.159819
2.903055
3.083071
