0.913685
2.578963
2.711049
4.905586
3.173121
1.278031
2.095957
4.940916
2.430813
3.402669
3.899662
3.919799
2.890252
3.586192
5.044818
4.110231
1.456855
1.530519
6.271564
3.66866
1.591491
1.22542
3.935757
5.311766
2.783913
0.9978873
2.705319
4.585818
3.418441
2.550655
3.193897
3.409493
4.988667
3.018936
2.601304
4.537597
2.572515
3.099656
4.963155
5.346542
2.468738
1.242074
4.054554
5.995784
2.84771
0.316333
1.863576
4.967479
4.083291
1.097896
2.319759
4.978261
4.80706
2.259525
2.958199
5.687291
2.159631
2.745934
4.19221
4.966596
1.565678
3.604205
3.88673
4.135746
2.354975
1.678958
2.113568
2.592626
3.745692
5.52254
1.14837
1.219967
2.143435
3.403457
5.768807
2.606297
1.475295
2.271171
3.803497
4.628084
3.423824
3.548394
5.222257
2.920217
1.546195
3.938487
2.80859
3.904752
5.043403
2.387578
0.8649276
2.06815
3.882648
3.460503
5.237076
3.368369
1.379021
3.534441
6.390259
3.225639
1.683578
2.134386
6.068406
3.67102
1.55089
2.433872
4.099505
4.074168
0.2358941
3.032285
5.37321
2.359781
1.126876
3.58125
4.414913
3.256848
3.682176
4.495455
2.927458
3.861936
5.697833
2.378332
2.520403
2.829656
4.756994
3.917107
2.720938
3.315933
2.513555
3.936481
5.430289
2.647793
0.6933291
4.151381
6.461852
4.823434
-0.4435156
3.091595
2.560435
4.634955
2.714582
2.157164
4.162326
4.477815
3.842384
2.340527
4.627553
3.567474
3.468311
3.402074
3.435969
4.835973
5.243958
2.484526
1.951257
1.839743
3.56384
3.934368
3.373515
3.727158
2.759254
3.489753
5.014036
2.35188
2.328781
3.810434
4.791198
3.973246
2.963811
2.684755
2.872139
3.856854
4.378536
3.186983
1.496082
2.512184
6.198778
3.035957
-0.0827988
1.831351
6.018148
3.390978
1.058897
-0.3336879
1.349385
4.758382
5.042678
0.5755981
1.859432
3.22609
4.333758
5.021241
2.607302
2.683982
4.500378
4.36111
2.075387
4.032542
4.618802
2.876036
3.194615
5.645912
2.235034
1.558142
4.952106
4.279331
1.919405
2.395094
2.657641
5.244774
4.284956
2.748227
3.377759
2.985671
4.077966
2.871181
4.135803
3.481117
2.121725
1.957685
4.740286
2.995319
1.621048
2.658957
3.09149
2.972635
2.90889
3.21865
2.536768
1.720057
3.612104
6.014088
3.181098
0.1822119
0.6286549
3.432548
5.472786
2.331003
3.275669
4.169075
4.610268
3.906885
2.982189
3.679604
3.929175
3.783198
4.284669
2.903869
3.476289
3.48346
3.798509
2.583419
4.215374
1.85463
3.758961
5.262799
2.69832
2.244108
2.359435
2.932505
2.787885
6.498215
2.324393
0.9082764
3.147547
5.53212
4.016539
4.207729
1.448609
4.097211
6.334572
1.696713
2.215067
4.570142
3.72021
1.421589
3.187778
3.342569
5.30376
2.014528
1.320792
3.865773
5.133827
3.119534
1.846155
4.033056
2.995563
3.407701
3.852146
2.595831
5.73589
2.362876
0.8157633
1.684108
4.15914
3.721791
5.068825
1.638014
0.6304598
2.989091
3.989563
2.464443
5.092844
3.248595
1.777403
3.302871
4.522254
3.581475
3.210945
2.870029
4.29651
3.522727
3.265724
3.231589
2.609302
1.836711
3.108303
3.339744
4.203938
1.347551
2.343396
3.02666
5.362591
3.158548
3.032156
4.764177
4.738026
3.75982
3.454478
2.754415
3.099543
3.435153
1.799484
3.912372
5.942322
2.723894
0.6772463
4.684201
3.283965
1.617699
4.011767
3.694432
1.808426
2.229103
3.247792
2.61279
2.590112
4.571335
3.541452
0.970808
3.019327
3.578917
3.128029
3.593792
3.260201
2.081836
2.902401
2.996019
2.370585
5.724712
2.909639
0.503116
3.91253
5.812833
2.056944
3.06712
4.356034
4.716298
1.554803
2.814904
2.599331
4.839027
3.559608
2.248053
3.129296
3.410467
4.409883
1.946034
2.534024
3.540863
4.949002
1.949767
2.454708
4.080885
3.790321
3.102739
2.131315
3.985903
3.927575
1.780863
3.978801
5.445255
2.980272
0.7737678
2.366312
3.37329
4.576032
5.305126
1.162521
3.123173
2.084185
4.414064
5.613297
1.358264
0.6415268
3.234689
3.675705
4.721316
6.356492
1.981299
1.129274
5.12509
2.180116
2.468522
0.440343
2.193298
5.326418
4.146701
2.487938
1.811225
4.2792
3.007825
4.094413
3.904294
2.656948
3.524687
4.61057
2.647538
3.209482
2.128043
3.662948
3.075562
3.818012
4.702512
3.762785
1.704381
5.195886
2.53001
2.234221
2.349897
3.995195
3.219716
2.620857
4.616333
4.074761
2.935266
2.128025
3.382126
3.177497
3.620811
5.904072
2.332797
1.694843
3.870154
5.263379
2.398301
1.794848
4.84116
3.679519
1.616365
3.937554
3.517625
3.464946
2.218438
3.700431
4.475217
3.348518
1.873176
1.491492
5.964087
3.651047
1.080335
1.055282
2.88263
5.156418
2.827562
0.8985185
2.428583
4.672392
2.871162
1.478615
4.037942
3.294821
3.177587
3.159761
2.983867
3.260619
2.616646
5.510351
4.388691
2.030473
2.615972
4.837635
2.612839
2.454931
5.515651
2.400297
2.237902
2.544752
2.745255
2.472011
5.8768
0.7752432
0.8647834
4.460292
1.422442
2.187113
4.083428
5.09205
2.889713
3.767727
3.757767
2.707006
3.54218
4.753558
4.761876
3.371857
1.435613
3.991127
6.252816
2.835909
0.6629384
3.47528
2.8538
5.189428
1.451812
2.644477
2.017873
4.287088
3.627111
3.610245
3.898528
3.611867
3.265541
2.354619
3.260864
4.182845
3.497238
2.254108
1.921084
2.965766
3.744514
4.139053
1.843015
1.736997
1.387334
4.550263
3.011838
1.721338
3.075549
3.885689
3.427229
2.501136
2.537083
5.449642
4.855169
2.075737
2.182909
4.393761
4.906051
3.260039
2.267817
4.304362
3.86176
3.904929
3.612639
4.113484
2.647036
5.149898
3.325233
2.64479
3.34254
3.765339
2.764524
2.677424
3.815987
4.011595
3.639316
3.583803
2.828564
1.424515
3.672511
6.329216
0.6796491
1.390512
4.189749
2.544384
3.128662
4.189668
3.65584
3.465057
3.039322
1.111851
5.123977
3.121595
1.860292
2.819589
3.762982
4.331201
2.151887
3.976215
3.084435
5.433197
2.637655
2.040378
3.988701
2.574011
1.194929
3.204933
4.892848
3.692193
3.261861
2.622323
3.10914
3.122265
5.660598
2.65202
0.4504371
3.287764
4.120022
2.870607
2.816059
3.764701
4.362225
2.59542
3.081125
2.787745
5.317093
2.755203
1.630304
2.534786
4.888908
2.993913
2.649452
2.374932
3.526341
3.392699
1.96937
5.266826
1.805673
2.140881
2.332445
3.401282
3.510089
3.993395
1.947322
2.585083
3.975003
4.042155
1.761383
3.416014
4.65642
1.59223
2.199782
4.006344
3.647958
1.635588
2.080816
5.965783
3.11744
0.6936333
1.216807
3.852773
3.231116
3.714228
2.54799
3.131145
3.320558
2.888536
3.540042
4.285516
2.665831
2.813943
4.513218
3.904919
1.790543
3.038514
3.952901
3.270258
3.70378
5.746354
1.899974
0.8893376
3.860007
4.268125
2.362118
1.192321
3.03074
1.445759
4.38891
6.018147
1.260862
2.162988
2.690796
4.458827
4.103385
1.817308
2.588266
4.087344
3.17296
1.116878
3.677236
6.072041
1.492582
-0.1709266
3.674662
4.505063
2.64977
1.421443
2.928141
2.688056
3.868779
4.335923
4.042106
0.8822613
3.541534
3.574351
5.100192
1.479866
2.186618
2.592138
3.023407
4.935539
3.994937
1.146711
1.660917
3.49824
5.892473
3.498831
1.01786
2.81076
3.452604
3.674599
3.930339
3.864243
2.548669
2.223266
3.22861
4.053093
3.130783
2.343401
3.147971
3.671994
3.545441
3.986519
3.926932
3.541876
2.307286
3.667806
3.9592
4.732028
1.943617
2.802262
5.111047
2.406375
0.8237447
2.104613
2.900367
2.753145
2.141028
3.017726
5.120159
2.468233
0.8716266
3.607312
4.713596
3.684755
1.722842
3.086681
4.298109
1.844681
1.929072
4.420679
4.783356
1.989359
0.9371921
3.399429
4.78702
3.66585
1.93728
3.072257
4.404351
3.778839
2.13673
2.41715
5.453817
3.698359
3.123139
2.682836
4.039964
4.051058
4.135787
1.689608
3.157249
4.675454
1.96944
-0.06553594
3.038771
2.924975
2.173872
5.54955
2.387991
2.368337
2.754588
3.993122
4.527202
2.919725
2.555217
3.180459
3.794613
3.699852
3.170109
3.621536
3.636688
4.694117
2.350344
3.019244
5.342588
2.976075
2.961443
3.425309
2.808914
4.678178
5.005307
1.466261
2.30427
5.540937
3.295449
1.158298
3.09606
3.163794
4.167582
1.961489
1.676471
3.455848
5.018075
0.6327388
1.236607
4.389455
3.437217
2.53101
1.979578
4.023256
3.786443
3.451739
3.367417
2.953746
2.179306
3.184596
6.911831
1.782
1.208305
3.141731
3.560434
3.057862
4.35395
4.067141
2.452837
0.8520185
3.655571
3.746198
3.582571
3.03984
2.629457
3.776032
4.743181
2.773605
1.928686
1.973846
4.263924
4.958152
1.862027
2.935138
2.784371
3.094305
3.07496
5.017904
2.752881
1.545033
3.364542
2.95988
4.293462
4.928843
4.725326
1.708972
1.62203
5.14181
4.758496
1.711357
1.48005
3.857094
3.598274
1.44807
3.185933
5.569865
2.078817
1.283566
2.92977
4.663126
1.800061
1.958508
2.78508
2.877261
4.173176
5.462481
0.5607954
1.801413
5.310247
4.297364
0.4566619
1.666554
5.610903
4.390533
1.741408
2.213874
3.462415
3.006469
1.950603
3.12897
4.547902
4.291995
2.291696
2.373496
3.264023
6.393488
2.910797
1.052028
1.87301
5.821529
3.277978
3.724172
2.653457
3.396143
3.712883
2.483699
4.740211
3.829231
1.767354
2.104282
1.503356
3.459538
5.694203
3.894354
1.235599
1.165481
4.963888
4.324005
2.92134
3.633282
4.336763
1.493222
2.595761
4.079142
3.437178
1.272647
1.679784
4.738463
3.571995
1.692565
5.078582
3.880032
1.822806
4.410427
3.058901
1.529147
3.577546
2.710856
3.399099
5.976013
0.8813445
2.181092
4.598866
2.614755
2.573915
3.288514
4.390451
3.119433
1.947075
4.483063
2.05804
2.944406
3.705663
2.720238
5.363773
2.43804
2.577349
1.584143
3.038285
2.3691
3.843218
3.933758
2.559553
1.619995
5.380179
1.510225
4.190431
5.089652
3.844148
2.325289
3.146476
