102.5181
103.1743
101.8143
101.2681
102.7678
103.1311
103.4114
103.3387
103.6576
104.2692
102.051
102.2379
104.5583
107.2576
105.7142
104.4269
102.4753
105.2711
106.2832
105.5047
105.2718
102.9694
102.5142
101.7412
102.2294
104.257
106.2067
104.4003
103.6047
104.7292
102.6868
103.5231
104.004
104.3872
103.0286
102.7888
102.6228
104.2187
105.9106
105.6557
105.6999
104.0076
101.3749
101.926
103.2996
105.1802
105.3016
103.2311
104.0673
103.6006
103.5252
104.3134
104.263
103.9208
104.4949
105.8061
105.6026
104.141
101.3151
102.9612
105.2312
106.2544
103.3517
102.453
103.5245
105.3838
104.802
102.7281
102.8396
103.2774
104.0969
105.0197
105.5606
104.4646
104.0856
104.8005
101.7009
101.9
104.2426
104.5944
105.193
104.2954
103.9565
103.0714
101.2663
102.0445
102.5137
103.8647
104.0151
102.9313
102.9409
101.6154
102.5044
104.5067
105.7976
103.4747
101.3636
102.2185
102.532
104.622
102.9694
100.9103
102.4963
103.1742
104.8308
102.3314
100.4126
102.3284
105.3648
102.4527
100.7032
101.9459
103.7443
101.9357
103.0061
105.8792
105.8375
105.4911
104.8182
104.5759
101.5408
103.7914
104.6244
106.3989
104.5207
101.3408
101.5354
104.2216
105.912
104.6377
100.9656
100.3841
102.9373
106.7123
105.1769
102.7994
103.3831
104.0866
102.3525
102.417
104.0095
105.3653
104.6935
103.7041
103.7876
104.3274
104.2936
104.7041
102.6486
102.41
104.1696
105.3303
101.6123
100.7399
103.4574
106.4535
107.1178
104.6357
104.1598
104.6475
105.4908
104.8604
104.2336
102.6369
103.6358
104.3431
106.4014
106.1633
102.715
102.8338
104.5433
105.3899
106.3096
103.7709
103.6923
102.9538
103.9856
105.7899
106.012
104.684
101.2954
102.3043
104.3396
105.9462
106.522
104.8601
104.8205
104.8595
103.644
104.1913
104.9846
104.8129
103.6296
104.8096
105.8387
106.403
105.0886
104.0255
103.2551
104.5841
104.6898
104.1146
102.2824
103.6798
104.2603
106.2289
104.8615
104.2273
103.2428
104.0103
103.9238
104.6922
105.0981
102.8786
104.0093
106.25
106.2061
103.4787
103.1464
104.0755
104.2488
105.2124
105.4286
104.7324
104.2538
105.4699
104.7722
103.6769
104.317
102.342
102.2965
103.1535
103.5957
104.3013
103.4205
102.6372
103.918
103.5908
102.8243
103.6585
104.8296
104.8241
103.1984
102.7389
104.8866
105.7446
103.4364
102.51
104.8024
107.1728
105.4502
104.2799
103.3373
104.1539
104.8994
105.4358
106.4495
105.1783
103.9108
103.5441
103.087
103.7648
104.4572
104.6286
105.072
104.5486
104.0175
104.0418
104.1616
103.2239
104.0745
104.6441
105.984
105.7727
105.0667
106.449
106.6092
103.4852
103.1779
105.3655
106.8776
104.4746
104.3718
106.0109
105.4453
105.2721
105.0593
104.617
103.3105
104.6634
105.9507
103.7171
102.9705
104.9077
107.2778
104.9564
103.1899
103.9026
105.8295
105.5654
103.6279
104.4623
105.7217
106.0094
104.5779
104.7965
104.1722
105.6797
105.3079
106.0892
105.4909
105.9072
105.7166
105.8492
105.0027
102.7499
104.1477
105.7481
106.8687
105.6778
103.3498
102.8582
104.4213
106.256
104.5358
102.8592
103.15
101.2553
103.9187
105.5208
103.2533
103.7208
103.5892
104.8779
103.2639
102.4245
103.1174
104.7619
106.8071
104.5518
105.4078
106.6093
105.6756
104.1824
105.2327
106.3746
104.6226
102.3168
105.654
106.6549
106.983
105.6668
105.1399
105.1502
103.7198
104.6607
103.8309
105.8133
105.0471
104.6312
104.2299
105.6978
106.9384
103.5621
100.2128
102.2756
104.6193
106.4596
105.8601
103.1244
103.2897
101.463
103.0528
105.1809
107.4264
105.3942
104.9222
106.4912
106.4282
102.6317
103.2659
105.4101
106.9632
105.4634
101.135
100.7716
103.3579
106.5646
104.1381
103.1142
104.0681
105.6604
106.3383
105.7736
106.2469
104.4504
103.0875
102.2381
103.0337
103.6191
105.2279
106.6566
106.8365
105.7725
104.3404
104.3496
104.8281
105.3965
101.6737
96.47244
98.17429
101.6588
103.4958
103.4438
102.4003
101.0452
102.6819
104.3528
103.001
104.6955
106.297
105.4464
101.9597
102.7582
105.1564
103.5233
102.7191
103.6853
103.1165
103.8189
103.7913
105.5809
104.1373
100.734
102.92
103.3985
105.1659
105.7774
104.8823
104.8075
106.7089
106.3887
103.2327
103.1139
104.8225
105.2405
105.7416
104.7214
103.7721
103.8782
105.4655
106.1679
106.5057
106.3429
107.1221
106.5412
103.5685
104.7578
106.8705
105.9346
103.6831
103.2331
104.3181
105.1686
104.9826
104.6216
104.6081
104.3104
102.9677
102.0753
103.1794
104.2633
104.4134
104.5007
105.2097
105.3349
105.0975
104.2911
103.165
103.0716
105.7597
105.9834
102.7011
102.4409
104.1948
105.7166
107.0554
104.372
104.4716
105.523
104.9594
103.3136
100.9561
101.456
105.1172
106.136
105.1455
104.3455
104.6895
105.255
105.2305
104.3927
103.2793
104.1578
106.1569
105.5061
104.6605
104.5278
106.7417
105.6829
102.918
102.3167
103.0338
104.9725
106.4895
104.1639
104.0125
104.6088
105.7754
105.8072
105.1206
104.9743
105.5013
105.2093
105.1583
105.2834
105.1474
106.635
107.5022
105.4813
105.6878
106.5674
105.1485
102.9195
103.9826
105.9982
106.1043
104.7222
102.7858
103.9616
104.9509
105.0807
104.6227
103.129
102.48
103.0818
103.5965
104.7478
103.9112
101.5215
102.1114
102.6671
103.4459
104.8348
103.4449
103.667
106.2489
106.0163
103.424
103.4377
103.1831
105.217
106.1521
104.5899
105.2488
104.4526
104.7178
104.3178
105.9384
103.2784
102.6972
103.0871
105.1423
105.4813
104.5889
103.7343
103.5348
104.9036
107.2241
106.3206
104.8947
103.7232
102.8539
104.0489
107.0652
104.5812
103.9977
105.3052
106.023
105.6145
105.2768
105.0571
106.2748
106.1116
105.0905
103.7087
104.1105
105.3274
105.84
104.7029
104.4933
106.1087
104.091
100.185
101.9444
102.0068
102.2439
103.9935
105.111
103.231
101.6559
103.5381
104.1953
105.7719
102.0225
101.5424
103.6115
105.5178
104.522
103.1393
104.1457
106.1117
105.2266
102.1935
102.2185
103.3274
104.8383
104.635
102.6973
102.081
103.6794
105.5986
105.5229
101.6165
102.049
103.9983
105.4053
106.9849
105.8453
105.3728
105.6873
105.5699
105.963
103.5122
103.9653
105.6661
106.7627
107.6341
105.804
103.491
104.8684
105.9376
105.8806
103.4654
102.8357
105.2268
105.9031
107.024
105.9795
106.3903
106.3923
105.3627
104.5559
104.8571
104.1693
104.5948
105.0595
107.0742
104.972
104.7141
106.2989
108.5526
107.6044
105.9608
105.8517
105.371
104.8989
104.739
103.9969
104.0028
103.8081
102.7065
105.7649
108.4485
107.5736
107.1504
103.9341
104.0083
106.9917
107.4127
104.5292
102.955
104.3397
105.314
104.9376
106.382
106.6261
106.1118
104.4051
103.9557
104.2207
106.4808
107.0312
105.8143
105.6543
105.4901
104.354
105.0476
106.1909
104.9992
103.8566
104.9061
103.7275
103.3762
105.1338
106.018
106.7864
104.5705
103.9351
103.4543
102.0759
103.3198
105.6833
107.0903
105.9839
103.507
103.6347
104.2124
104.9581
106.5884
105.1303
102.3649
103.6951
105.4526
104.5007
101.8777
101.8452
103.2302
101.8836
102.8449
105.5816
105.9069
105.4878
104.5749
104.8223
104.6433
102.3538
102.4812
105.173
105.7072
99.70982
99.04732
101.3702
104.7582
104.4326
102.3251
102.1516
103.2741
103.3897
104.6548
102.8872
102.6222
103.5046
104.4075
103.3449
102.4325
102.4456
103.8635
105.1075
103.9033
103.8839
103.9423
102.4107
102.1514
103.1907
105.3384
103.2568
104.1582
103.9218
104.6598
103.3168
104.8118
106.2204
105.8368
103.7093
102.2907
104.1295
104.5923
105.9326
105.2325
104.6996
102.5519
101.6009
103.2988
105.0024
104.069
101.8809
103.8986
104.6503
105.236
105.1807
103.8048
100.658
101.8812
103.6906
104.2323
101.3757
103.8629
104.43
103.8497
103.9633
104.8586
105.7092
105.4802
105.0173
102.091
102.6445
103.4526
104.0922
107.1614
103.5297
103.469
105.4887
105.7161
102.0549
102.2304
104.3867
106.0883
106.705
106.1705
105.1857
104.634
101.457
101.8165
104.5094
106.5902
103.0801
103.2312
103.8555
105.81
103.2267
103.0421
105.0305
104.7233
102.3302
102.3857
101.8682
102.3161
102.919
104.285
105.1688
104.4549
103.0126
102.3906
102.6496
103.6604
103.7349
102.938
102.5256
102.8802
104.3254
104.5211
104.0925
103.3248
105.1547
106.3039
103.8063
103.3666
104.7005
105.0726
100.7235
101.0937
103.2262
106.2526
104.1712
102.3314
103.6408
105.8249
106.0979
105.5136
104.0883
103.4879
103.0067
103.2581
104.7489
104.2465
104.6657
105.2578
104.7205
103.4399
104.2341
103.4181
104.6224
105.2723
102.7352
102.118
105.1484
105.7636
103.4689
102.8512
102.4782
103.8937
106.1142
104.7195
103.6186
103.6157
102.194
101.3605
101.2969
103.0627
103.254
100.2708
97.36554
99.1875
100.6942
100.8591
100.3325
102.2018
104.6536
104.8808
105.5165
106.3452
104.3467
102.834
103.8385
104.2839
105.7154
105.9904
105.0857
102.9342
103.2509
106.9754
105.1328
103.7107
103.3101
106.8675
106.2508
105.4283
104.8986
104.9134
103.1039
104.1804
105.6276
106.9636
104.9659
102.5429
105.2951
106.279
102.8861
101.3281
104.5759
106.4241
105.9573
103.6708
102.7026
104.5433
105.0012
102.8463
103.1936
102.5558
103.5717
104.1917
104.6099
103.689
102.9924
101.2663
101.3762
102.6827
103.0318
101.6441
102.4422
105.3556
105.7918
105.9358
105.1368
102.8412
103.304
105.2444
105.84
105.4326
105.2567
103.0123
102.824
105.2101
105.4924
103.0296
101.9566
104.1742
104.2089
105.9172
105.5231
101.8841
103.79
104.6399
106.8492
105.4632
102.1113
102.4633
105.1686
107.9418
