3.470893
3.613941
3.566717
3.184291
3.295644
3.196202
3.190058
3.030094
3.252653
3.28798
3.17975
3.145551
3.15965
3.191397
3.143357
3.040354
3.313783
3.325769
3.24351
3.177715
3.202753
3.269834
3.176851
3.112634
3.229189
3.181677
3.170478
3.149096
3.070298
3.077066
3.284518
3.286218
3.234186
3.020091
3.084636
3.283012
3.121597
3.037372
3.211036
3.229909
3.358987
3.136681
3.096485
2.955524
3.06788
3.2959
3.323923
3.225482
3.052284
3.00343
3.242113
3.390891
3.267122
3.123161
2.9182
2.909879
3.067283
3.198455
3.281107
3.113095
3.139293
3.241599
3.274882
2.993173
2.901906
3.056379
3.17588
3.420557
3.217271
3.182511
3.311599
3.349204
3.22689
2.985721
3.005621
3.10302
3.256893
3.194335
3.207895
3.305623
3.302014
3.251753
3.046452
2.773147
3.113952
3.485304
3.30712
2.853525
3.01781
3.249318
3.353794
3.233286
2.970809
3.050913
3.420357
3.23501
3.340985
3.182207
2.966213
2.971058
3.175685
3.324288
3.219946
3.116879
3.273781
3.416748
3.193727
3.184369
3.317214
3.468683
3.171137
3.141428
3.043754
3.138888
3.192508
3.033344
3.106675
3.20152
3.281659
3.254412
3.328949
3.183279
3.000176
3.018057
3.3187
3.470117
3.348314
3.105429
3.060072
3.102579
3.104371
3.003886
3.053402
3.267524
3.223416
3.126896
3.340483
3.394927
3.317325
3.285399
3.120163
3.144744
3.020632
3.034035
3.20522
3.284177
3.245019
3.113213
3.157206
3.469522
3.186298
3.141313
3.265933
3.088171
3.097472
3.140758
3.306733
3.318876
3.16754
3.142928
2.975125
2.916264
2.998283
3.186809
3.323189
3.237987
3.119161
3.132797
3.163431
3.365418
3.26942
3.055681
3.164735
3.241397
3.409177
3.157704
3.027647
3.30474
3.309335
3.143261
3.342113
3.107148
3.184218
3.242496
3.146274
3.158215
3.237146
3.168657
3.190455
3.236829
3.054047
3.046469
3.12289
3.262765
3.273187
3.158649
3.246237
3.260102
3.09471
3.15042
3.181245
3.270881
3.466755
3.352399
3.293659
3.059729
3.125802
3.102396
3.320935
3.14713
3.164765
3.175711
3.308098
3.137049
3.036117
3.049859
3.16296
3.356394
3.387032
3.333023
3.171065
3.128737
3.21764
3.328546
3.209563
3.273477
3.207942
3.072005
3.221119
3.469139
3.402281
3.262308
3.064415
3.099384
3.092419
3.006772
3.216489
3.387064
3.130642
2.995818
2.97524
3.366158
3.497957
3.300283
3.026145
3.105472
3.115362
3.223022
3.283077
3.173993
3.139616
3.140692
3.349735
3.448488
3.340125
3.137139
2.960407
3.14466
3.415299
3.281446
3.137435
3.230927
3.299954
3.137167
3.035115
3.126626
3.345137
3.115921
3.075793
3.333215
3.501363
3.197701
3.089781
2.987947
3.182158
3.322092
3.366813
3.320631
3.160349
3.228222
3.189284
3.326507
3.238298
3.156631
3.122563
3.023047
3.127022
3.261204
3.455406
3.268909
3.051184
3.217641
3.436255
3.181709
3.175131
3.303582
3.346913
3.153708
2.920588
3.151066
3.295799
3.596002
3.423571
3.062587
3.107124
3.187368
3.117282
3.150659
3.342201
3.245592
3.022393
3.07106
3.121744
3.175014
3.355814
3.288175
3.258712
3.181592
3.150899
3.114438
3.226664
3.218424
3.240418
3.283572
3.265208
3.463225
3.259629
3.471352
3.099083
2.959513
3.185346
3.167927
3.166173
3.06327
3.385482
3.368416
3.040053
3.050109
3.142283
3.079624
3.439527
3.394758
3.329682
3.249882
3.142103
3.317875
3.316789
3.060411
3.206665
3.324244
3.227993
3.090042
3.223206
3.1523
3.216418
3.265369
3.145968
3.345462
3.410799
3.135349
3.176305
3.070219
3.322488
3.274749
3.669816
3.078826
2.82595
2.977755
3.039068
3.307747
3.276632
3.270799
3.177459
3.034346
3.127476
3.047216
3.097268
3.224493
3.185995
3.274555
3.473144
3.180986
3.139167
3.059929
3.352448
3.160891
3.063487
3.251983
3.257697
3.33196
3.186817
3.210796
3.257402
3.160385
3.206155
3.152786
3.26464
3.425733
3.392264
2.965282
2.999041
3.210589
3.192723
3.073383
3.458737
3.422057
3.15999
3.081451
3.202436
4.028625
3.573894
2.871356
2.655574
2.754043
3.047519
3.347399
3.174157
2.974982
3.319805
3.305161
3.308207
3.078463
3.150222
3.09344
3.325231
3.673291
3.476978
3.105723
2.988068
3.01788
3.09707
3.088552
3.252024
3.437988
3.458879
3.069414
3.162472
3.329248
3.068402
2.958455
3.012235
3.116341
3.204735
3.260768
3.116269
3.088534
3.103756
3.222307
3.345651
3.283535
3.05712
3.08958
3.270332
3.062403
2.916215
3.243765
3.275234
3.113099
3.149112
3.098148
3.111753
3.07621
3.05096
3.111484
3.362258
3.510561
3.219381
3.127622
3.192951
3.166214
3.245478
3.226617
3.389185
3.158697
2.949596
3.185951
3.304151
3.336631
3.132437
3.268937
3.223894
3.136045
3.114378
2.997604
3.05933
3.042442
3.300928
3.454769
3.182809
3.053283
3.059766
3.35136
3.303034
3.270691
3.058631
2.830981
3.304073
3.130816
3.176156
3.27473
3.323318
3.195798
3.294135
3.37655
3.087752
3.210786
3.179954
3.03672
3.031329
3.146336
3.284654
3.334901
3.523333
3.301247
3.096026
3.052444
2.929594
3.06967
3.16756
3.243477
3.09849
3.402542
3.184636
3.076455
3.092354
3.224634
3.126983
3.133129
3.293597
3.29858
3.188731
3.231129
3.405094
3.112578
3.105142
2.874926
3.120348
3.270348
3.165427
3.078241
3.188348
3.090593
3.226255
3.597288
3.476449
3.104121
3.006781
3.172092
3.200359
3.110063
3.298456
3.493305
3.37207
3.09845
3.097904
3.072621
3.239055
3.477694
3.260681
3.056742
3.123236
3.20335
3.222983
3.068381
3.23035
3.372979
3.345733
3.104638
2.856386
3.13048
3.105946
3.084175
3.17714
3.124682
3.201229
3.4312
3.181197
3.04489
3.119747
3.395611
3.346467
3.457801
3.109052
3.027257
2.987173
3.303969
3.484007
3.329512
3.143784
3.130329
3.015028
3.144658
3.315641
3.259634
3.1133
3.209931
3.134629
3.189625
3.253612
3.380939
3.328829
3.11115
3.256022
3.590651
3.225911
2.83876
2.90169
2.99204
3.074284
3.172275
3.234163
3.226605
3.34694
3.14031
3.094724
3.11844
3.148305
3.302958
3.231438
3.145182
3.09851
3.170649
3.060703
3.066981
3.404087
3.240868
2.986339
3.118642
3.134925
3.259897
3.174972
3.08145
3.199058
3.387727
3.18207
3.34183
3.239163
3.106235
3.091262
3.255565
3.23315
3.150884
3.045708
3.205504
3.167859
3.072805
3.055064
3.291852
3.430329
3.291434
3.254881
3.393855
3.290388
3.596151
3.353472
3.217914
3.433188
3.379214
3.17676
3.267495
3.319815
3.296266
3.513411
3.359202
3.144634
3.105307
3.282101
3.242632
3.281079
3.270947
3.125566
3.318836
3.20993
3.092453
3.088619
3.111482
3.291793
3.260213
3.443743
3.331076
3.35715
3.404198
3.273731
3.310337
3.119238
3.141684
3.229419
3.20795
3.291649
3.208609
3.083397
3.070668
3.230326
3.536082
3.436642
3.168243
3.065327
3.23274
3.218984
3.325981
3.40943
3.169211
2.990755
3.166718
3.390761
3.271777
3.441022
3.248315
3.123607
3.090355
3.06156
3.264594
3.275734
3.319036
3.377995
3.344002
3.393353
3.324653
3.182942
3.28611
3.373042
3.436033
3.213337
2.912192
3.119591
3.159078
3.34156
3.391247
3.119739
3.164366
3.280934
3.61141
3.24447
3.028888
3.303177
3.353647
3.385733
3.256076
3.205104
3.291049
3.07226
3.01409
3.075665
3.391354
3.324381
3.088981
3.302474
3.430849
3.24436
3.065647
3.319752
3.690871
3.25579
2.965836
2.893933
2.99773
3.23905
3.22111
3.29332
3.460262
3.589428
3.181671
3.110121
3.395727
3.401319
3.229691
3.198462
3.372013
3.085658
3.00146
3.092212
3.372833
3.266209
3.1113
3.377272
3.299764
3.134383
3.028763
3.101742
3.22762
3.215966
3.106648
3.191624
3.085426
3.012256
3.470781
3.34778
3.231188
3.304013
3.236013
3.291403
3.431316
3.439284
3.157174
3.060504
3.03406
3.384167
3.320357
3.33592
3.013101
2.913518
3.050982
3.465891
3.28306
3.15513
3.358171
3.14945
3.137837
3.181526
3.199112
3.257162
3.113381
3.094779
3.15134
3.346105
3.567599
3.323641
3.205749
3.229017
3.167906
3.215907
3.044994
3.14049
3.382971
3.591959
3.445283
3.149409
3.14842
3.257423
3.016543
2.986429
3.063731
3.469731
3.625922
3.193321
2.987384
3.223219
3.336228
3.064558
2.970562
3.099929
3.103843
3.094214
3.498597
3.501394
3.284218
3.203762
3.186243
3.087549
3.114561
3.243291
3.238687
3.329497
3.552891
3.406546
3.284912
3.122842
3.197464
3.148718
3.092861
3.093098
3.347934
3.441855
3.229417
3.10323
3.038309
3.34977
3.437269
3.238403
3.047404
3.469288
3.292081
3.03797
3.046726
3.350213
3.317886
3.291196
3.190825
3.180983
3.123445
3.320474
3.280058
3.12452
3.269635
3.356751
3.39204
3.370125
3.361804
3.273167
3.543174
3.392538
3.123336
3.192771
3.302227
3.28862
3.097458
3.267674
3.402326
3.310967
3.308159
3.149035
3.038793
3.227217
3.154832
3.060937
3.256492
3.36232
3.440855
3.261851
3.188429
3.146933
3.233162
3.305151
3.678862
3.356349
3.101161
3.096963
3.109016
3.428972
3.40705
3.204005
3.327109
3.42503
3.335941
3.282189
3.264336
3.146908
3.338094
3.275198
3.433642
3.366787
3.313338
3.356282
3.456201
3.55142
3.401106
3.036408
2.98366
3.329723
3.465753
3.518523
3.231125
3.316432
3.288926
3.368335
3.147774
3.036805
3.285362
3.49524
3.293502
3.29787
3.226446
3.280452
3.3023
3.451917
3.345847
3.326942
3.340866
3.4868
3.595101
3.554331
3.261579
3.095131
3.117201
3.314097
3.582283
3.768617
3.493311
3.222977
3.128192
3.183151
3.280469
3.254044
3.351931
3.237832
3.371727
3.537289
3.325715
3.546321
3.575307
3.523712
3.517949
3.47416
3.478821
3.325237
3.438591
3.446753
3.402128
3.402617
3.505645
3.499305
3.600272
3.483501
3.188858
3.427659
3.678256
3.68194
3.408919
3.218457
3.294287
3.590887
3.708934
3.683579
3.513006
3.359884
3.34111
3.37275
3.463576
3.545816
3.910256
3.658785
3.474926
3.427861
3.427174
3.463483
3.611961
3.483208
3.56735
3.343897
3.459272
3.634815
3.600741
3.535409
3.523059
3.469846
3.582041
3.488233
3.370903
3.65304
3.941069
3.681493
3.510215
3.551302
3.629479
3.847387
3.633345
3.457466
3.355002
3.326599
3.647204
3.653073
3.655213
3.620543
3.568958
3.416851
3.571468
3.689837
3.603801
3.514265
3.546707
3.896153
3.853428
3.737628
3.884467
3.841805
3.584931
3.530804
3.713685
3.942321
3.859813
3.690474
3.587746
3.805873
3.829231
3.899981
3.736853
3.767438
3.661368
3.607951
3.711341
3.860367
3.716571
3.826469
3.993625
3.798777
3.751404
3.824008
3.828172
3.95374
3.797732
3.932453
3.982906
3.974264
4.091283
3.93891
3.783169
3.962841
4.211379
4.456207
4.266197
3.929627
3.924364
4.004118
4.117791
4.337587
4.090478
4.158883
4.297989
4.244547
4.129614
4.58685
4.489303
4.64623
4.724833
4.852702
4.797251
4.970798
4.950539
5.011113
5.191586
4.540653
4.290567
4.568608
4.614304
4.419309
4.418135
4.34569
4.519567
4.615379
4.585079
4.543122
4.50837
4.760418
4.614124
4.716523
4.777834
4.854516
4.830227
4.731758
4.84805
5.116279
4.964829
5.132402
5.302041
5.386407
5.227699
5.123498
5.187119
5.408382
5.397918
5.158942
5.212747
5.414885
5.077477
4.914148
4.942139
5.095661
4.952792
5.080432
5.434366
5.224185
5.107979
4.968807
4.82864
4.843871
4.604851
