53.59393
53.31417
53.55931
53.78327
53.29857
53.57007
53.62897
53.51954
53.63665
53.5441
53.62902
53.69669
53.51048
53.89268
53.46014
53.57014
53.60697
53.53247
53.53749
53.65573
53.43729
53.328
53.64079
53.73673
53.50722
53.63904
53.68249
53.53963
53.80087
53.60721
53.57081
53.60804
53.43289
53.89667
53.65002
53.4649
53.81656
53.6206
53.5711
53.46362
53.56344
53.78268
53.72298
53.86027
53.80925
53.59642
53.52294
53.46449
53.69921
53.83715
53.58384
53.01155
53.12228
53.60175
54.10883
53.95954
53.72726
53.66314
53.48222
53.62126
53.83404
53.69535
53.78279
53.9898
53.96066
53.98654
53.64001
53.44135
53.84281
53.57085
53.61663
53.81572
53.80729
53.85772
54.03592
53.93415
53.79488
53.78231
53.74517
53.34544
53.39954
53.84344
53.99461
53.56536
53.51906
53.05515
53.75445
53.81218
53.82065
53.96417
53.42991
53.62255
53.89576
54.12556
53.76599
53.80268
53.48082
54.05985
54.23672
53.79449
53.70626
53.72876
53.71516
53.95854
53.6207
53.66286
53.85902
53.74784
53.66691
53.72486
53.90431
53.21196
53.82913
53.82166
53.69153
53.74756
53.87565
53.75973
53.78178
53.76935
53.53532
53.70452
53.85761
53.84343
53.93061
53.71756
53.59742
53.68032
54.16603
54.15416
53.86932
54.15109
53.6647
53.78431
53.85076
53.72827
53.71497
53.53124
53.94147
53.71174
53.8297
53.84081
54.175
53.89311
53.64806
53.9111
53.68328
53.90294
53.74879
53.74633
54.08656
53.27839
53.33511
54.10174
53.9313
53.82584
53.83479
53.63956
53.84593
53.90528
54.23875
54.1002
53.99821
53.84732
53.95241
53.76408
53.85709
54.03913
53.86642
53.58295
54.01747
53.98663
53.74884
54.0119
53.77988
53.94722
54.06156
53.86036
54.07627
54.07244
53.51995
54.02323
54.15076
54.02116
54.15221
53.99325
53.91269
54.13635
53.93576
53.83257
54.283
54.03685
53.90215
53.87487
54.1011
53.94307
54.01346
53.99025
54.02149
54.12564
54.0362
53.74202
53.83865
54.07405
53.9457
54.2956
54.15211
54.25716
53.90343
54.06413
54.08069
53.95102
54.04317
54.16484
54.12838
53.8968
54.12503
53.96281
53.81878
53.97037
54.11043
54.23309
53.8174
53.91669
54.07861
53.78723
54.00577
54.40477
54.1362
53.85447
53.91473
53.79103
53.87946
54.06435
54.46729
54.32543
53.86519
54.14825
54.24101
54.25731
54.22561
53.86499
53.98568
54.01019
54.09604
54.24487
54.31205
54.20872
53.91875
54.13792
54.20381
54.08059
53.96999
54.06567
54.14024
54.11035
54.20999
54.2812
53.97795
54.14951
53.97161
53.9841
54.28263
54.40735
54.10658
53.93397
54.28814
54.17393
54.01402
53.92742
54.02526
54.29519
54.22844
54.53758
54.35836
54.07362
54.12935
54.40242
54.28086
54.19986
54.14823
54.02901
54.38344
54.16197
54.40837
54.41543
54.31105
54.14067
54.02967
54.31745
54.22373
54.22932
54.28928
54.28292
54.10952
54.19363
54.15774
54.52526
54.49692
54.19964
54.23508
53.75283
54.12331
54.46542
54.25968
54.22092
54.53774
54.35203
53.61761
53.95492
54.22834
54.38813
54.27819
54.10839
54.00078
54.39125
54.20264
54.39433
54.28045
54.5726
54.30793
54.25602
54.1042
54.06178
54.23901
53.91467
53.65363
53.51502
53.98583
54.2341
54.16294
54.26257
54.11472
54.26086
54.06845
53.91091
54.4298
54.25033
54.23786
54.53355
53.74046
54.09117
54.40753
54.24814
54.37972
54.03299
54.35176
54.26774
54.05095
54.41897
54.52232
54.20485
54.4062
54.48273
54.06551
54.28116
54.29459
53.91864
54.23923
54.45308
54.25421
54.51054
54.2914
53.10894
53.06733
54.0621
54.15727
54.11753
54.57207
54.20441
54.09177
54.08443
54.33724
54.44567
54.29224
54.4495
54.35448
54.10695
54.21375
54.09592
54.02959
54.4719
53.84559
54.08214
54.45892
54.2884
54.1972
54.11236
54.43749
54.1125
54.41863
54.25817
54.24627
54.41659
54.44446
54.28357
54.04384
54.19955
54.21412
54.42344
54.48396
54.35405
54.35266
54.13425
54.21037
54.06243
54.39075
54.35466
51.70111
50.99876
53.01392
53.85843
54.01338
54.48713
54.27722
53.93477
54.12411
54.17063
53.53858
54.06773
54.22011
54.13737
54.13128
54.43987
54.03432
52.69691
53.27396
54.45462
54.51476
54.17823
54.34806
54.26761
54.04076
54.08596
52.82167
53.36739
54.09403
54.07358
54.22316
54.25032
54.36967
54.17231
54.40582
53.9641
54.45799
54.23708
54.21081
54.45757
54.124
54.13396
54.48656
54.38457
54.44081
54.44314
54.43674
54.13602
54.36531
54.46149
54.23872
54.71546
54.64125
54.3859
54.42246
54.39181
54.20899
54.14964
54.26419
54.3724
54.51179
54.53867
54.33473
54.35323
54.3448
54.42576
54.45897
54.37492
54.45746
54.33337
53.89738
54.00473
54.1459
54.32271
54.41343
54.40174
54.30846
54.61468
54.12033
54.20319
54.45047
54.4793
54.51355
53.63489
53.71749
54.3027
54.39952
54.57872
54.24294
54.66755
54.2091
54.32384
54.52072
54.44394
54.3203
54.28586
54.79998
54.49643
54.45496
54.62566
54.43072
54.41827
54.1828
54.33807
54.0502
54.35716
54.60732
54.5237
54.63181
54.46533
54.6239
54.16396
54.25482
54.04151
54.51575
54.37362
54.26279
54.62729
54.3768
54.33864
54.23038
54.41432
54.23603
54.06855
54.3262
54.73837
54.30582
54.57904
54.71946
54.44112
54.40902
54.43857
54.25993
54.63865
54.25848
54.21892
54.37022
54.52855
54.46782
54.66645
54.54308
54.30779
54.28079
54.16191
54.31758
54.5851
54.38533
54.69929
54.05323
54.06895
54.39474
54.41494
54.40474
54.37392
54.50832
54.44571
54.2681
54.11066
54.16706
54.43082
54.31296
54.36343
54.73264
54.32441
54.4617
54.4149
54.20859
54.17743
54.7041
54.13433
54.48613
54.36347
54.43261
54.2261
54.48746
54.41444
54.71423
54.24122
54.16911
54.32643
54.37841
54.61747
54.52736
54.49921
54.48286
54.30395
54.46569
54.36395
54.72678
54.25176
54.41267
54.35537
54.28689
54.58485
52.49134
52.42522
54.06749
54.36017
54.23175
54.75972
54.30436
53.89994
54.07354
53.92776
54.20538
54.45057
54.42249
54.53382
54.35048
54.33875
54.46305
54.49555
54.71107
54.29491
54.69487
54.41961
54.13768
54.36866
54.25393
54.16806
54.44416
54.1913
54.1751
54.23888
54.40664
54.27272
54.46521
54.05861
54.66771
54.72105
54.54931
54.4408
54.61027
54.67029
54.4744
54.44153
54.66027
54.56608
54.48068
54.32982
54.37229
54.46842
54.41565
54.6499
54.82269
54.04182
54.33703
54.64664
54.20842
54.94967
54.58931
54.21921
54.68933
54.48956
54.17198
54.63312
54.53502
54.67149
54.63824
54.5724
54.47463
54.63564
54.63888
54.12339
54.67179
54.79956
54.64134
54.73956
54.34392
54.26218
54.28583
54.63528
54.30344
54.48545
54.78373
54.66035
54.64862
54.68879
54.62339
54.72371
54.44057
54.65361
54.8385
54.74203
54.42553
54.20564
54.48995
54.48417
54.57714
54.72444
54.57626
54.40134
54.4694
54.75856
54.75209
54.72558
54.53153
54.52034
54.12868
54.7358
54.6683
54.74321
55.02447
54.50351
54.35867
54.24351
54.57265
54.36882
54.53015
54.75333
54.59557
54.41157
54.69182
54.50362
54.65535
54.76431
54.76427
54.70037
54.42213
54.25869
54.62817
54.57861
54.52826
54.31882
54.494
54.59929
54.05408
54.23762
54.02703
54.2291
54.57599
54.46626
54.75217
54.54317
54.42796
54.12823
54.29853
54.46375
54.07582
54.62798
54.60216
54.48436
52.93228
53.41864
54.1841
54.23317
54.48643
54.82273
54.39074
54.33166
53.95395
54.19309
54.1363
54.52205
54.17973
54.26828
54.32432
54.22905
54.22051
54.27666
54.66321
54.18004
54.16321
54.19722
54.16626
54.26179
54.12989
54.46227
54.41395
54.28925
54.50164
54.27905
54.37986
54.18359
54.10416
54.47496
54.3887
54.04827
54.2143
54.22854
54.25978
54.36863
54.28717
52.84978
53.85914
54.07398
54.17205
54.41147
54.29009
54.38473
54.10627
54.51371
54.35051
54.66658
54.27362
54.33606
54.07221
54.22359
54.58966
54.49238
54.38374
54.34342
54.45292
54.30589
54.59853
54.47569
54.00823
54.24622
54.3986
54.35873
54.53909
54.49546
54.52535
54.46075
54.25294
53.73069
53.77532
54.22946
54.18048
54.34479
54.67799
54.46247
54.38281
54.36594
54.04599
53.95858
54.42863
54.44564
54.46053
54.57928
54.57098
54.2963
54.44267
54.53716
54.33595
53.44433
53.33622
54.24118
54.3994
54.19754
54.59832
54.37364
54.47437
54.38293
54.07354
54.12641
54.22092
54.34215
54.16009
54.64235
54.5425
54.41163
54.21626
54.16034
54.18512
54.31124
54.43887
54.51313
54.25939
54.2847
54.38649
53.77894
53.89346
54.32233
54.29671
54.36377
54.43334
54.34035
54.25427
54.33212
54.65254
54.34492
54.14948
54.27308
54.47326
54.51877
54.35981
54.28565
54.3831
54.44851
54.38802
54.25394
54.52264
54.53086
54.48929
54.45659
54.37574
54.42461
54.24555
54.39508
54.64428
54.37398
54.37955
54.88793
54.41088
54.4332
54.39379
54.40648
54.06887
54.29615
54.28058
54.30857
54.74195
54.30028
52.6002
53.13597
53.97873
54.30586
54.45379
54.64427
54.09381
54.29626
54.3158
54.1959
54.43303
54.51931
54.36182
54.60433
54.51192
54.49171
54.40738
54.17048
54.31686
54.42519
54.51213
54.367
54.17814
54.63869
54.66804
54.70205
54.63177
54.35577
54.34124
54.43109
54.48535
54.66179
54.48968
54.62517
54.48281
54.39641
54.13464
54.67735
54.55042
54.62532
54.83202
54.41398
54.47517
54.5198
54.50911
54.51154
54.45052
53.34118
53.60176
54.39119
54.42238
54.65438
54.63585
52.72333
52.63587
53.89814
54.18896
54.46582
54.96072
54.65638
54.53566
54.56923
54.48001
54.5547
54.38121
54.78548
54.38615
54.62798
54.65055
54.1472
54.51732
54.28359
54.72436
53.55551
54.38428
54.12017
54.45605
54.23305
54.52174
54.44097
54.73886
54.82815
54.637
54.47216
54.47744
54.69685
54.94961
54.78603
54.62226
54.48931
54.37973
54.67813
54.70666
54.90074
54.82726
54.652
54.4602
54.43979
54.26207
54.89989
54.77906
54.65047
54.92827
54.46115
54.4808
54.67392
54.65082
54.63972
54.76106
54.59518
54.71783
54.56801
54.67976
54.70464
54.70089
54.68491
54.46488
54.41883
54.57747
54.56112
54.64927
54.4778
53.59068
54.13078
54.45373
54.75964
54.7377
54.59946
54.13127
53.97218
54.61695
54.58508
54.80253
54.5688
54.68423
54.71905
54.52911
54.75659
54.29498
54.63165
54.32697
53.71795
54.34711
54.5823
54.33665
54.4697
54.54288
54.52479
54.52487
54.69656
54.4618
54.46568
54.48898
54.35495
54.83676
54.88567
54.64251
54.86824
54.82875
54.80923
54.49442
54.49699
55.2742
54.77647
54.54146
55.08071
54.80671
54.73124
54.71727
54.6545
55.01294
54.77335
55.19771
54.88733
54.73664
54.90803
54.57358
54.96515
54.95209
55.16081
55.21258
54.95322
54.73075
55.03606
54.9037
54.77206
55.21742
54.98429
55.1561
54.90938
54.95235
54.87336
54.93282
55.01839
54.89456
55.04879
55.16286
54.93885
55.15492
55.06134
54.93336
54.72217
54.63946
54.79028
55.13366
55.01757
54.88614
54.82981
55.27364
55.28024
55.10059
55.23291
55.1249
55.22633
55.38307
55.40648
55.61543
55.67967
55.76868
56.15366
55.35465
55.65458
55.69709
55.86355
56.03838
56.19132
56.3138
56.37334
56.26912
55.68711
55.82547
56.25768
56.13756
56.56898
56.46881
56.67366
56.49485
56.18434
56.78123
56.56393
56.93529
57.55615
57.16964
56.69146
