3.521202
3.145178
2.840989
2.941942
2.996742
3.609581
4.22865
4.310847
3.505268
2.920455
2.676902
3.016514
2.936468
2.954997
3.181926
2.864235
3.910394
4.300214
3.525963
2.981481
2.639994
3.102531
2.89746
2.734326
3.077737
2.974926
2.939893
3.994127
3.806065
3.251473
2.674546
2.779998
2.833058
3.15502
3.219303
2.990539
2.764516
3.236415
4.425992
3.330547
2.958172
2.616849
2.876314
2.748806
3.079405
2.948692
2.947895
2.954646
2.998501
3.406195
3.76615
4.162216
4.100385
3.089125
2.807279
3.098774
3.049539
3.181053
2.71943
2.784642
2.844091
4.010307
3.607488
2.8826
2.815278
3.164958
3.036559
2.801165
3.180006
3.076488
4.23019
3.590843
2.752876
2.499409
2.689064
2.987231
3.011344
2.777686
3.750928
3.824472
2.833493
2.830562
3.599434
2.915204
2.749529
4.10749
3.435392
2.729927
2.892562
2.917377
3.953339
3.352926
2.634456
2.582678
2.857694
2.967727
3.999378
3.664587
2.845366
2.664689
2.786855
4.083768
3.402049
2.822797
3.088287
3.841952
3.369392
2.646098
3.448659
3.737492
3.738379
3.128065
2.916135
2.901598
2.709101
3.36612
3.657776
3.986389
3.64705
2.727051
2.64916
2.627738
2.685031
2.754562
2.758648
2.666059
4.30415
3.424573
2.661285
2.605014
2.82327
2.938265
3.163231
3.022602
3.837612
2.806408
2.888264
4.450947
3.717618
3.048914
2.795052
3.00272
3.236549
2.876921
4.232273
3.735233
3.08154
2.791303
3.5736
3.237353
3.222429
3.42498
3.157548
2.939702
3.352855
3.302694
3.467432
2.887148
2.855321
3.37234
3.142361
2.791412
3.014351
2.860208
3.716403
3.669145
2.853851
2.866026
2.840324
4.090504
3.34582
3.002237
2.617718
3.019229
3.679533
3.469423
2.706303
2.943592
4.522317
3.325809
3.201613
2.971296
2.752615
2.906039
4.013472
3.394851
2.687052
2.649947
3.067573
4.229611
3.369729
2.657808
2.663664
3.087015
3.037534
4.19332
3.857718
3.493588
2.683935
2.856079
3.205969
3.647826
4.182355
4.347145
3.370716
3.008894
3.939896
3.575624
3.4133
2.583622
3.673603
3.21324
2.653311
2.713507
3.183446
2.688404
2.624729
3.173459
3.690682
2.941798
2.609407
2.861322
2.80006
4.336989
3.468828
3.061336
2.819111
2.910636
3.281888
2.717966
2.565917
3.400301
3.496812
3.149207
2.901024
3.780242
4.066817
2.894594
2.675091
3.178574
3.173199
3.317983
3.024256
2.989979
3.430649
3.458728
3.210169
3.268368
3.01282
2.880498
3.544756
3.099901
2.815992
3.340897
3.396625
2.790068
2.698065
2.749379
2.911581
3.252912
3.019473
3.021726
3.492979
3.540469
3.055114
2.634563
3.197538
3.212662
2.827952
3.107138
4.464085
3.767603
2.83133
2.579447
2.943756
3.411497
3.078294
2.646426
2.844847
4.19689
3.42836
2.881241
2.688406
3.491668
3.462115
3.252835
3.18421
3.118747
3.228357
4.38064
3.861504
3.298653
2.83288
2.850299
2.967761
3.584605
3.067674
3.387734
3.648878
2.907532
3.097154
3.993018
3.647166
2.967415
2.927508
2.833365
4.519956
3.346419
3.107761
2.900492
2.894219
3.033134
3.809675
3.616409
2.835236
2.976439
3.783619
3.474395
2.787394
2.983665
3.054983
2.938948
3.000735
2.836545
3.315592
4.592546
3.506487
3.409266
3.287524
2.783735
2.785292
2.61417
2.878668
3.006072
3.072071
2.871395
2.95892
3.355915
3.230979
3.190859
4.36588
3.667217
3.216512
2.759235
3.802075
3.419664
2.982917
2.596443
2.81495
2.646962
3.558237
4.048958
3.26284
2.859462
3.42075
3.196066
2.700308
2.856642
3.606557
3.070488
2.632787
2.766265
3.206773
2.81124
3.327164
2.947712
2.810534
3.769832
3.73805
2.631961
2.795372
2.829863
3.249506
3.255552
3.008538
2.979352
3.249084
4.492108
3.282312
2.859729
3.269972
2.855821
3.132644
3.003697
3.108444
4.629409
4.004979
2.887061
2.816322
3.330615
3.306392
2.966446
3.845879
3.35056
2.869615
3.076365
2.977554
3.172666
4.724994
3.391915
3.288742
3.232822
3.039105
3.201364
4.218348
3.535516
2.911499
2.731446
3.110155
4.164976
3.562065
2.579457
2.575467
2.86008
2.838007
3.863425
3.664529
2.930612
2.870491
3.180014
3.985506
3.952281
3.56456
3.02003
2.773452
3.351565
3.082522
2.929955
2.795726
2.689436
2.768178
2.679327
2.984303
3.641216
3.248352
2.484401
3.705043
3.626468
2.96857
2.786979
2.966787
4.225473
3.602618
3.058375
2.821848
3.482156
3.269066
3.244556
2.828425
2.862333
4.090518
3.540639
2.937499
2.829063
2.801311
4.212007
3.41276
3.057069
2.774068
3.084726
3.276976
3.301125
3.025129
2.823054
3.01313
4.116049
3.291478
2.887762
2.727588
2.882778
3.292895
3.088642
2.916789
3.04174
3.01664
3.401273
3.231337
3.744861
3.056015
2.894835
2.962311
2.971352
3.346586
3.131732
2.853314
3.056447
3.022857
4.029098
3.396383
3.434767
3.015416
3.116124
2.823035
3.046626
2.805962
2.782415
2.958044
3.087777
4.075126
3.762634
2.879097
2.914438
3.443257
3.712552
3.081055
2.977906
3.021308
2.789142
3.326668
3.154412
2.716474
3.018991
3.002698
3.485264
3.895318
3.394887
2.671743
2.99214
3.324772
3.562353
3.788347
3.137328
2.818528
3.5143
3.094947
2.766779
2.628369
3.443233
4.083162
4.315301
2.934596
2.760277
4.131073
3.29888
3.072317
2.612568
2.875631
3.061297
2.766375
3.067384
4.423458
3.782498
2.876604
2.862977
3.246604
3.289145
2.748574
3.030576
3.034378
3.310514
3.724015
4.303849
3.282576
2.806305
3.031255
2.882688
3.285922
3.388771
3.410828
3.297371
3.112601
3.086892
2.80751
2.842152
2.952268
4.196868
3.689492
2.701009
2.644925
2.943687
2.994511
3.151594
3.114779
3.063631
2.901957
2.933318
3.033151
3.047673
3.022349
2.887796
3.192695
3.077387
2.940659
3.132925
3.559295
4.579384
3.799865
2.845668
2.613984
2.871463
3.072333
2.898335
2.97379
2.853117
3.420392
3.320306
2.995903
3.934792
3.888471
3.063017
2.979682
3.169976
3.591887
3.494841
3.861165
3.244639
2.636856
2.674366
2.865339
2.932037
3.269512
2.812232
2.731697
3.044203
3.010359
2.759774
2.892438
3.17353
4.339808
3.471294
2.801124
2.759572
3.126261
3.194581
2.883413
2.66064
3.462205
4.270141
3.579593
2.799733
2.724689
3.530384
3.677841
3.232323
3.096887
3.343092
3.07471
3.198531
2.652966
3.224451
3.189571
3.408913
3.683048
4.335691
3.392638
2.797755
2.623191
3.029925
3.08485
6.142054
3.364418
3.260397
3.254508
3.108712
3.545313
3.308147
3.510998
3.114582
2.844895
2.847697
3.124209
3.513297
4.157238
3.314425
3.00289
2.783718
3.162253
4.500922
3.838084
3.116087
2.794389
4.110145
3.517567
2.950064
2.76799
2.647686
3.542917
4.270215
3.290801
2.739318
2.696858
3.077175
3.359294
4.217464
3.686151
3.069667
3.182293
3.155322
2.816463
3.004934
2.919908
3.006099
3.411436
3.541071
4.57134
3.862162
2.948659
2.637252
2.907892
3.140999
4.014015
3.724054
3.094646
3.047134
3.152653
3.184167
3.508947
3.841442
3.153252
2.840062
2.981009
4.196464
3.58281
3.596943
4.015343
3.041918
2.602091
2.784488
3.223264
2.991251
3.642825
3.478148
2.802279
2.785879
3.046258
3.574246
3.209583
3.112705
2.825202
2.972843
3.065879
3.587211
3.229289
3.307111
3.23615
3.083348
2.804622
3.955319
4.298337
3.56365
2.978199
2.773577
3.003111
3.111449
2.87516
2.875093
4.140034
3.950866
3.734311
2.940261
2.739378
3.66313
2.990265
2.56432
2.760974
3.190576
2.883289
2.905788
3.379515
4.129425
3.906677
3.107611
3.0984
3.153606
3.048671
3.142567
3.99016
3.433941
2.805781
2.918603
3.161626
3.331988
3.302064
3.13845
3.292931
3.378433
3.000988
2.647451
4.212265
3.62538
3.101155
2.683453
4.403621
3.43171
2.582641
3.010728
2.916155
2.929134
2.971958
3.429275
3.923626
3.584153
4.347061
3.532262
2.642343
2.538969
2.662915
2.945993
3.922847
3.0154
2.864762
2.908581
4.571546
3.466892
2.973959
2.686946
3.116605
3.149785
2.84609
3.041019
3.456786
2.955374
2.85029
3.084983
3.340435
3.886743
3.27644
3.058901
3.557887
3.252845
3.357787
3.670156
2.955184
2.966694
2.990352
4.030206
3.336744
3.154456
2.78155
2.710634
2.869325
3.531306
3.549469
3.02211
3.829946
3.069211
2.79884
2.7813
2.798505
2.93743
3.091473
2.660007
3.026359
3.694517
4.240936
3.426421
2.697256
2.647947
2.764541
2.679806
3.090674
3.072289
3.669883
4.588218
4.104749
3.239243
2.841573
2.870533
3.111449
3.090366
2.742124
3.269568
2.951464
3.196294
3.096206
3.067299
3.923142
3.519713
2.861621
2.771652
3.057887
3.116968
2.696064
2.928216
3.684241
2.864453
2.895335
4.301271
3.578254
2.647704
2.827107
2.999073
2.93026
2.948665
3.451228
3.778025
4.943537
4.468909
3.155663
3.007631
3.092294
3.195919
2.953985
2.875303
4.55553
3.511488
2.891834
2.824635
3.237929
2.975856
2.928146
3.112635
3.129542
3.196015
2.942596
2.977734
2.86971
4.002473
3.277693
2.939797
3.015273
3.331242
2.980754
3.158447
3.166785
3.044911
3.099757
3.047549
2.993312
3.544609
3.915347
3.442328
3.088892
3.010019
3.327866
3.456617
3.363687
3.306643
3.125862
3.837753
3.516212
2.906517
2.957267
4.170491
3.862032
3.292957
2.890355
2.844896
2.80502
3.094436
3.189102
3.300824
3.345658
3.385404
3.546141
2.776991
3.229722
4.885205
3.569608
2.944921
3.089285
2.873877
3.353255
3.035514
3.396543
3.275573
3.193007
3.118465
3.139862
3.843908
4.550912
3.689723
2.688682
2.730131
3.341695
4.661434
4.384506
3.673745
3.122234
2.867985
3.018019
3.001562
3.034452
2.946461
3.201643
3.571003
3.65917
3.222809
4.22185
3.868052
2.962761
3.205016
4.38737
3.697376
3.367367
3.153693
3.295357
3.04634
3.093539
5.074851
4.015807
3.394189
3.096452
3.1697
3.732525
3.819285
3.478571
3.750315
3.153181
3.292996
