101.8395
101.6067
103.1752
104.843
104.0991
101.8339
102.3463
103.6526
104.9924
104.948
102.9692
103.1828
104.4545
104.2818
100.782
102.5811
104.4065
105.417
103.7034
102.3749
102.0837
103.4907
103.6271
103.4023
104.7282
105.1179
105.3788
104.9076
103.9462
104.036
105.6951
105.9667
103.6428
104.7867
105.2913
104.5222
103.235
102.0867
102.2574
102.7264
103.5293
104.1347
104.1527
102.5526
103.2205
103.1753
100.7642
101.7676
102.8989
105.0759
103.9271
101.9032
102.3047
102.6746
102.7139
103.0378
102.5799
103.0788
101.8886
102.531
104.9692
105.3692
103.3803
104.3274
105.2651
104.3036
105.3965
104.1023
104.9993
105.0613
103.9404
102.9034
105.1955
105.2942
102.3547
101.5952
104.4348
105.1171
104.8106
104.1601
102.4286
103.5854
105.4673
104.8826
101.3041
102.4258
104.8641
105.6632
103.9807
102.0451
102.2611
104.7473
104.2308
102.1865
102.0106
103.4744
102.6452
101.3865
101.8401
103.7572
105.5291
104.9685
105.2152
104.3496
102.4845
101.8723
104.727
105.5563
104.2987
102.9743
103.2627
102.4435
102.6905
103.445
102.7917
100.5016
102.0197
104.1896
104.4575
103.398
103.8138
102.4101
102.7866
102.3314
103.9221
103.4905
104.6311
102.4839
102.0553
102.1765
100.8226
102.5206
105.419
105.2795
104.6629
104.2675
103.7033
102.012
101.3102
103.3328
105.7031
104.1937
102.9806
103.2845
104.5791
103.0518
102.5536
103.4154
105.8707
107.498
104.868
102.2174
102.1686
103.3451
102.9983
104.2079
104.7859
101.9892
103.2922
104.018
105.8918
106.0546
103.269
103.843
104.7598
105.6621
106.6529
105.8654
104.4709
104.7579
104.4049
105.6969
103.5551
102.7286
103.9797
105.8896
106.871
102.1713
101.4301
102.4467
106.2979
105.524
102.4453
103.6957
105.2497
102.9621
101.7089
102.102
104.9364
104.1419
103.4117
104.478
105.5021
105.5648
105.8528
104.836
105.0983
105.0969
104.686
103.2939
102.2465
104.3182
106.8579
106.6157
103.2027
103.4419
104.5717
105.3698
103.4935
105.2682
106.2333
106.8768
105.756
104.905
105.4766
104.637
100.7258
103.0396
104.7094
106.3872
103.6452
101.1042
102.4698
105.8621
104.3596
101.7532
102.5707
104.6272
104.8424
102.9081
102.7723
103.4708
105.5118
104.8857
104.6168
106.1747
104.6104
103.6648
104.7483
108.3245
108.2488
105.0325
102.1167
103.9518
106.0972
107.9458
105.1021
103.0798
104.0121
105.9497
104.746
105.0818
105.3452
105.2831
104.6624
103.337
105.0361
105.0082
101.6472
103.103
105.6704
106.7256
105.8095
104.6333
105.0507
105.9522
103.7187
102.6415
105.0245
106.7632
106.1491
103.9604
101.118
104.2905
106.1011
107.1643
106.7421
104.7456
105.0528
105.8475
104.8931
102.9944
101.4086
103.3836
105.1254
105.7331
103.9463
103.6466
104.5484
104.089
104.1663
103.0628
101.6867
101.6818
102.3285
103.4782
100.962
102.9379
106.1228
105.6383
102.6006
101.7164
103.8101
106.1258
106.2911
104.7383
104.7942
104.3162
106.6108
106.5287
104.2659
105.233
106.0431
105.1698
104.0447
104.7206
106.7771
108.7142
106.5293
103.7825
104.8063
106.1675
103.6328
101.8838
102.9312
104.8786
106.1664
101.1365
101.3981
104.9465
104.5249
103.0011
103.9384
104.3111
105.7219
105.7348
106.1094
105.3161
103.6763
104.6899
104.9125
103.3402
104.1293
104.8653
105.9933
106.2119
104.9091
104.5468
105.8057
104.8996
103.527
105.3268
106.1157
105.3053
103.9473
103.8691
103.784
103.7614
104.1135
103.6967
105.7375
105.7263
101.1441
100.2865
99.34178
101.376
104.3024
104.6538
105.1388
104.5764
103.0242
103.8876
103.4197
102.537
104.5156
106.5845
105.2885
104.7763
105.9419
107.0249
105.3911
105.1071
102.4323
103.1355
104.5768
105.6017
107.1492
106.5768
103.2258
103.5147
104.6902
104.6028
103.9233
105.2252
105.4339
104.4829
104.6121
104.8441
104.2757
105.4068
105.4936
103.3531
102.2501
103.9906
104.2227
102.2604
103.2942
102.8601
102.0328
94.49671
94.10213
97.90363
102.3295
103.9011
103.0729
104.3059
104.5465
106.6256
102.5873
100.9053
103.0741
106.2305
105.9981
104.77
103.9205
102.4453
101.7559
102.6712
104.0801
105.4139
102.9055
103.202
104.4613
103.6132
103.9007
104.6015
104.0714
103.0784
102.9049
104.4634
105.9841
105.9466
104.6297
104.3704
105.749
106.3639
104.4074
102.7896
104.5884
105.4683
106.3776
105.0256
104.0131
103.5403
103.6283
104.7077
106.2828
105.6613
104.6241
103.653
103.5295
104.086
103.9346
104.6781
105.8235
104.8972
103.6725
103.8306
103.39
104.5877
106.5933
107.0124
104.1315
105.0414
105.2505
105.4912
106.3621
106.1832
104.9614
103.9374
104.4021
106.3546
106.4532
104.296
104.6325
102.8002
105.0174
104.9957
102.8002
105.5589
106.8783
106.0755
102.1639
102.3325
104.1804
106.1375
102.8182
101.8613
103.6135
106.5548
106.6967
104.0463
101.1351
101.5306
103.5892
104.5028
105.4229
105.5535
104.4928
105.0275
104.8468
105.5502
102.1299
102.1371
105.0609
106.9642
105.1487
105.7148
106.3396
103.8992
102.9105
103.3153
105.7506
106.6447
105.6261
102.7195
102.9987
104.6461
106.7928
105.6799
103.5153
104.797
103.9818
103.4479
104.9704
105.1356
104.4094
104.8645
104.293
105.42
105.1638
102.5686
104.6931
104.3673
106.7113
106.3051
104.8209
102.5037
101.4959
105.752
108.5622
105.6997
105.8455
104.4172
103.9361
105.1759
104.2632
104.3493
102.7638
103.6803
104.8537
105.266
105.1686
104.2253
102.8176
103.4953
104.4897
105.0762
104.216
104.5966
103.4194
102.3099
103.4743
104.571
106.1691
104.2292
104.5042
106.1252
107.0232
102.6827
101.7079
104.8145
106.1345
106.8555
105.1569
105.2722
106.7511
104.4561
104.2211
103.7445
106.2808
105.7208
103.7651
103.4613
104.5714
104.9258
104.8913
103.3736
101.8133
102.8084
103.053
106.1502
103.7558
99.28265
99.29107
101.5757
103.6328
103.0524
101.2971
100.8674
103.0744
105.7276
104.0194
101.8512
103.3467
105.9205
105.5446
104.5815
105.9105
106.1159
104.3585
102.532
105.1247
105.3946
105.3262
104.5162
103.6962
103.6773
104.5199
102.7336
102.3445
103.4021
104.0652
103.764
105.3838
106.0531
104.4115
104.3694
105.5908
105.0728
104.9273
106.4233
106.9847
105.3721
103.5337
103.2104
105.2218
107.2085
105.5735
104.1969
102.8631
103.9518
104.8438
102.002
102.3119
105.1352
107.0317
106.431
104.3577
102.955
103.7414
105.3793
106.9401
103.1211
101.3986
104.803
104.9138
103.2532
104.7832
105.9958
104.5563
104.6752
106.4709
105.8937
104.297
104.9965
105.5731
106.0065
105.3213
104.2234
104.4406
104.9064
105.0972
104.003
105.5019
106.2301
104.5027
105.2046
104.7114
104.1014
105.4827
106.4658
106.3232
103.2026
103.804
105.7763
106.0321
105.5907
104.0757
104.6647
105.1773
104.8299
105.5624
104.2299
102.7635
103.3013
104.5761
105.0479
103.8491
103.9367
102.6299
103.7184
105.8721
106.2637
105.6732
104.9611
105.4923
104.1309
104.5337
105.5222
104.8866
105.6776
104.6627
106.2772
103.9678
104.0427
104.1941
105.8929
106.7691
105.62
102.8868
102.5747
104.8342
106.4899
102.9816
100.8939
103.4141
106.2679
106.1226
102.7571
103.0993
104.401
105.0291
102.1757
101.2904
103.7901
106.5601
103.2963
101.9117
103.3475
103.1771
99.62961
100.3086
102.0567
104.4953
104.5017
103.2021
104.3695
104.8558
105.1082
103.0127
101.6122
103.4115
107.1969
103.5938
101.7687
103.2959
104.4254
105.2204
104.7327
103.8411
102.4129
104.3031
105.669
105.3558
104.0708
102.8508
101.9554
104.7218
107.1982
106.2772
104.7643
105.1883
105.8385
106.218
104.8802
102.6405
103.7949
104.6147
105.9649
105.4061
99.6619
99.61949
101.6936
103.5782
103.4757
102.3876
103.6411
103.9093
102.801
105.4165
104.9571
104.2841
106.2213
104.7833
101.6145
104.0234
106.2007
106.8663
105.1519
103.8339
104.742
105.9172
105.393
103.0296
101.9087
105.3201
107.1948
103.7574
102.563
103.5701
104.7188
103.1045
102.0604
103.0087
103.6196
104.6631
104.4022
104.2427
103.6668
105.4152
105.6228
103.2813
103.4082
105.6085
104.7929
102.4794
101.772
104.2197
105.8307
104.8381
103.682
104.6502
104.8575
104.8598
104.2895
102.6297
102.494
105.4271
106.9465
105.6847
102.4253
102.4304
103.0708
106.6927
106.5216
104.9619
103.5794
104.4504
105.4095
104.0986
102.1848
101.4494
102.9502
104.2946
105.4889
103.8295
101.9564
103.3152
104.6394
102.291
102.3229
103.8457
105.1114
104.3852
101.5591
100.8965
104.0261
106.4771
104.486
103.33
105.4041
106.3842
103.6019
101.8428
104.6902
107.1161
105.6279
102.4471
101.7374
103.8648
106.0627
106.3285
103.4548
102.5197
103.6888
106.6435
107.244
103.4811
102.45
103.8682
103.8853
105.411
106.0637
106.2986
105.4694
103.0588
105.2406
104.9017
105.1301
104.5177
104.3162
98.77235
99.13746
101.191
104.7687
104.9506
104.2932
103.352
103.4083
104.0183
102.2793
102.7617
104.2234
105.7362
103.5035
103.9236
102.0681
101.417
103.369
103.7129
105.4195
101.7305
102.1209
103.6485
107.4461
105.4928
102.6225
101.109
103.0352
105.0411
104.7466
102.1505
100.8907
102.7989
106.0796
104.3993
101.9282
103.0984
105.211
106.1529
105.7225
103.0654
103.205
104.4837
106.7543
107.0314
102.6096
104.1784
104.3054
102.3629
101.9099
103.9492
107.4383
107.1094
101.9501
98.36415
101.2438
105.1015
104.6558
105.8106
106.3973
103.3138
102.1702
103.6545
105.2821
106.6257
107.5548
105.4533
102.2214
102.352
102.9559
102.7563
105.2695
105.128
102.6912
103.3945
103.2523
101.8074
103.5359
104.8852
104.9601
105.0521
105.4502
105.3668
104.1956
104.3612
105.487
105.693
106.9034
