53.46362
54.43196
53.63966
52.70696
54.16133
53.2908
54.16619
54.37214
53.34871
52.47614
53.94206
53.58379
54.01638
54.64576
54.05383
52.86884
54.34651
52.83947
53.38812
54.25722
52.13367
53.521
53.75214
54.06793
53.8439
53.98004
53.62277
53.29512
53.7935
53.61744
54.04914
54.01833
53.61794
53.77801
52.4879
52.97627
53.94577
54.09737
54.2233
53.40956
52.88011
53.87745
53.8364
53.98379
53.18911
54.41407
53.80846
54.0153
53.69676
54.38081
54.03897
52.36158
53.10148
52.69046
55.24851
53.35414
53.51619
55.26212
53.45594
54.22748
54.20721
53.07966
53.82057
53.61211
53.80547
53.63859
53.2176
53.22747
53.99599
52.4504
54.34738
54.41758
53.11668
53.13915
53.94706
53.47758
52.8685
54.02256
54.09748
54.0287
54.94575
53.97851
54.0603
54.31527
53.70926
53.17106
53.75161
53.22427
53.35783
54.31199
53.11036
53.78408
54.38157
53.09393
52.1871
54.76123
53.88882
54.49567
54.30068
53.45944
53.77623
54.21739
54.78063
54.53539
53.54497
53.60411
53.43999
52.36314
54.53761
54.13686
53.83973
54.19646
54.1326
53.63048
53.95606
53.78909
53.82657
54.10989
52.01361
53.5859
54.46595
53.62702
54.9105
55.11404
53.51583
52.41463
54.14882
53.32636
54.44787
54.83127
53.94497
53.54462
54.05869
53.60985
54.22793
53.84542
52.69236
53.27976
54.04838
53.49289
53.54097
53.7465
53.9785
54.61752
54.33789
54.55302
52.7029
53.75338
54.15417
53.47216
54.2562
53.42622
52.45195
53.04819
54.38295
53.73929
54.00652
53.24796
53.97978
54.28506
54.23997
54.78765
54.46877
53.34601
53.79572
53.61683
53.65669
54.12461
53.86358
52.86288
54.50134
53.69402
53.3882
54.53374
54.19254
53.98486
54.30521
54.4048
53.98614
53.42839
53.55184
53.63636
54.42944
54.28734
54.05851
54.15041
54.14359
54.50068
52.789
53.78946
53.88051
54.62497
54.30418
53.18898
54.60892
54.24571
54.14811
54.70821
53.1967
54.90871
53.69984
54.37372
54.40312
54.00518
53.85303
54.48304
54.68342
52.96775
53.51566
53.90784
54.29147
53.27645
54.70349
54.47996
53.61896
54.58308
53.963
54.47061
53.91434
54.53161
53.97651
53.85061
53.58764
53.96828
54.81138
53.64251
54.10932
54.19349
53.85971
53.8737
53.51417
54.4548
53.9493
53.168
54.60448
54.12398
54.14554
54.68834
54.05165
53.93431
54.28854
53.62277
53.95391
54.33228
54.07697
53.52029
54.71301
54.66956
53.91069
54.51175
55.06737
54.0802
53.30567
54.04003
55.1382
54.26855
53.78725
54.00384
54.48741
53.79099
54.20372
53.56645
54.52337
54.72287
54.32006
54.3709
53.80873
54.02382
53.9426
54.00134
54.81208
54.36723
54.15791
54.84293
53.98513
53.74438
53.30496
54.28569
53.91318
54.88482
55.29966
54.00883
53.28112
53.64959
54.72488
54.33198
54.78182
55.10812
54.27253
54.58023
53.91214
53.3474
52.86209
54.35809
55.26931
54.48254
54.3333
55.26749
54.22789
54.08078
54.13853
54.20392
53.44454
53.36114
54.32603
54.37425
54.59558
54.0827
54.10637
54.09608
54.26831
54.21725
54.84187
53.69374
55.14135
54.7436
53.54076
54.19184
53.74833
54.57574
53.9133
54.07125
54.05934
54.13594
54.24711
52.93621
54.2701
53.34801
53.76748
54.81609
53.80231
52.72123
54.01635
54.51591
54.98972
54.32213
53.84882
54.03861
53.23336
54.1607
54.45291
54.43762
54.25736
54.39954
54.11346
53.22266
54.49851
53.82277
54.19805
53.92808
54.61513
54.56472
54.09715
54.18769
53.90328
54.16479
54.3058
54.29494
54.08626
54.05642
52.9474
54.1105
54.50251
53.5338
52.99742
54.46844
54.00661
53.23155
55.11208
54.6511
54.18587
54.01607
54.34362
54.96536
53.66634
54.54213
54.12712
54.62204
54.65948
53.39623
54.01241
54.82775
53.88078
54.16312
54.73613
53.97622
53.99503
54.10396
54.61503
54.94281
54.73689
54.48118
53.20412
54.15383
55.16779
53.58318
54.21818
54.37297
54.41362
54.58522
54.68358
53.87571
54.43718
53.98425
53.76072
54.48668
54.49362
53.94221
52.05247
50.21681
51.85659
54.10941
53.65062
54.78628
54.84981
54.90617
54.66719
54.60832
53.01697
53.89845
54.26457
54.0712
54.40375
55.08179
52.74014
53.39544
52.98248
55.24315
54.60925
54.31679
53.54107
53.82703
53.61835
54.63196
52.9943
53.66719
54.35162
52.26115
53.96722
54.11987
54.64307
55.55854
53.98717
53.12342
54.33568
55.09958
54.46985
54.09424
53.43261
53.64919
54.31412
54.78508
54.27931
54.89935
54.79411
54.35373
54.68468
54.1438
54.21356
54.67405
54.54266
55.01371
54.83595
54.61991
53.88605
53.83146
54.09266
54.24432
54.66494
54.6059
54.68729
54.39663
53.89551
54.71233
54.42534
54.64535
55.30689
53.69802
54.36116
53.83629
53.5941
55.197
54.40472
54.29867
54.32158
54.01881
53.24421
54.7245
55.19107
54.7243
55.15929
53.21539
53.69452
53.84391
54.23386
53.80319
53.04403
54.46818
54.01508
54.60815
55.36469
53.64256
53.30168
54.65005
54.61975
54.62163
54.78564
54.49962
54.24136
53.64207
53.65499
54.02484
54.21154
54.81154
55.19019
54.73219
54.35662
53.81514
53.99091
53.83657
54.55862
53.83779
54.44798
53.70921
54.23421
54.48017
54.13038
55.17416
54.69512
53.7942
53.20126
52.45896
54.86205
55.005
54.85073
54.83891
53.81718
54.01106
54.7713
53.8441
54.7236
54.8608
53.8039
53.73689
54.40602
54.28596
54.09877
54.45853
54.71859
53.99641
54.07832
53.13622
54.7328
54.1315
54.01638
55.53188
54.39822
52.83464
54.66295
54.24428
54.39445
54.65313
54.03701
54.36774
54.51998
54.35131
54.85159
54.39192
54.49056
54.29002
55.21413
54.85295
53.74501
53.65147
54.7035
55.10071
54.54111
52.72859
55.112
54.40353
54.57369
54.93649
53.68271
54.38345
54.64629
54.56432
53.84838
53.90241
54.32529
53.68561
54.45943
54.81934
54.52087
54.34087
55.05414
53.99897
54.02819
54.18735
54.38329
54.64613
54.50336
54.31557
52.58525
51.70151
53.72172
54.24867
54.61097
55.531
54.10865
53.61943
54.29546
52.6131
53.80272
54.70334
54.09412
54.64555
55.05213
53.62083
53.19187
53.17929
55.17136
54.22895
54.8121
55.14629
52.90083
53.86561
54.62954
53.53536
54.80506
55.0998
53.72885
54.26452
55.1474
54.21212
54.1691
53.98123
54.49265
53.80965
54.54899
54.14452
53.437
55.02495
53.90292
54.45742
55.38111
54.57183
54.51268
54.10558
55.31013
54.04119
54.82863
54.22309
55.53029
53.31041
54.31238
55.27475
53.74843
55.99405
55.95861
53.90106
54.03873
53.83646
54.72952
54.25953
54.8755
54.70806
53.95035
54.51986
55.05922
54.85875
54.71859
53.53971
55.22218
54.34932
54.42965
55.06298
53.37928
53.71125
55.2142
54.88265
55.12009
54.49519
54.68536
53.57442
54.52692
54.81559
54.53712
54.9506
55.31943
54.51854
54.13295
54.50335
54.61374
54.53677
54.68919
54.63423
54.08568
54.09937
54.97314
53.70053
54.26852
55.23123
54.49923
55.34149
55.71531
54.40385
53.34101
54.3933
54.18928
54.75874
55.21179
53.9413
55.39046
55.49736
54.73387
53.29989
54.20026
55.1561
54.85209
54.80543
54.55294
53.60449
54.84473
54.59738
55.15282
55.40592
54.91988
54.37134
54.55884
54.36215
54.60324
54.21981
55.12974
54.13163
53.12279
53.9577
55.20987
54.76571
54.87431
53.95359
54.32825
54.39498
53.84881
53.94797
54.5354
54.11669
54.99908
54.74426
54.40752
53.51794
52.26099
54.20636
54.66708
54.55071
54.86602
54.83229
54.35587
53.6287
53.28762
54.84392
54.5849
54.65432
54.45395
54.78891
54.65318
53.5821
55.03735
53.4823
54.9677
53.57364
54.22176
55.62296
55.0735
53.99612
54.08798
53.60682
54.43642
54.85583
55.06986
54.2378
54.39947
54.04071
54.89198
54.66555
54.72297
53.63445
54.0499
53.97454
54.70149
55.15411
54.91649
53.20222
52.80438
54.05856
54.6108
53.47219
53.65907
55.18131
53.87971
55.22178
54.79004
54.67145
54.66297
54.55182
54.26133
53.98823
54.97459
53.82764
54.27203
53.83445
54.91784
54.43078
55.05781
54.9448
53.47404
54.06869
53.70787
53.50305
55.30005
54.60553
54.76207
54.72078
54.75135
53.65211
54.1819
53.81487
53.30303
54.26563
53.69372
54.75771
54.50043
54.40967
54.84982
53.34674
54.61857
54.06188
54.36036
55.05231
54.04308
54.04232
54.30463
55.51943
54.36072
53.55834
52.9049
54.51601
54.28407
53.82469
54.43833
54.17638
54.45353
54.5025
54.45835
54.4972
53.93789
54.20186
53.75259
52.99451
53.73077
55.12722
54.65668
54.38038
53.77803
54.46445
54.06217
55.17714
55.74547
54.60222
54.09406
53.93551
52.33411
54.03753
55.37482
54.70336
54.80504
54.21228
54.56049
54.32077
54.69162
52.79021
54.43233
54.62809
54.66661
54.27935
54.85114
53.94194
54.20625
54.62931
54.33658
53.18785
55.28709
54.38379
54.39152
55.06977
54.4494
54.61675
54.84309
54.63765
53.95299
53.2931
53.87199
55.35079
54.68658
54.7964
54.33742
54.82432
54.30038
54.52205
54.38326
54.38074
53.41282
53.64642
53.34518
52.97663
54.12945
54.00024
53.91594
54.67126
54.37295
54.18711
54.29779
53.03637
54.49725
54.98635
54.22335
55.01416
55.03622
54.51525
53.63976
53.00916
54.85748
54.50853
54.92558
55.18151
53.85257
53.59515
55.01456
53.29365
55.01028
55.2827
53.63356
53.57002
55.32238
54.91328
55.24143
55.01871
54.2966
54.51334
54.59536
54.5983
53.62723
53.98058
54.96929
54.71507
54.2086
54.60196
54.77124
54.05464
55.03392
54.36547
53.39755
54.14713
53.82408
54.25414
53.95018
53.22738
52.79376
53.82592
53.83834
54.50746
54.91798
54.38997
53.68465
54.21261
54.57043
54.83018
54.69533
55.23886
54.61727
54.95214
54.64412
54.71357
54.20633
52.9255
54.74916
53.3745
54.73397
54.98521
54.79881
54.36121
54.79456
54.94273
53.60254
54.65201
54.6235
55.18229
53.57542
55.78945
54.58075
54.65582
