101.4572
100.8174
101.2877
104.41
104.2822
102.218
103.2672
104.6466
104.8746
105.246
105.0852
102.5582
102.0393
103.7534
105.9176
104.1295
103.4686
103.5126
103.7856
102.884
101.8115
103.5379
104.9453
103.0726
103.7723
104.4846
103.3771
102.9838
103.6152
105.9039
101.9069
101.1174
102.8504
106.4613
103.8511
100.7404
103.2278
103.215
103.4142
103.1693
104.1907
103.862
103.3297
102.4561
102.1944
102.2656
101.5
101.4754
102.7421
103.0548
102.1681
102.333
101.1342
102.171
103.3615
104.8773
103.1239
100.9883
101.98
103.4554
106.2404
102.9414
103.2727
105.125
105.7546
105.2767
103.3508
102.7104
103.5068
105.1158
105.9025
105.618
103.6835
103.5699
104.5587
104.402
105.4372
103.5422
105.9934
105.7504
102.8605
102.7035
104.0394
105.8992
102.8015
102.2749
103.538
104.9601
104.4181
102.4763
103.6586
104.3138
104.3387
104.7043
104.2628
104.6461
105.2311
105.334
103.5039
103.1834
104.3902
104.114
105.8044
106.3273
103.9981
103.0185
102.911
104.0181
105.4557
106.2561
103.0896
102.3616
102.2916
105.1195
104.0685
101.393
101.7836
104.4629
104.7189
102.8414
101.8209
102.6442
103.1633
105.5282
105.469
101.4791
101.2484
103.3628
103.4203
103.9452
104.5285
104.633
105.7299
103.08
102.7206
103.7533
104.3084
102.3592
101.1621
103.8633
104.6146
101.9954
101.4744
101.9658
105.7178
103.7007
102.0385
103.3699
103.4746
102.5433
102.7063
103.9637
103.0253
103.5549
104.8576
105.5469
104.5822
104.236
103.85
104.4759
104.1986
104.0253
105.9323
103.877
103.6949
104.2531
105.673
106.0019
104.8897
104.3801
103.3683
103.3835
103.418
104.5135
106.2646
104.9132
102.8646
104.0338
106.0157
102.4908
101.6403
103.6288
106.1853
105.4375
102.8772
104.0026
105.2572
105.1869
106.0039
106.767
104.4393
104.7317
105.8676
105.5298
103.0217
103.3096
104.5358
105.4177
105.1594
104.537
103.2357
102.3744
103.6565
104.3337
105.1074
104.343
102.8685
103.8376
104.7163
105.0598
102.1806
101.6495
105.2332
105.9079
105.407
104.47
104.8143
106.1967
105.9057
106.2871
105.3448
104.4682
104.488
105.7951
105.6989
105.7317
102.2313
103.6045
105.2927
103.2882
103.2924
103.1316
104.6653
104.5374
101.8331
104.1729
104.8798
104.2189
104.2239
105.3735
106.2955
104.6904
104.0373
105.2563
107.6575
107.4631
105.134
104.3074
104.0256
103.8887
105.188
104.9932
103.4978
104.057
104.4706
104.7632
103.5557
103.0128
102.1637
102.9442
104.6351
105.4022
104.6268
102.9598
103.7176
103.8504
102.3448
103.4664
105.6511
105.3881
105.3335
104.5589
105.5887
105.4366
103.5171
102.5119
104.6414
105.8716
103.1535
102.8712
104.7547
107.2176
106.7376
104.3248
102.5106
103.48
104.2416
103.8856
103.655
106.0297
107.7787
105.6087
104.3356
105.6063
105.4777
103.1299
103.4366
105.7365
107.2122
105.7921
104.1741
104.199
102.4633
104.2023
105.4382
106.2169
105.3341
104.8528
104.807
103.5779
104.266
105.6088
106.9668
106.766
104.7064
105.1455
106.6666
104.0893
104.259
105.4321
106.4455
106.3245
105.4921
101.5865
102.7834
104.3819
104.6901
99.96265
100.9836
104.3907
108.2007
106.179
106.1339
105.8475
102.69
103.0429
105.6314
107.6462
105.6812
104.8687
104.5044
105.3421
101.9566
102.4315
105.5461
106.3807
106.2355
103.6274
103.0007
102.5915
105.6369
106.7161
105.8246
103.8938
105.068
106.1596
106.2469
105.9128
103.9393
102.7191
104.6146
106.7148
104.4735
101.1792
98.64744
102.2155
104.3224
106.0001
102.6664
104.2371
105.9658
107.1723
104.9158
103.7789
105.6676
105.6519
104.3996
103.3485
103.5806
104.1897
103.1975
102.8862
104.8829
107.0767
104.7458
103.1317
104.0222
103.2001
104.8686
105.2676
106.1463
105.3506
102.2389
101.8497
104.8474
106.2962
104.3747
101.5961
102.9099
105.966
109.0954
106.243
105.426
105.2366
106.5698
106.9974
108.1977
105.9546
101.7692
95.77946
97.98283
99.71761
102.6607
103.6149
104.614
105.1736
102.3194
101.5633
102.1305
104.3307
103.5452
104.8816
105.0254
103.4102
103.7177
103.4228
103.2532
101.978
102.3624
104.2583
103.479
104.2916
104.6068
103.6067
102.0807
102.8822
101.6957
101.8534
102.7722
105.4857
104.0904
102.7791
105.1167
106.0428
104.1643
101.1963
101.7808
104.8217
105.6954
103.2403
102.6298
105.156
106.803
105.963
105.2943
101.6522
103.0425
104.6681
106.0743
105.7814
104.4354
105.7663
106.1626
106.134
106.0886
104.1618
105.115
104.5899
105.3724
105.1144
104.0729
103.5162
102.966
104.4175
105.9544
105.0892
104.4575
104.4282
105.4896
102.959
100.3072
102.0985
104.9135
105.9003
104.8566
104.8466
105.6633
104.2838
102.6234
104.4299
107.1894
106.7168
104.2598
102.9707
102.8267
103.1702
104.6214
107.3784
104.4571
101.793
101.9506
104.5061
105.6886
105.6308
104.8516
106.0254
105.0386
103.3789
103.7496
105.0513
106.9433
106.5141
104.747
103.9187
103.4484
106.9156
108.5576
106.9432
103.8287
104.364
105.0877
103.8432
102.9872
104.4215
105.6105
106.7714
104.2752
102.2441
102.6346
104.5858
105.3756
104.12
105.1369
104.5736
103.7833
104.7027
105.2914
102.8265
102.3335
104.2889
105.9393
105.9826
105.712
103.3544
102.7514
103.9367
104.7266
103.0033
103.9334
104.1687
103.295
102.9842
104.6912
105.2479
105.3293
103.336
104.4289
106.0941
106.5751
108.5035
105.3028
102.4646
103.785
104.5554
105.4307
103.0513
102.7414
104.4631
105.139
104.6304
105.057
105.4789
105.8552
103.3714
101.3173
102.6034
104.6144
106.4717
103.7291
103.4607
103.8938
106.7316
105.585
102.8862
104.3774
106.2971
104.1477
101.5991
104.1093
105.1048
105.4548
105.4053
104.3296
103.721
104.9531
104.8784
104.0438
104.007
105.3246
105.349
103.4868
103.2109
101.3892
98.66669
101.5452
103.5933
104.7683
106.0011
105.9791
105.9065
104.827
103.8987
103.1977
105.5438
107.6598
105.1066
102.7054
102.0919
102.9557
105.9227
106.5069
105.8544
104.3208
104.5383
105.6391
104.7315
103.9567
103.5593
105.0032
105.3029
103.4522
104.1797
104.0369
103.1026
102.5443
103.9833
106.579
104.1603
101.7854
101.2305
103.1269
104.6317
104.9964
107.0341
103.7353
103.345
104.7707
105.3665
105.4952
105.4289
106.1653
105.6169
105.6371
106.0212
105.3638
104.4903
104.7162
105.0325
105.5885
103.428
102.2693
103.4701
104.6013
106.3874
104.4682
103.3165
104.7431
105.2671
105.4695
104.3437
105.7449
107.5364
107.2964
106.3297
105.1462
104.4333
105.3936
106.6013
105.5467
101.9838
102.8768
103.3707
103.7353
107.2378
105.5093
103.3773
103.7588
104.3706
106.4693
105.2647
105.6106
103.7247
104.1587
104.848
101.1367
103.8525
106.2215
106.8026
105.1215
104.3498
104.3456
106.2356
107.3213
103.786
104.6011
104.9561
104.9989
106.5896
105.1987
103.8951
106.0649
105.5292
103.8719
104.4739
104.9534
106.0726
103.4259
103.7303
104.2205
105.7049
104.4486
105.6637
105.5817
103.671
103.2905
103.3548
103.9481
104.3265
104.8098
105.0737
103.7866
101.6606
103.0685
104.3243
104.8427
103.808
101.7737
102.5691
103.656
102.477
101.6029
103.7912
106.5784
103.7825
100.1133
100.8408
103.9308
105.8647
105.778
104.4648
99.95745
99.19562
102.6682
105.0024
102.9359
102.7055
104.6929
104.706
101.599
103.1802
102.8512
102.6597
103.5731
106.0336
104.1178
103.3543
104.1534
103.8054
103.5461
104.8307
104.5955
102.2111
103.1809
104.0689
104.9369
104.2926
104.5449
105.0981
106.0834
104.1837
103.0349
103.2089
101.7124
103.0984
104.2226
103.1386
102.0126
102.4947
102.3363
102.0172
103.0533
102.7712
104.1949
102.784
102.895
103.7409
103.0785
104.3103
103.5949
104.8565
105.2238
104.3701
103.1482
103.7757
104.17
102.9215
103.2813
103.5153
104.9434
106.5632
104.503
103.8608
103.9078
101.6749
103.0885
105.3369
106.2958
105.4314
104.5063
105.5834
106.0425
106.5504
105.709
103.9833
101.154
101.8281
104.6727
105.047
102.0474
101.3706
102.7761
103.3791
104.7187
104.4118
102.524
104.5087
105.5501
104.5276
103.9182
103.7973
104.5536
105.5966
105.6727
101.8221
102.3418
105.7044
105.9796
104.1555
101.7901
100.3106
101.7302
102.866
105.9027
104.8578
103.8312
102.0556
101.4496
104.3734
105.5997
105.2841
105.0042
105.8302
104.0029
103.2285
105.1731
106.1439
104.8881
106.0568
106.7767
101.9672
100.8488
103.5067
105.1686
104.0413
99.72069
103.1994
105.3781
105.4499
104.335
103.4955
100.7461
100.6407
103.4622
104.9019
103.0788
102.0812
102.04
102.147
101.6718
102.5525
104.8302
106.5389
105.1757
102.8255
102.6692
105.3664
106.1128
108.3163
106.9646
103.5331
103.5892
105.088
104.4355
104.9653
104.8928
103.1629
100.1746
102.6529
103.5914
103.7665
103.4385
102.9815
98.99908
99.05663
100.5597
103.2422
104.2754
104.1902
104.0343
104.1245
103.5705
103.2491
102.6303
103.1656
103.1423
102.3832
103.5696
104.9925
106.5198
107.7182
107.0224
105.7875
105.2921
105.1312
104.8263
105.0961
106.9216
105.6578
105.8775
104.1621
104.4859
105.5244
105.2371
103.9241
102.5184
103.7884
105.0105
105.3783
105.2621
105.0315
105.1689
103.4211
104.7695
105.2321
104.4342
104.0455
105.7972
104.5834
104.3142
103.0978
102.3575
104.0627
103.1342
103.9744
103.9175
99.60676
96.92941
99.7567
103.9038
106.8424
104.7225
100.7124
100.7014
102.5941
106.3372
105.5424
103.2515
102.3541
103.9499
105.7941
104.5039
102.0308
101.8994
105.5518
106.471
103.8951
100.0669
99.29443
101.6742
104.6229
104.5539
102.1423
102.7968
103.4078
105.4648
103.5843
103.197
103.9522
107.5361
105.9544
